timestamp,value
1558128780,20037632
1558128781,20856832
1558128782,13729792
1558128783,19054592
1558128784,21045248
1558128785,14573568
1558128786,17883136
1558128787,12967936
1558128788,17522688
1558128789,24944640
1558128790,18595840
1558128791,19791872
1558128792,12345344
1558128793,19537920
1558128794,20938752
1558128795,11304960
1558128796,14991360
1558128797,19267584
1558128798,12943360
1558128799,19021824
1558128800,11640832
1558128801,19718144
1558128802,11886592
1558128803,19619840
1558128804,17186816
1558128805,20062208
1558128806,20848640
1558128807,14385152
1558128808,18432000
1558128809,12296192
1558128810,18718720
1558128811,11132928
1558128812,19415040
1558128813,21544960
1558128814,13918208
1558128815,19496960
1558128816,12017664
1558128817,19668992
1558128818,21708800
1558128819,13303808
1558128820,20062208
1558128821,20848640
1558128822,14172160
1558128823,18644992
1558128824,11124736
1558128825,23044096
1558128826,21364736
1558128827,11902976
1558128828,18808832
1558128829,13049856
1558128830,13484032
1558128831,19341312
1558128832,21635072
1558128833,14761984
1558128834,18833408
1558128835,11026432
1558128836,18907136
1558128837,22421504
1558128838,15269888
1558128839,19324928
1558128840,12992512
1558128841,18751488
1558128842,12124160
1558128843,19726336
1558128844,20865024
1558128845,14065664
1558128846,18898944
1558128847,11427840
1558128848,19218432
1558128849,11517952
1558128850,15327232
1558128851,12402688
1558128852,13877248
1558128853,18464768
1558128854,10567680
1558128855,18685952
1558128856,21553152
1558128857,12894208
1558128858,19816448
1558128859,20013056
1558128860,13410304
1558128861,18014208
1558128862,11583488
1558128863,18145280
1558128864,16310272
1558128865,19537920
1558128866,19709952
1558128867,18595840
1558128868,20766720
1558128869,21012480
1558128870,14016512
1558128871,18464768
1558128872,11091968
1558128873,18989056
1558128874,11927552
1558128875,13918208
1558128876,18530304
1558128877,11837440
1558128878,15646720
1558128879,22175744
1558128880,14983168
1558128881,18595840
1558128882,12517376
1558128883,16269312
1558128884,11264000
1558128885,18866176
1558128886,21446656
1558128887,12935168
1558128888,20520960
1558128889,21479424
1558128890,12926976
1558128891,19447808
1558128892,20594688
1558128893,13492224
1558128894,17817600
1558128895,10280960
1558128896,18300928
1558128897,22831104
1558128898,15532032
1558128899,19046400
1558128900,11902976
1558128901,20054016
1558128902,11845632
1558128903,18300928
1558128904,21389312
1558128905,12673024
1558128906,20447232
1558128907,21225472
1558128908,13467648
1558128909,19087360
1558128910,11698176
1558128911,18350080
1558128912,21438464
1558128913,12271616
1558128914,18726912
1558128915,20357120
1558128916,11509760
1558128917,19480576
1558128918,21667840
1558128919,13262848
1558128920,19718144
1558128921,21856256
1558128922,14942208
1558128923,8626176
1558128924,20226048
1558128925,11993088
1558128926,20037632
1558128927,21422080
1558128928,13279232
1558128929,19546112
1558128930,20897792
1558128931,14368768
1558128932,18554880
1558128933,11853824
1558128934,18718720
1558128935,21192704
1558128936,14401536
1558128937,18317312
1558128938,12025856
1558128939,18636800
1558128940,22962176
1558128941,15687680
1558128942,19570688
1558128943,11886592
1558128944,18923520
1558128945,21143552
1558128946,14811136
1558128947,18612224
1558128948,11862016
1558128949,18751488
1558128950,11649024
1558128951,19251200
1558128952,21643264
1558128953,25559040
1558128954,18227200
1558128955,21397504
1558128956,12238848
1558128957,22798336
1558128958,21061632
1558128959,13123584
1558128960,19865600
1558128961,21102592
1558128962,14254080
1558128963,7168000
1558128964,10829824
1558128965,17940480
1558128966,22413312
1558128967,15343616
1558128968,19390464
1558128969,11771904
1558128970,19791872
1558128971,21323776
1558128972,15007744
1558128973,18440192
1558128974,10543104
1558128975,18472960
1558128976,10960896
1558128977,18702336
1558128978,21012480
1558128979,13303808
1558128980,19202048
1558128981,11067392
1558128982,15425536
1558128983,4399104
1558128984,4628480
1558128985,17817600
1558128986,21241856
1558128987,21012480
1558128988,14884864
1558128989,17973248
1558128990,10969088
1558128991,19300352
1558128992,12558336
1558128993,17522688
1558128994,22388736
1558128995,13574144
1558128996,18726912
1558128997,11091968
1558128998,18350080
1558128999,10838016
1558129000,19406848
1558129001,5447680
1558129002,12345344
1558129003,18243584
1558129004,11829248
1558129005,18423808
1558129006,21184512
1558129007,14180352
1558129008,18989056
1558129009,21872640
1558129010,15548416
1558129011,5808128
1558129012,12034048
1558129013,13877248
1558129014,25485312
1558129015,18300928
1558129016,20430848
1558129017,12009472
1558129018,19136512
1558129019,20111360
1558129020,13803520
1558129021,17842176
1558129022,10625024
1558129023,18677760
1558129024,22929408
1558129025,15007744
1558129026,19488768
1558129027,11100160
1558129028,17211392
1558129029,21577728
1558129030,15294464
1558129031,17973248
1558129032,12443648
1558129033,18243584
1558129034,10477568
1558129035,18325504
1558129036,25346048
1558129037,18907136
1558129038,20512768
1558129039,21143552
1558129040,14295040
1558129041,18055168
1558129042,11747328
1558129043,14917632
1558129044,20250624
1558129045,21192704
1558129046,12787712
1558129047,19234816
1558129048,13205504
1558129049,13778944
1558129050,18751488
1558129051,22331392
1558129052,15466496
1558129053,18735104
1558129054,12681216
1558129055,18423808
1558129056,11386880
1558129057,19750912
1558129058,13230080
1558129059,18685952
1558129060,21291008
1558129061,12607488
1558129062,19742720
1558129063,24666112
1558129064,17653760
1558129065,20971520
1558129066,12402688
1558129067,20185088
1558129068,21577728
1558129069,13795328
1558129070,19750912
1558129071,21225472
1558129072,12861440
1558129073,19374080
1558129074,25083904
1558129075,18022400
1558129076,21061632
1558129077,21585920
1558129078,15351808
1558129079,5627904
1558129080,12746752
1558129081,8642560
1558129082,12894208
1558129083,20480000
1558129084,21676032
1558129085,13385728
1558129086,19423232
1558129087,21594112
1558129088,14778368
1558129089,18849792
1558129090,12566528
1558129091,5488640
1558129092,11108352
1558129093,19333120
1558129094,21045248
1558129095,14450688
1558129096,18243584
1558129097,10059776
1558129098,18497536
1558129099,24887296
1558129100,18219008
1558129101,19816448
1558129102,12869632
1558129103,18300928
1558129104,18997248
1558129105,20037632
1558129106,13402112
1558129107,17842176
1558129108,10625024
1558129109,18776064
1558129110,20463616
1558129111,13254656
1558129112,18014208
1558129113,11386880
1558129114,18571264
1558129115,25567232
1558129116,19128320
1558129117,18931712
1558129118,25436160
1558129119,18784256
1558129120,20553728
1558129121,21168128
1558129122,15073280
1558129123,18743296
1558129124,11706368
1558129125,18718720
1558129126,21708800
1558129127,14417920
1558129128,18898944
1558129129,12328960
1558129130,18726912
1558129131,21471232
1558129132,14352384
1558129133,18440192
1558129134,11722752
1558129135,18448384
1558129136,11141120
1558129137,17776640
1558129138,20996096
1558129139,12664832
1558129140,19709952
1558129141,21405696
1558129142,11526144
1558129143,14901248
1558129144,19087360
1558129145,11976704
1558129146,20234240
1558129147,12345344
1558129148,18587648
1558129149,21741568
1558129150,14573568
1558129151,6217728
1558129152,12787712
1558129153,14860288
1558129154,11321344
1558129155,18464768
1558129156,21479424
1558129157,12263424
1558129158,18694144
1558129159,21069824
1558129160,13115392
1558129161,19275776
1558129162,21864448
1558129163,14286848
1558129164,17195008
1558129165,20545536
1558129166,21938176
1558129167,15482880
1558129168,6340608
1558129169,11902976
1558129170,19431424
1558129171,12058624
1558129172,20463616
1558129173,20897792
1558129174,13148160
1558129175,19169280
1558129176,21716992
1558129177,14647296
1558129178,18407424
1558129179,11214848
1558129180,18767872
1558129181,11509760
1558129182,18759680
1558129183,20299776
1558129184,12378112
1558129185,19644416
1558129186,20045824
1558129187,13131776
1558129188,17842176
1558129189,10928128
1558129190,18817024
1558129191,20078592
1558129192,12591104
1558129193,19251200
1558129194,20447232
1558129195,11517952
1558129196,19152896
1558129197,21544960
1558129198,13697024
1558129199,19177472
1558129200,21921792
1558129201,14901248
1558129202,7249920
1558129203,11960320
1558129204,19152896
1558129205,21381120
1558129206,14811136
1558129207,18751488
1558129208,12525568
1558129209,19128320
1558129210,21258240
1558129211,13713408
1558129212,18522112
1558129213,11264000
1558129214,20111360
1558129215,18194432
1558129216,13164544
1558129217,20070400
1558129218,20709376
1558129219,13893632
1558129220,19243008
1558129221,25165824
1558129222,18595840
1558129223,21020672
1558129224,20774912
1558129225,20717568
1558129226,13516800
1558129227,18948096
1558129228,11272192
1558129229,14966784
1558129230,18644992
1558129231,12058624
1558129232,18948096
1558129233,25509888
1558129234,19087360
1558129235,21151744
1558129236,12443648
1558129237,18956288
1558129238,21479424
1558129239,13131776
1558129240,20602880
1558129241,21118976
1558129242,12902400
1558129243,19554304
1558129244,21766144
1558129245,12754944
1558129246,19636224
1558129247,20635648
1558129248,12992512
1558129249,19636224
1558129250,12001280
1558129251,18604032
1558129252,21782528
1558129253,12820480
1558129254,19865600
1558129255,21725184
1558129256,13271040
1558129257,19251200
1558129258,21569536
1558129259,21757952
1558129260,15876096
1558129261,19316736
1558129262,13230080
1558129263,18849792
1558129264,12197888
1558129265,19398656
1558129266,12156928
1558129267,18096128
1558129268,12361728
1558129269,13631488
1558129270,18767872
1558129271,21495808
1558129272,15114240
1558129273,17866752
1558129274,12165120
1558129275,19873792
1558129276,22626304
1558129277,15794176
1558129278,19070976
1558129279,12566528
1558129280,18784256
1558129281,11689984
1558129282,19865600
1558129283,25313280
1558129284,21725184
1558129285,13049856
1558129286,20201472
1558129287,17997824
1558129288,12894208
1558129289,16424960
1558129290,20791296
1558129291,13017088
1558129292,18046976
1558129293,11100160
1558129294,18186240
1558129295,22618112
1558129296,15392768
1558129297,19095552
1558129298,12435456
1558129299,17981440
1558129300,11198464
1558129301,18571264
1558129302,11558912
1558129303,19480576
1558129304,20611072
1558129305,11247616
1558129306,19234816
1558129307,20144128
1558129308,13303808
1558129309,6725632
1558129310,11870208
1558129311,18563072
1558129312,11927552
1558129313,19300352
1558129314,20979712
1558129315,13991936
1558129316,18882560
1558129317,25026560
1558129318,17342464
1558129319,20357120
1558129320,12058624
1558129321,15687680
1558129322,18784256
1558129323,11624448
1558129324,19718144
1558129325,11706368
1558129326,15286272
1558129327,18587648
1558129328,12541952
1558129329,17866752
1558129330,11722752
1558129331,19619840
1558129332,11747328
1558129333,15269888
1558129334,18677760
1558129335,11419648
1558129336,19677184
1558129337,12500992
1558129338,20176896
1558129339,15908864
1558129340,13647872
1558129341,19447808
1558129342,11739136
1558129343,13557760
1558129344,16498688
1558129345,19980288
1558129346,20496384
1558129347,13926400
1558129348,18128896
1558129349,10559488
1558129350,19243008
1558129351,20848640
1558129352,13336576
1558129353,17891328
1558129354,10371072
1558129355,18554880
1558129356,21184512
1558129357,25190400
1558129358,18767872
1558129359,21487616
1558129360,21397504
1558129361,15376384
1558129362,19652608
1558129363,15450112
1558129364,20717568
1558129365,12443648
1558129366,18964480
1558129367,21233664
1558129368,13688832
1558129369,18948096
1558129370,21061632
1558129371,14319616
1558129372,19062784
1558129373,11722752
1558129374,18579456
1558129375,21168128
1558129376,14548992
1558129377,18907136
1558129378,11919360
1558129379,18718720
1558129380,21602304
1558129381,12591104
1558129382,19316736
1558129383,21479424
1558129384,13312000
1558129385,19390464
1558129386,21528576
1558129387,14663680
1558129388,19316736
1558129389,11763712
1558129390,20553728
1558129391,19513344
1558129392,13172736
1558129393,20250624
1558129394,21045248
1558129395,13598720
1558129396,19128320
1558129397,22175744
1558129398,15294464
1558129399,18374656
1558129400,12255232
1558129401,19283968
1558129402,12918784
1558129403,19816448
1558129404,18268160
1558129405,20291584
1558129406,11796480
1558129407,18235392
1558129408,21176320
1558129409,11493376
1558129410,18956288
1558129411,20144128
1558129412,12754944
1558129413,20766720
1558129414,21463040
1558129415,13352960
1558129416,20627456
1558129417,21307392
1558129418,13172736
1558129419,19824640
1558129420,21684224
1558129421,14385152
1558129422,20070400
1558129423,11182080
1558129424,18587648
1558129425,20914176
1558129426,13230080
1558129427,19185664
1558129428,22585344
1558129429,14917632
1558129430,19456000
1558129431,11862016
1558129432,20070400
1558129433,25518080
1558129434,17481728
1558129435,20742144
1558129436,11689984
1558129437,14524416
1558129438,18636800
1558129439,11182080
1558129440,17252352
1558129441,10788864
1558129442,19079168
1558129443,11575296
1558129444,21692416
1558129445,20709376
1558129446,12468224
1558129447,19070976
1558129448,21340160
1558129449,14393344
1558129450,19095552
1558129451,11649024
1558129452,19980288
1558129453,20422656
1558129454,13910016
1558129455,17948672
1558129456,20987904
1558129457,14041088
1558129458,17883136
1558129459,11567104
1558129460,18366464
1558129461,11157504
1558129462,18210816
1558129463,22650880
1558129464,25460736
1558129465,18874368
1558129466,19570688
1558129467,20381696
1558129468,14098432
1558129469,18087936
1558129470,11370496
1558129471,12754944
1558129472,11640832
1558129473,18939904
1558129474,21184512
1558129475,13180928
1558129476,19062784
1558129477,20709376
1558129478,14204928
1558129479,18497536
1558129480,11157504
1558129481,16236544
1558129482,14155776
1558129483,15114240
1558129484,18292736
1558129485,11493376
1558129486,18538496
1558129487,11665408
1558129488,18702336
1558129489,25403392
1558129490,18186240
1558129491,20865024
1558129492,21340160
1558129493,14254080
1558129494,19005440
1558129495,11829248
1558129496,19243008
1558129497,21544960
1558129498,14901248
1558129499,6488064
1558129500,12279808
1558129501,18284544
1558129502,11640832
1558129503,18620416
1558129504,20832256
1558129505,12075008
1558129506,18849792
1558129507,15138816
1558129508,11984896
1558129509,19005440
1558129510,21266432
1558129511,13041664
1558129512,19406848
1558129513,21176320
1558129514,14843904
1558129515,6430720
1558129516,12574720
1558129517,20537344
1558129518,21004288
1558129519,13410304
1558129520,19464192
1558129521,11288576
1558129522,15482880
1558129523,18219008
1558129524,20914176
1558129525,14237696
1558129526,18448384
1558129527,11018240
1558129528,20537344
1558129529,20209664
1558129530,13500416
1558129531,18178048
1558129532,11321344
1558129533,17399808
1558129534,22650880
1558129535,15376384
1558129536,18948096
1558129537,11640832
1558129538,19316736
1558129539,11649024
1558129540,18366464
1558129541,21045248
1558129542,12066816
1558129543,15310848
1558129544,19193856
1558129545,12156928
1558129546,7282688
1558129547,12959744
1558129548,18767872
1558129549,22945792
1558129550,15843328
1558129551,19210240
1558129552,12632064
1558129553,8372224
1558129554,12648448
1558129555,18194432
1558129556,10543104
1558129557,15482880
1558129558,18751488
1558129559,12460032
1558129560,19562496
1558129561,12345344
1558129562,18907136
1558129563,15835136
1558129564,14622720
1558129565,5873664
1558129566,11689984
1558129567,18325504
1558129568,11616256
1558129569,19324928
1558129570,20021248
1558129571,12828672
1558129572,18620416
1558129573,21348352
1558129574,14647296
1558129575,6348800
1558129576,10690560
1558129577,23764992
1558129578,21487616
1558129579,13508608
1558129580,18989056
1558129581,10829824
1558129582,14934016
1558129583,5513216
1558129584,20471808
1558129585,13860864
1558129586,18391040
1558129587,11395072
1558129588,18587648
1558129589,12500992
1558129590,14688256
1558129591,17915904
1558129592,10592256
1558129593,19111936
1558129594,20914176
1558129595,13426688
1558129596,19038208
1558129597,21913600
1558129598,15261696
1558129599,18022400
1558129600,12615680
1558129601,6176768
1558129602,10362880
1558129603,20054016
1558129604,21200896
1558129605,21987328
1558129606,16203776
1558129607,19349504
1558129608,12394496
1558129609,20529152
1558129610,13148160
1558129611,18161664
1558129612,22585344
1558129613,15048704
1558129614,18415616
1558129615,11862016
1558129616,19275776
1558129617,12410880
1558129618,17760256
1558129619,20496384
1558129620,14188544
1558129621,17940480
1558129622,11264000
1558129623,17383424
1558129624,22315008
1558129625,19169280
1558129626,7872512
1558129627,12083200
1558129628,18939904
1558129629,21356544
1558129630,14352384
1558129631,17227776
1558129632,10649600
1558129633,17760256
1558129634,10166272
1558129635,18104320
1558129636,20807680
1558129637,11476992
1558129638,19333120
1558129639,20037632
1558129640,12705792
1558129641,3448832
1558129642,10838016
1558129643,17817600
1558129644,20267008
1558129645,11534336
1558129646,18104320
1558129647,10403840
1558129648,19480576
1558129649,20987904
1558129650,13066240
1558129651,18391040
1558129652,10739712
1558129653,14131200
1558129654,18128896
1558129655,11862016
1558129656,18530304
1558129657,11632640
1558129658,19234816
1558129659,20168704
1558129660,14008320
1558129661,19357696
1558129662,12115968
1558129663,14098432
1558129664,19046400
1558129665,12623872
1558129666,17457152
1558129667,10985472
1558129668,18817024
1558129669,12156928
1558129670,14532608
1558129671,18825216
1558129672,10756096
1558129673,19103744
1558129674,21635072
1558129675,12771328
1558129676,20480000
1558129677,13459456
1558129678,12722176
1558129679,18382848
1558129680,11067392
1558129681,18792448
1558129682,21274624
1558129683,12296192
1558129684,19111936
1558129685,21659648
1558129686,13533184
1558129687,19472384
1558129688,21282816
1558129689,13926400
1558129690,18259968
1558129691,11878400
1558129692,17940480
1558129693,10887168
1558129694,14786560
1558129695,18694144
1558129696,12091392
1558129697,17727488
1558129698,11378688
1558129699,17645568
1558129700,20922368
1558129701,13320192
1558129702,18866176
1558129703,10960896
1558129704,9281536
1558129705,18849792
1558129706,21266432
1558129707,13033472
1558129708,19759104
1558129709,25157632
1558129710,17260544
1558129711,20938752
1558129712,20742144
1558129713,14458880
1558129714,18890752
1558129715,12181504
1558129716,19070976
1558129717,11378688
1558129718,19341312
1558129719,20488192
1558129720,13074432
1558129721,18432000
1558129722,20488192
1558129723,12926976
1558129724,4481024
1558129725,11206656
1558129726,18382848
1558129727,10829824
1558129728,20480000
1558129729,13615104
1558129730,13590528
1558129731,18276352
1558129732,10625024
1558129733,19718144
1558129734,18251776
1558129735,12337152
1558129736,19087360
1558129737,20348928
1558129738,21766144
1558129739,15482880
1558129740,19800064
1558129741,12804096
1558129742,20152320
1558129743,12722176
1558129744,19423232
1558129745,22142976
1558129746,14934016
1558129747,18391040
1558129748,11911168
1558129749,19841024
1558129750,12509184
1558129751,18939904
1558129752,21422080
1558129753,10854400
1558129754,18923520
1558129755,20594688
1558129756,12550144
1558129757,18841600
1558129758,21897216
1558129759,13926400
1558129760,19079168
1558129761,12337152
1558129762,19087360
1558129763,10878976
1558129764,7438336
1558129765,19922944
1558129766,21889024
1558129767,13377536
1558129768,20135936
1558129769,14860288
1558129770,12951552
1558129771,18808832
1558129772,20807680
1558129773,13729792
1558129774,17948672
1558129775,11001856
1558129776,18595840
1558129777,11919360
1558129778,18964480
1558129779,12967936
1558129780,18022400
1558129781,21299200
1558129782,14475264
1558129783,18776064
1558129784,11927552
1558129785,16728064
1558129786,22585344
1558129787,14499840
1558129788,20094976
1558129789,12484608
1558129790,18857984
1558129791,9560064
1558129792,14401536
1558129793,18243584
1558129794,12255232
1558129795,17899520
1558129796,11706368
1558129797,19218432
1558129798,12484608
1558129799,19947520
1558129800,20389888
1558129801,13590528
1558129802,18423808
1558129803,19791872
1558129804,12967936
1558129805,17383424
1558129806,11075584
1558129807,19759104
1558129808,21127168
1558129809,12156928
1558129810,19333120
1558129811,20029440
1558129812,13590528
1558129813,16531456
1558129814,21184512
1558129815,13606912
1558129816,18825216
1558129817,12206080
1558129818,18432000
1558129819,22405120
1558129820,15745024
1558129821,19308544
1558129822,13295616
1558129823,18661376
1558129824,18497536
1558129825,10665984
1558129826,14991360
1558129827,5267456
1558129828,12591104
1558129829,13647872
1558129830,22724608
1558129831,15613952
1558129832,6717440
1558129833,11747328
1558129834,20160512
1558129835,12247040
1558129836,19824640
1558129837,21225472
1558129838,13688832
1558129839,19423232
1558129840,9961472
1558129841,14196736
1558129842,18128896
1558129843,11411456
1558129844,19365888
1558129845,12541952
1558129846,19095552
1558129847,20889600
1558129848,12492800
1558129849,20283392
1558129850,21454848
1558129851,11960320
1558129852,18751488
1558129853,21495808
1558129854,13688832
1558129855,16572416
1558129856,22167552
1558129857,14868480
1558129858,19103744
1558129859,12156928
1558129860,19103744
1558129861,11018240
1558129862,19398656
1558129863,19718144
1558129864,13189120
1558129865,18186240
1558129866,10731520
1558129867,19218432
1558129868,21151744
1558129869,21454848
1558129870,15310848
1558129871,18366464
1558129872,12427264
1558129873,19472384
1558129874,12722176
1558129875,20586496
1558129876,21184512
1558129877,12607488
1558129878,20406272
1558129879,20709376
1558129880,14221312
1558129881,10035200
1558129882,12140544
1558129883,19144704
1558129884,16736256
1558129885,20144128
1558129886,21864448
1558129887,15441920
1558129888,18333696
1558129889,11419648
1558129890,20037632
1558129891,12451840
1558129892,19005440
1558129893,21209088
1558129894,11362304
1558129895,14344192
1558129896,18227200
1558129897,11640832
1558129898,19202048
1558129899,22405120
1558129900,15155200
1558129901,19095552
1558129902,13074432
1558129903,7643136
1558129904,11173888
1558129905,18948096
1558129906,12075008
1558129907,18817024
1558129908,20791296
1558129909,11960320
1558129910,17719296
1558129911,20660224
1558129912,12288000
1558129913,20373504
1558129914,21184512
1558129915,12730368
1558129916,20357120
1558129917,20889600
1558129918,13885440
1558129919,18882560
1558129920,11198464
1558129921,18694144
1558129922,21266432
1558129923,25223168
1558129924,18300928
1558129925,20930560
1558129926,11444224
1558129927,18432000
1558129928,21512192
1558129929,13418496
1558129930,20045824
1558129931,20873216
1558129932,12992512
1558129933,19120128
1558129934,11165696
1558129935,18259968
1558129936,19955712
1558129937,12615680
1558129938,18538496
1558129939,11034624
1558129940,19365888
1558129941,20512768
1558129942,13320192
1558129943,18415616
1558129944,19062784
1558129945,20045824
1558129946,13688832
1558129947,18964480
1558129948,21733376
1558129949,14966784
1558129950,19415040
1558129951,12697600
1558129952,18325504
1558129953,10526720
1558129954,20234240
1558129955,11608064
1558129956,15179776
1558129957,18759680
1558129958,12705792
1558129959,18096128
1558129960,11755520
1558129961,6029312
1558129962,12607488
1558129963,18866176
1558129964,20340736
1558129965,24969216
1558129966,18882560
1558129967,21233664
1558129968,12419072
1558129969,19079168
1558129970,20226048
1558129971,13451264
1558129972,12484608
1558129973,25247744
1558129974,18489344
1558129975,20176896
1558129976,20832256
1558129977,14213120
1558129978,18808832
1558129979,11149312
1558129980,20062208
1558129981,21389312
1558129982,13246464
1558129983,19349504
1558129984,21495808
1558129985,13115392
1558129986,19628032
1558129987,14680064
1558129988,13975552
1558129989,19570688
1558129990,21438464
1558129991,12574720
1558129992,18432000
1558129993,12050432
1558129994,18194432
1558129995,10969088
1558129996,18817024
1558129997,20766720
1558129998,13737984
1558129999,18833408
1558130000,21880832
1558130001,15106048
1558130002,18923520
1558130003,11444224
1558130004,13344768
1558130005,19439616
1558130006,20799488
1558130007,13492224
1558130008,12099584
1558130009,11075584
1558130010,18448384
1558130011,20570112
1558130012,12820480
1558130013,18554880
1558130014,10944512
1558130015,13852672
1558130016,18079744
1558130017,11640832
1558130018,17956864
1558130019,10723328
1558130020,20504576
1558130021,20545536
1558130022,13336576
1558130023,19480576
1558130024,20209664
1558130025,12926976
1558130026,17784832
1558130027,10846208
1558130028,19259392
1558130029,20955136
1558130030,13336576
1558130031,18743296
1558130032,22102016
1558130033,15441920
1558130034,6348800
1558130035,11771904
1558130036,18079744
1558130037,11157504
1558130038,20316160
1558130039,20414464
1558130040,13287424
1558130041,18792448
1558130042,11747328
1558130043,18440192
1558130044,20758528
1558130045,12156928
1558130046,19218432
1558130047,19832832
1558130048,13967360
1558130049,18227200
1558130050,11411456
1558130051,19750912
1558130052,20520960
1558130053,13631488
1558130054,18530304
1558130055,10723328
1558130056,14540800
1558130057,17973248
1558130058,11976704
1558130059,17932288
1558130060,11780096
1558130061,17088512
1558130062,22749184
1558130063,14843904
1558130064,15663104
1558130065,20144128
1558130066,12419072
1558130067,20668416
1558130068,13598720
1558130069,13639680
1558130070,17973248
1558130071,10797056
1558130072,19898368
1558130073,14802944
1558130074,12771328
1558130075,18145280
1558130076,21233664
1558130077,14114816
1558130078,18325504
1558130079,11599872
1558130080,18415616
1558130081,11337728
1558130082,19365888
1558130083,12787712
1558130084,12713984
1558130085,18571264
1558130086,21209088
1558130087,14622720
1558130088,18022400
1558130089,11231232
1558130090,18661376
1558130091,22675456
1558130092,15548416
1558130093,18194432
1558130094,11739136
1558130095,17694720
1558130096,10772480
1558130097,17883136
1558130098,23396352
1558130099,15663104
1558130100,18825216
1558130101,11919360
1558130102,10952704
1558130103,22052864
1558130104,15441920
1558130105,6144000
1558130106,12361728
1558130107,18194432
1558130108,11337728
1558130109,18522112
1558130110,11673600
1558130111,19955712
1558130112,21004288
1558130113,13279232
1558130114,18890752
1558130115,10485760
1558130116,14606336
1558130117,17645568
1558130118,10305536
1558130119,18178048
1558130120,11919360
1558130121,20135936
1558130122,20381696
1558130123,13402112
1558130124,15753216
1558130125,18776064
1558130126,20561920
1558130127,14073856
1558130128,18071552
1558130129,10526720
1558130130,18685952
1558130131,22003712
1558130132,15179776
1558130133,19185664
1558130134,11624448
1558130135,19636224
1558130136,12001280
1558130137,20209664
1558130138,20668416
1558130139,13549568
1558130140,18259968
1558130141,9641984
1558130142,15204352
1558130143,18186240
1558130144,12779520
1558130145,5963776
1558130146,11665408
1558130147,18857984
1558130148,12345344
1558130149,20004864
1558130150,20267008
1558130151,13344768
1558130152,18530304
1558130153,21782528
1558130154,15228928
1558130155,17956864
1558130156,11952128
1558130157,17842176
1558130158,11837440
1558130159,19488768
1558130160,20545536
1558130161,13254656
1558130162,4546560
1558130163,10125312
1558130164,18817024
1558130165,22380544
1558130166,15097856
1558130167,5046272
1558130168,11853824
1558130169,18006016
1558130170,11329536
1558130171,19038208
1558130172,24870912
1558130173,17375232
1558130174,20561920
1558130175,14057472
1558130176,13451264
1558130177,18964480
1558130178,11526144
1558130179,17858560
1558130180,20226048
1558130181,13139968
1558130182,18726912
1558130183,10813440
1558130184,21635072
1558130185,13852672
1558130186,19742720
1558130187,12271616
1558130188,19070976
1558130189,20389888
1558130190,13008896
1558130191,9773056
1558130192,10092544
1558130193,18972672
1558130194,20914176
1558130195,12935168
1558130196,16900096
1558130197,18833408
1558130198,11558912
1558130199,17948672
1558130200,21864448
1558130201,14393344
1558130202,18374656
1558130203,11722752
1558130204,19005440
1558130205,11935744
1558130206,17432576
1558130207,20865024
1558130208,13180928
1558130209,18751488
1558130210,22028288
1558130211,15220736
1558130212,18849792
1558130213,12615680
1558130214,19873792
1558130215,12312576
1558130216,19931136
1558130217,13680640
1558130218,12263424
1558130219,18685952
1558130220,21364736
1558130221,13238272
1558130222,19587072
1558130223,20119552
1558130224,13287424
1558130225,18825216
1558130226,21291008
1558130227,14761984
1558130228,18849792
1558130229,11370496
1558130230,18546688
1558130231,10600448
1558130232,15376384
1558130233,5021696
1558130234,11608064
1558130235,19881984
1558130236,11657216
1558130237,18767872
1558130238,21241856
1558130239,11288576
1558130240,15826944
1558130241,5914624
1558130242,12836864
1558130243,18636800
1558130244,18890752
1558130245,13328384
1558130246,19906560
1558130247,13500416
1558130248,18874368
1558130249,11804672
1558130250,21315584
1558130251,21495808
1558130252,12845056
1558130253,18587648
1558130254,21340160
1558130255,11730944
1558130256,18907136
1558130257,20594688
1558130258,13549568
1558130259,18644992
1558130260,10985472
1558130261,19365888
1558130262,20881408
1558130263,13500416
1558130264,18202624
1558130265,11067392
1558130266,17948672
1558130267,19800064
1558130268,11575296
1558130269,18776064
1558130270,21266432
1558130271,13049856
1558130272,19587072
1558130273,22052864
1558130274,15351808
1558130275,4726784
1558130276,13082624
1558130277,19316736
1558130278,12599296
1558130279,18112512
1558130280,23150592
1558130281,15859712
1558130282,19513344
1558130283,11993088
1558130284,19513344
1558130285,21299200
1558130286,15130624
1558130287,17670144
1558130288,10813440
1558130289,18784256
1558130290,22151168
1558130291,15163392
1558130292,18882560
1558130293,11026432
1558130294,19955712
1558130295,11870208
1558130296,19267584
1558130297,12337152
1558130298,13852672
1558130299,18817024
1558130300,10903552
1558130301,18743296
1558130302,10878976
1558130303,12632064
1558130304,13180928
1558130305,17973248
1558130306,20733952
1558130307,12328960
1558130308,18432000
1558130309,10100736
1558130310,18341888
1558130311,21135360
1558130312,13443072
1558130313,19202048
1558130314,24272896
1558130315,17014784
1558130316,20905984
1558130317,12337152
1558130318,15081472
1558130319,18538496
1558130320,11706368
1558130321,19726336
1558130322,12361728
1558130323,19439616
1558130324,21331968
1558130325,12197888
1558130326,18997248
1558130327,20684800
1558130328,12877824
1558130329,19185664
1558130330,21651456
1558130331,14516224
1558130332,18112512
1558130333,11935744
1558130334,19202048
1558130335,12566528
1558130336,17514496
1558130337,20299776
1558130338,13459456
1558130339,17940480
1558130340,25190400
1558130341,17661952
1558130342,19259392
1558130343,11517952
1558130344,14729216
1558130345,5300224
1558130346,12345344
1558130347,18481152
1558130348,12165120
1558130349,11362304
1558130350,12009472
1558130351,20324352
1558130352,20193280
1558130353,11264000
1558130354,14925824
1558130355,18857984
1558130356,13164544
1558130357,16457728
1558130358,12746752
1558130359,18735104
1558130360,11665408
1558130361,18784256
1558130362,20684800
1558130363,11288576
1558130364,13877248
1558130365,20365312
1558130366,21217280
1558130367,13279232
1558130368,19275776
1558130369,21438464
1558130370,14508032
1558130371,18530304
1558130372,13099008
1558130373,17408000
1558130374,11476992
1558130375,19021824
1558130376,12500992
1558130377,4669440
1558130378,11460608
1558130379,17162240
1558130380,21463040
1558130381,13844480
1558130382,18456576
1558130383,11165696
1558130384,20742144
1558130385,20463616
1558130386,13041664
1558130387,17448960
1558130388,10772480
1558130389,17858560
1558130390,20873216
1558130391,13901824
1558130392,17481728
1558130393,11468800
1558130394,17809408
1558130395,9355264
1558130396,19259392
1558130397,21012480
1558130398,13033472
1558130399,19308544
1558130400,11034624
1558130401,14254080
1558130402,17678336
1558130403,10878976
1558130404,18284544
1558130405,25632768
1558130406,18546688
1558130407,15810560
1558130408,12419072
1558130409,19398656
1558130410,19570688
1558130411,12697600
1558130412,18382848
1558130413,11730944
1558130414,19005440
1558130415,20709376
1558130416,11403264
1558130417,18956288
1558130418,22364160
1558130419,15917056
1558130420,19439616
1558130421,12574720
1558130422,20578304
1558130423,12525568
1558130424,14065664
1558130425,19554304
1558130426,21504000
1558130427,12697600
1558130428,20340736
1558130429,21020672
1558130430,13500416
1558130431,18980864
1558130432,22102016
1558130433,15204352
1558130434,19595264
1558130435,13492224
1558130436,18866176
1558130437,9347072
1558130438,19996672
1558130439,21561344
1558130440,15048704
1558130441,18669568
1558130442,12550144
1558130443,17858560
1558130444,11706368
1558130445,15990784
1558130446,12574720
1558130447,19333120
1558130448,19709952
1558130449,20873216
1558130450,14278656
1558130451,18391040
1558130452,11796480
1558130453,18890752
1558130454,25485312
1558130455,18882560
1558130456,21364736
1558130457,12173312
1558130458,18481152
1558130459,20250624
1558130460,11984896
1558130461,14647296
1558130462,18341888
1558130463,11649024
1558130464,16015360
1558130465,21307392
1558130466,14909440
1558130467,18309120
1558130468,12312576
1558130469,19382272
1558130470,11591680
1558130471,18399232
1558130472,20660224
1558130473,13705216
1558130474,17989632
1558130475,9650176
1558130476,19062784
1558130477,21102592
1558130478,14073856
1558130479,4767744
1558130480,11550720
1558130481,18554880
1558130482,12533760
1558130483,20070400
1558130484,17465344
1558130485,19988480
1558130486,10231808
1558130487,15294464
1558130488,18440192
1558130489,11780096
1558130490,18374656
1558130491,11976704
1558130492,19079168
1558130493,12328960
1558130494,20439040
1558130495,14852096
1558130496,13426688
1558130497,23412736
1558130498,21094400
1558130499,24854528
1558130500,18489344
1558130501,14131200
1558130502,12468224
1558130503,19202048
1558130504,21061632
1558130505,12189696
1558130506,18759680
1558130507,20725760
1558130508,11960320
1558130509,20193280
1558130510,20873216
1558130511,13262848
1558130512,18456576
1558130513,10764288
1558130514,19062784
1558130515,20258816
1558130516,13189120
1558130517,18735104
1558130518,22585344
1558130519,14180352
1558130520,19087360
1558130521,11304960
1558130522,19079168
1558130523,11427840
1558130524,14860288
1558130525,18571264
1558130526,12877824
1558130527,17612800
1558130528,11599872
1558130529,11870208
1558130530,11821056
1558130531,19267584
1558130532,21323776
1558130533,25313280
1558130534,17989632
1558130535,19636224
1558130536,20807680
1558130537,13418496
1558130538,11747328
1558130539,12828672
1558130540,18497536
1558130541,10977280
1558130542,19218432
1558130543,20791296
1558130544,20398080
1558130545,25280512
1558130546,18137088
1558130547,20922368
1558130548,21397504
1558130549,14786560
1558130550,7536640
1558130551,11001856
1558130552,19202048
1558130553,21217280
1558130554,14811136
1558130555,5046272
1558130556,12836864
1558130557,18522112
1558130558,11419648
1558130559,16457728
1558130560,23076864
1558130561,15294464
1558130562,19398656
1558130563,12107776
1558130564,19005440
1558130565,11214848
1558130566,19144704
1558130567,20504576
1558130568,12189696
1558130569,19898368
1558130570,14893056
1558130571,25411584
1558130572,19243008
1558130573,20480000
1558130574,12746752
1558130575,18784256
1558130576,21684224
1558130577,14655488
1558130578,5079040
1558130579,10330112
1558130580,17424384
1558130581,10289152
1558130582,19873792
1558130583,20217856
1558130584,11788288
1558130585,18292736
1558130586,10633216
1558130587,14434304
1558130588,18628608
1558130589,11624448
1558130590,18268160
1558130591,11345920
1558130592,20619264
1558130593,20701184
1558130594,13017088
1558130595,18857984
1558130596,22052864
1558130597,15138816
1558130598,5087232
1558130599,12386304
1558130600,18604032
1558130601,11927552
1558130602,19292160
1558130603,10616832
1558130604,7512064
1558130605,20103168
1558130606,20676608
1558130607,13459456
1558130608,18202624
1558130609,22773760
1558130610,15908864
1558130611,11214848
1558130612,12795904
1558130613,19275776
1558130614,12492800
1558130615,17670144
1558130616,21749760
1558130617,14893056
1558130618,18210816
1558130619,11296768
1558130620,18808832
1558130621,21520384
1558130622,13885440
1558130623,17965056
1558130624,11091968
1558130625,15548416
1558130626,21528576
1558130627,14934016
1558130628,18382848
1558130629,11681792
1558130630,19136512
1558130631,25133056
1558130632,18472960
1558130633,20185088
1558130634,12304384
1558130635,18505728
1558130636,20774912
1558130637,14155776
1558130638,18055168
1558130639,11657216
1558130640,17588224
1558130641,10362880
1558130642,19136512
1558130643,20750336
1558130644,12812288
1558130645,19963904
1558130646,21495808
1558130647,12730368
1558130648,20545536
1558130649,20185088
1558130650,13156352
1558130652,17162240
1558130653,17948672
1558130654,22888448
1558130655,14491648
1558130656,18259968
1558130657,9674752
1558130658,19193856
1558130659,21102592
1558130660,12623872
1558130661,18636800
1558130662,21667840
1558130663,12025856
1558130664,10043392
1558130665,19021824
1558130666,22265856
1558130667,15220736
1558130668,20406272
1558130669,12255232
1558130670,20537344
1558130671,20676608
1558130672,13262848
1558130673,19144704
1558130674,21594112
1558130675,15089664
1558130676,5472256
1558130677,11616256
1558130678,18448384
1558130679,10944512
1558130680,19955712
1558130681,18325504
1558130682,12787712
1558130683,18317312
1558130684,21438464
1558130685,19103744
1558130686,20684800
1558130687,20455424
1558130688,13549568
1558130689,18595840
1558130690,10838016
1558130691,19611648
1558130692,21159936
1558130693,13606912
1558130694,19398656
1558130695,21602304
1558130696,14671872
1558130697,18571264
1558130698,12730368
1558130699,6070272
1558130700,11288576
1558130701,18407424
1558130702,22355968
1558130703,14614528
1558130704,18497536
1558130705,11583488
1558130706,18620416
1558130707,12181504
1558130708,18169856
1558130709,22355968
1558130710,14147584
1558130711,5996544
1558130712,11427840
1558130713,18415616
1558130714,11673600
1558130715,16900096
1558130716,20365312
1558130717,15507456
1558130718,13910016
1558130719,19054592
1558130720,11771904
1558130721,19021824
1558130722,21299200
1558130723,12664832
1558130724,13803520
1558130725,20348928
1558130726,20799488
1558130727,20496384
1558130728,14565376
1558130729,18366464
1558130730,12369920
1558130731,18522112
1558130732,11517952
1558130733,18391040
1558130734,21921792
1558130735,14589952
1558130736,18448384
1558130737,9977856
1558130738,19922944
1558130739,20447232
1558130740,13705216
1558130741,18522112
1558130742,10928128
1558130743,18300928
1558130744,20922368
1558130745,13451264
1558130746,18505728
1558130747,25280512
1558130748,16850944
1558130749,20258816
1558130750,21274624
1558130751,13017088
1558130752,19218432
1558130753,25329664
1558130754,18145280
1558130755,21094400
1558130756,12386304
1558130757,20340736
1558130758,21037056
1558130759,25534464
1558130760,18980864
1558130761,21151744
1558130762,12451840
1558130763,19783680
1558130764,21315584
1558130765,12804096
1558130766,20561920
1558130767,20258816
1558130768,13803520
1558130769,18620416
1558130770,15204352
1558130771,15679488
1558130772,18800640
1558130773,12394496
1558130774,5947392
1558130775,10174464
1558130776,18456576
1558130777,19431424
1558130778,12943360
1558130779,17162240
1558130780,11042816
1558130781,12910592
1558130782,22781952
1558130783,14983168
1558130784,18079744
1558130785,19611648
1558130786,11747328
1558130787,17391616
1558130788,10559488
1558130789,19914752
1558130790,20717568
1558130791,11698176
1558130792,19210240
1558130793,20250624
1558130794,13426688
1558130795,18300928
1558130796,10960896
1558130797,17571840
1558130798,20389888
1558130799,21159936
1558130800,14442496
1558130801,19136512
1558130802,21389312
1558130803,13836288
1558130804,18235392
1558130805,11591680
1558130806,17752064
1558130807,11616256
1558130808,18718720
1558130809,12083200
1558130810,17629184
1558130811,22495232
1558130812,14589952
1558130813,18505728
1558130814,12402688
1558130815,17981440
1558130816,11722752
1558130817,18333696
1558130818,21430272
1558130819,14467072
1558130820,18235392
1558130821,11862016
1558130822,17719296
1558130823,10772480
1558130824,17416192
1558130825,11337728
1558130826,17334272
1558130827,11280384
1558130828,18128896
1558130829,25083904
1558130830,18538496
1558130831,19906560
1558130832,11812864
1558130833,17154048
1558130834,21086208
1558130835,14147584
1558130836,18538496
1558130837,12304384
1558130838,4808704
1558130839,11444224
1558130840,18882560
1558130841,25354240
1558130842,19021824
1558130843,20135936
1558130844,19087360
1558130845,20037632
1558130846,11862016
1558130847,17793024
1558130848,10911744
1558130849,18669568
1558130850,19570688
1558130851,12320768
1558130852,18153472
1558130853,10764288
1558130854,18931712
1558130855,20340736
1558130856,12820480
1558130857,17530880
1558130858,11051008
1558130859,16637952
1558130860,10289152
1558130861,12566528
1558130862,19750912
1558130863,22290432
1558130864,16416768
1558130865,19398656
1558130866,12918784
1558130867,18595840
1558130868,12230656
1558130869,19890176
1558130870,12877824
1558130871,17981440
1558130872,21848064
1558130873,14245888
1558130874,18874368
1558130875,11108352
1558130876,20520960
1558130877,20824064
1558130878,16670720
1558130879,19718144
1558130880,11673600
1558130881,18210816
1558130882,21299200
1558130883,11083776
1558130884,14663680
1558130885,18997248
1558130886,12787712
1558130887,19054592
1558130888,12443648
1558130889,19210240
1558130890,12435456
1558130891,18120704
1558130892,21315584
1558130893,11632640
1558130894,17424384
1558130895,19841024
1558130896,10936320
1558130897,18333696
1558130898,20389888
1558130899,11132928
1558130900,16277504
1558130901,19103744
1558130902,12525568
1558130903,20103168
1558130904,20439040
1558130905,12091392
1558130906,20045824
1558130907,19824640
1558130908,13508608
1558130909,18087936
1558130910,9355264
1558130911,19070976
1558130912,12042240
1558130913,12943360
1558130914,18358272
1558130915,10756096
1558130916,19169280
1558130917,12435456
1558130918,13049856
1558130919,18399232
1558130920,22241280
1558130921,14663680
1558130922,18817024
1558130923,11509760
1558130924,19488768
1558130925,12222464
1558130926,18743296
1558130927,19415040
1558130928,12967936
1558130929,17948672
1558130930,11108352
1558130931,17973248
1558130932,21053440
1558130933,13598720
1558130934,17670144
1558130935,10993664
1558130936,20594688
1558130937,20594688
1558130938,11452416
1558130939,14688256
1558130940,18464768
1558130941,12075008
1558130942,6062080
1558130943,21618688
1558130944,15605760
1558130945,18202624
1558130946,12181504
1558130947,18456576
1558130948,11681792
1558130949,18751488
1558130950,12419072
1558130951,17424384
1558130952,22347776
1558130953,14073856
1558130954,19365888
1558130955,12025856
1558130956,19628032
1558130957,11321344
1558130958,13688832
1558130959,18792448
1558130960,11862016
1558130961,18251776
1558130962,22028288
1558130963,13877248
1558130964,17391616
1558130965,20316160
1558130966,13271040
1558130967,17973248
1558130968,10919936
1558130969,18284544
1558130970,20430848
1558130971,11649024
1558130972,18243584
1558130973,20652032
1558130974,11149312
1558130975,14532608
1558130976,18857984
1558130977,12099584
1558130978,19578880
1558130979,12779520
1558130980,18571264
1558130981,11542528
1558130982,19234816
1558130983,21217280
1558130984,13221888
1558130985,19406848
1558130986,21495808
1558130987,14639104
1558130988,6553600
1558130989,11403264
1558130990,18178048
1558130991,20971520
1558130992,14499840
1558130993,17874944
1558130994,11395072
1558130995,18857984
1558130996,11804672
1558130997,19849216
1558130998,21053440
1558130999,12681216
1558131000,19439616
1558131001,19963904
1558131002,13639680
1558131003,10182656
1558131004,22290432
1558131005,15007744
1558131006,7766016
1558131007,11747328
1558131008,18948096
1558131009,20185088
1558131010,13524992
1558131011,17735680
1558131012,9969664
1558131013,14008320
1558131014,17915904
1558131015,11534336
1558131016,18546688
1558131017,11264000
1558131018,19030016
1558131019,11223040
1558131020,12795904
1558131021,17842176
1558131022,11386880
1558131023,18210816
1558131024,18399232
1558131025,20291584
1558131026,13434880
1558131027,17793024
1558131028,9601024
1558131029,18898944
1558131030,20578304
1558131031,13320192
1558131032,8675328
1558131033,10346496
1558131034,18825216
1558131035,20054016
1558131036,12705792
1558131037,17883136
1558131038,11018240
1558131039,18792448
1558131040,20815872
1558131041,11534336
1558131042,15187968
1558131043,18399232
1558131044,12206080
1558131045,19865600
1558131046,13524992
1558131047,18915328
1558131048,21438464
1558131049,12836864
1558131050,19931136
1558131051,25329664
1558131052,18571264
1558131053,21184512
1558131054,21233664
1558131055,13287424
1558131056,19939328
1558131057,12025856
1558131058,18956288
1558131059,20275200
1558131060,14172160
1558131061,18505728
1558131062,12173312
1558131063,18153472
1558131064,20643840
1558131065,14032896
1558131066,17661952
1558131067,11100160
1558131068,18046976
1558131069,11100160
1558131070,14303232
1558131071,18210816
1558131072,10936320
1558131073,19947520
1558131074,15704064
1558131075,12615680
1558131076,19472384
1558131077,20602880
1558131078,13860864
1558131079,18292736
1558131080,25600000
1558131081,18743296
1558131082,20307968
1558131083,20619264
1558131084,20619264
1558131085,13049856
1558131086,17301504
1558131087,11001856
1558131088,18030592
1558131089,25182208
1558131090,18243584
1558131091,20848640
1558131092,12689408
1558131093,18907136
1558131094,20127744
1558131095,13262848
1558131096,17940480
1558131097,11337728
1558131098,18137088
1558131099,22134784
1558131100,15056896
1558131101,17719296
1558131102,12214272
1558131103,9895936
1558131104,10379264
1558131105,20119552
1558131106,20914176
1558131107,13697024
1558131108,18595840
1558131109,9920512
1558131110,14950400
1558131111,5423104
1558131112,12328960
1558131113,17465344
1558131114,11018240
1558131115,18391040
1558131116,11616256
1558131117,18071552
1558131118,21602304
1558131119,12484608
1558131120,19275776
1558131121,20119552
1558131122,13713408
1558131123,18841600
1558131124,22904832
1558131125,17309696
1558131126,20316160
1558131127,13189120
1558131128,14254080
1558131129,18866176
1558131130,11722752
1558131131,17801216
1558131132,21086208
1558131133,13197312
1558131134,8036352
1558131135,12156928
1558131136,20373504
1558131137,21159936
1558131138,13475840
1558131139,19611648
1558131140,22167552
1558131141,14712832
1558131142,18767872
1558131143,11927552
1558131144,16646144
1558131145,20054016
1558131146,20807680
1558131147,14868480
1558131148,18407424
1558131149,11403264
1558131150,18767872
1558131151,11452416
1558131152,14671872
1558131153,18407424
1558131154,12017664
1558131155,18153472
1558131156,11354112
1558131157,19243008
1558131158,21438464
1558131159,12328960
1558131160,19292160
1558131161,20832256
1558131162,12713984
1558131163,20111360
1558131164,21209088
1558131165,13336576
1558131166,20226048
1558131167,21839872
1558131168,14163968
1558131169,19849216
1558131170,11862016
1558131171,19513344
1558131172,21602304
1558131173,13049856
1558131174,20512768
1558131175,21110784
1558131176,13582336
1558131177,18587648
1558131178,22470656
1558131179,14540800
1558131180,19333120
1558131181,11993088
1558131182,19390464
1558131183,22118400
1558131184,15269888
1558131185,19251200
1558131186,12312576
1558131187,18038784
1558131188,11116544
1558131189,18571264
1558131190,11149312
1558131191,14925824
1558131192,18587648
1558131193,11558912
1558131194,19431424
1558131195,12247040
1558131196,20258816
1558131197,20742144
1558131198,13008896
1558131199,18964480
1558131200,22044672
1558131201,14229504
1558131202,6627328
1558131203,11657216
1558131204,13705216
1558131205,18415616
1558131206,20701184
1558131207,21078016
1558131208,15204352
1558131209,4833280
1558131210,12214272
1558131211,18546688
1558131212,12304384
1558131213,18046976
1558131214,11198464
1558131215,17661952
1558131216,11059200
1558131217,15015936
1558131218,18956288
1558131219,11632640
1558131220,18333696
1558131221,11534336
1558131222,19111936
1558131223,20791296
1558131224,12984320
1558131225,19013632
1558131226,20889600
1558131227,14221312
1558131228,18481152
1558131229,11026432
1558131230,20127744
1558131231,20799488
1558131232,13066240
1558131233,19390464
1558131234,20742144
1558131235,13828096
1558131236,18464768
1558131237,11526144
1558131238,18513920
1558131239,22667264
1558131240,15925248
1558131241,19177472
1558131242,12361728
1558131243,17997824
1558131244,10321920
1558131245,20586496
1558131246,20168704
1558131247,13058048
1558131248,17809408
1558131249,9994240
1558131250,20561920
1558131251,15245312
1558131252,13762560
1558131253,18227200
1558131254,10428416
1558131255,14032896
1558131256,17219584
1558131257,9764864
1558131258,17997824
1558131259,11493376
1558131260,19251200
1558131261,14524416
1558131262,13647872
1558131263,19087360
1558131264,19628032
1558131265,20553728
1558131266,12378112
1558131267,20365312
1558131268,21487616
1558131269,12402688
1558131270,19054592
1558131271,20570112
1558131272,13254656
1558131273,19300352
1558131274,22061056
1558131275,14835712
1558131276,18669568
1558131277,12648448
1558131278,18317312
1558131279,11550720
1558131280,19169280
1558131281,25206784
1558131282,19030016
1558131283,13131776
1558131284,12664832
1558131285,18808832
1558131286,21536768
1558131287,14508032
1558131288,18522112
1558131289,12582912
1558131290,4907008
1558131291,12009472
1558131292,19283968
1558131293,20979712
1558131294,13991936
1558131295,6733824
1558131296,11853824
1558131297,18792448
1558131298,22953984
1558131299,15360000
1558131300,19734528
1558131301,12468224
1558131302,19562496
1558131303,11124736
1558131304,14548992
1558131305,17719296
1558131306,11132928
1558131307,5332992
1558131308,11018240
1558131309,18604032
1558131310,11894784
1558131311,19046400
1558131312,20430848
1558131313,12378112
1558131314,18964480
1558131315,20594688
1558131316,21258240
1558131317,14409728
1558131318,18784256
1558131319,12181504
1558131320,19783680
1558131321,12574720
1558131322,19709952
1558131323,19398656
1558131324,20987904
1558131325,13623296
1558131326,17580032
1558131327,11026432
1558131328,18636800
1558131329,22880256
1558131330,14393344
1558131331,19251200
1558131332,11935744
1558131333,18489344
1558131334,21004288
1558131335,14352384
1558131336,18096128
1558131337,11304960
1558131338,18169856
1558131339,11247616
1558131340,18530304
1558131341,10100736
1558131342,15007744
1558131343,18014208
1558131344,11796480
1558131345,18718720
1558131346,22814720
1558131347,15351808
1558131348,5939200
1558131349,12419072
1558131350,6488064
1558131351,12189696
1558131352,19857408
1558131353,12820480
1558131354,19136512
1558131355,20905984
1558131356,12861440
1558131357,17793024
1558131358,20725760
1558131359,24961024
1558131360,18505728
1558131361,20987904
1558131362,12689408
1558131363,19341312
1558131364,20832256
1558131365,12181504
1558131366,20307968
1558131367,13475840
1558131368,12476416
1558131369,18472960
1558131370,21282816
1558131371,14278656
1558131372,18292736
1558131373,11124736
1558131374,19570688
1558131375,21708800
1558131376,14761984
1558131377,18046976
1558131378,12451840
1558131379,18006016
1558131380,12009472
1558131381,18980864
1558131382,12812288
1558131383,20152320
1558131384,14352384
1558131385,19816448
1558131386,21151744
1558131387,12173312
1558131388,19210240
1558131389,20520960
1558131390,13533184
1558131391,18628608
1558131392,11542528
1558131393,18415616
1558131394,22003712
1558131395,14270464
1558131396,18907136
1558131397,11608064
1558131398,18677760
1558131399,25133056
1558131400,17408000
1558131401,19931136
1558131402,21110784
1558131403,13697024
1558131404,18882560
1558131405,11116544
1558131406,20340736
1558131407,21061632
1558131408,12918784
1558131409,19333120
1558131410,21798912
1558131411,12656640
1558131412,7118848
1558131413,21798912
1558131414,15753216
1558131415,19251200
1558131416,13172736
1558131417,18513920
1558131418,10813440
1558131419,19595264
1558131420,22175744
1558131421,15032320
1558131422,11124736
1558131423,10788864
1558131424,19931136
1558131425,20627456
1558131426,13205504
1558131427,12181504
1558131428,20398080
1558131429,12853248
1558131430,19030016
1558131431,11329536
1558131432,19210240
1558131433,20717568
1558131434,12517376
1558131435,19292160
1558131436,19832832
1558131437,12566528
1558131438,18251776
1558131439,22061056
1558131440,15212544
1558131441,18595840
1558131442,12705792
1558131443,19447808
1558131444,20250624
1558131445,21078016
1558131446,14802944
1558131447,18038784
1558131448,11542528
1558131449,19218432
1558131450,11673600
1558131451,19079168
1558131452,21004288
1558131453,13443072
1558131454,18857984
1558131455,21766144
1558131456,15171584
1558131457,18931712
1558131458,12787712
1558131459,17801216
1558131460,10895360
1558131461,18898944
1558131462,21528576
1558131463,14573568
1558131464,18227200
1558131465,11436032
1558131466,19783680
1558131467,12615680
1558131468,12558336
1558131469,24969216
1558131470,17784832
1558131471,19996672
1558131472,20439040
1558131473,13926400
1558131474,18604032
1558131475,10641408
1558131476,19955712
1558131477,13418496
1558131478,11911168
1558131479,19046400
1558131480,20684800
1558131481,14114816
1558131482,19357696
1558131483,11517952
1558131484,19144704
1558131485,21241856
1558131486,13254656
1558131487,18604032
1558131488,12107776
1558131489,14483456
1558131490,18300928
1558131491,10780672
1558131492,17637376
1558131493,10846208
1558131494,20324352
1558131495,20348928
1558131496,13271040
1558131497,19283968
1558131498,20643840
1558131499,12992512
1558131500,18866176
1558131501,22519808
1558131502,15507456
1558131503,19374080
1558131504,20619264
1558131505,25042944
1558131506,18857984
1558131507,20889600
1558131508,21397504
1558131509,14499840
1558131510,18432000
1558131511,12132352
1558131512,18620416
1558131513,12197888
1558131514,19415040
1558131515,24911872
1558131516,18513920
1558131517,21176320
1558131518,12263424
1558131519,17915904
1558131520,20840448
1558131521,12156928
1558131522,15499264
1558131523,18849792
1558131524,13230080
1558131525,18513920
1558131526,12410880
1558131527,19709952
1558131528,12812288
1558131529,17702912
1558131530,14860288
1558131531,14327808
1558131532,17907712
1558131533,11739136
1558131534,17784832
1558131535,11313152
1558131536,18407424
1558131537,22396928
1558131538,15269888
1558131539,5054464
1558131540,12058624
1558131541,13819904
1558131542,12500992
1558131543,18743296
1558131544,21536768
1558131545,13656064
1558131546,20553728
1558131547,20799488
1558131548,13049856
1558131549,22863872
1558131550,21348352
1558131551,12673024
1558131552,20455424
1558131553,21086208
1558131554,14204928
1558131555,18677760
1558131556,11051008
1558131557,18432000
1558131558,21200896
1558131559,13008896
1558131560,18956288
1558131561,20791296
1558131562,14409728
1558131563,18087936
1558131564,19972096
1558131565,12484608
1558131566,17907712
1558131567,23830528
1558131568,17588224
1558131569,20389888
1558131570,13131776
1558131571,19120128
1558131572,11911168
1558131573,13508608
1558131574,17440768
1558131575,10649600
1558131576,19103744
1558131577,19865600
1558131578,12558336
1558131579,18710528
1558131580,21487616
1558131581,14876672
1558131582,18178048
1558131583,11108352
1558131584,13131776
1558131585,25444352
1558131586,19218432
1558131587,21127168
1558131588,11943936
1558131589,18423808
1558131590,20684800
1558131591,12451840
1558131592,19898368
1558131593,20930560
1558131594,12787712
1558131595,19349504
1558131596,20283392
1558131597,13099008
1558131598,18923520
1558131599,21839872
1558131600,15433728
1558131601,4825088
1558131602,12607488
1558131603,17940480
1558131604,9756672
1558131605,18776064
1558131606,10928128
1558131607,14131200
1558131608,17932288
1558131609,11689984
1558131610,18907136
1558131611,12148736
1558131612,19832832
1558131613,20119552
1558131614,13918208
1558131615,17817600
1558131616,21938176
1558131617,15171584
1558131618,5455872
1558131619,11968512
1558131620,16859136
1558131621,12312576
1558131622,14639104
1558131623,18284544
1558131624,10731520
1558131625,13000704
1558131626,17989632
1558131627,11272192
1558131628,19087360
1558131629,20529152
1558131630,13680640
1558131631,18202624
1558131632,21372928
1558131633,15130624
1558131634,18948096
1558131635,12820480
1558131636,18685952
1558131637,12410880
1558131638,19177472
1558131639,25083904
1558131640,18972672
1558131641,20324352
1558131642,21323776
1558131643,13475840
1558131644,19374080
1558131645,12255232
1558131646,18964480
1558131647,21839872
1558131648,14680064
1558131649,18481152
1558131650,12361728
1558131651,5439488
1558131652,10526720
1558131653,18259968
1558131654,22683648
1558131655,15638528
1558131656,19103744
1558131657,10731520
1558131658,19742720
1558131659,21807104
1558131660,15376384
1558131661,19480576
1558131662,13082624
1558131663,8994816
1558131664,13139968
1558131665,19365888
1558131666,11993088
1558131667,14139392
1558131668,19595264
1558131669,24903680
1558131670,17162240
1558131671,20701184
1558131672,21176320
1558131673,14721024
1558131674,18063360
1558131675,11976704
1558131676,19169280
1558131677,11952128
1558131678,19054592
1558131679,20463616
1558131680,13467648
1558131681,18644992
1558131682,22257664
1558131683,14131200
1558131684,15245312
1558131685,20119552
1558131686,11403264
1558131687,18841600
1558131688,20963328
1558131689,12271616
1558131690,18898944
1558131691,16777216
1558131692,13688832
1558131693,20250624
1558131694,21102592
1558131695,12615680
1558131696,20193280
1558131697,21266432
1558131698,13156352
1558131699,19406848
1558131700,20135936
1558131701,13893632
1558131702,17408000
1558131703,10379264
1558131704,18522112
1558131705,10698752
1558131706,14278656
1558131707,17686528
1558131708,10772480
1558131709,11001856
1558131710,10018816
1558131711,15073280
1558131712,5087232
1558131713,12197888
1558131714,18219008
1558131715,11902976
1558131716,18800640
1558131717,12279808
1558131718,17367040
1558131719,9781248
1558131720,15851520
1558131721,19062784
1558131722,12099584
1558131723,19062784
1558131724,11182080
1558131725,13787136
1558131726,17956864
1558131727,10969088
1558131728,20504576
1558131729,14573568
1558131730,12976128
1558131731,19365888
1558131732,20938752
1558131733,13631488
1558131734,17653760
1558131735,10256384
1558131736,19767296
1558131737,17350656
1558131738,12402688
1558131739,20291584
1558131740,21241856
1558131741,13312000
1558131742,18956288
1558131743,20029440
1558131744,6840320
1558131745,14901248
1558131746,18571264
1558131747,12050432
1558131748,18898944
1558131749,12165120
1558131750,18178048
1558131751,25174016
1558131752,18317312
1558131753,20832256
1558131754,11403264
1558131755,14098432
1558131756,5079040
1558131757,11665408
1558131758,19251200
1558131759,11485184
1558131760,19259392
1558131761,21340160
1558131762,13590528
1558131763,19521536
1558131764,21479424
1558131765,14630912
1558131766,19333120
1558131767,11575296
1558131768,19070976
1558131769,22011904
1558131770,14065664
1558131771,19046400
1558131772,11714560
1558131773,18554880
1558131774,25403392
1558131775,18071552
1558131776,21012480
1558131777,21512192
1558131778,14925824
1558131779,18726912
1558131780,10682368
1558131781,15065088
1558131782,21839872
1558131783,14876672
1558131784,18661376
1558131785,12206080
1558131786,18849792
1558131787,12091392
1558131788,20291584
1558131789,20996096
1558131790,12550144
1558131791,19120128
1558131792,21110784
1558131793,12525568
1558131794,19480576
1558131795,21078016
1558131796,12148736
1558131797,18907136
1558131798,16744448
1558131799,13967360
1558131800,13967360
1558131801,25108480
1558131802,18300928
1558131803,20987904
1558131804,20291584
1558131805,20815872
1558131806,14319616
1558131807,18825216
1558131808,11476992
1558131809,20447232
1558131810,20832256
1558131811,12615680
1558131812,19275776
1558131813,20226048
1558131814,13967360
1558131815,17891328
1558131816,11354112
1558131817,10526720
1558131818,11534336
1558131819,20774912
1558131820,20733952
1558131821,13025280
1558131822,19152896
1558131823,21659648
1558131824,15122432
1558131825,18178048
1558131826,12025856
1558131827,18399232
1558131828,11001856
1558131829,19546112
1558131830,12165120
1558131831,13934592
1558131832,18980864
1558131833,10862592
1558131834,20750336
1558131835,21118976
1558131836,13869056
1558131837,18669568
1558131838,11165696
1558131839,20406272
1558131840,20922368
1558131841,13139968
1558131842,19210240
1558131843,21774336
1558131844,13959168
1558131845,18300928
1558131846,11419648
1558131847,18030592
1558131848,23183360
1558131849,14204928
1558131850,20348928
1558131851,12386304
1558131852,20840448
1558131853,20742144
1558131854,13672448
1558131855,18833408
1558131856,10551296
1558131857,18669568
1558131858,21340160
1558131859,12279808
1558131860,18317312
1558131861,21053440
1558131862,25149440
1558131863,18227200
1558131864,16842752
1558131865,20520960
1558131866,21028864
1558131867,14475264
1558131868,17965056
1558131869,11083776
1558131870,19922944
1558131871,11919360
1558131872,19292160
1558131873,20676608
1558131874,13082624
1558131875,18849792
1558131876,22790144
1558131877,15425536
1558131878,19693568
1558131879,12279808
1558131880,18563072
1558131881,11132928
1558131882,16523264
1558131883,11386880
1558131884,15212544
1558131885,18374656
1558131886,11853824
1558131887,19226624
1558131888,11894784
1558131889,18276352
1558131890,22659072
1558131891,14876672
1558131892,9715712
1558131893,11706368
1558131894,20430848
1558131895,20529152
1558131896,13352960
1558131897,17784832
1558131898,10731520
1558131899,20193280
1558131900,20226048
1558131901,12181504
1558131902,20873216
1558131903,15130624
1558131904,13557760
1558131905,18014208
1558131906,25378816
1558131907,18440192
1558131908,21839872
1558131909,20774912
1558131910,14319616
1558131911,19251200
1558131912,12140544
1558131913,20299776
1558131914,20275200
1558131915,13484032
1558131916,5177344
1558131917,10592256
1558131918,22626304
1558131919,19365888
1558131920,13123584
1558131921,17571840
1558131922,10100736
1558131923,19234816
1558131924,14172160
1558131925,19554304
1558131926,14712832
1558131927,13205504
1558131928,8060928
1558131929,11075584
1558131930,15065088
1558131931,18849792
1558131932,12869632
1558131933,19021824
1558131934,12075008
1558131935,18374656
1558131936,21479424
1558131937,14385152
1558131938,18735104
1558131939,11878400
1558131940,18006016
1558131941,22257664
1558131942,15294464
1558131943,17924096
1558131944,11698176
1558131945,18432000
1558131946,11100160
1558131947,19693568
1558131948,21307392
1558131949,12836864
1558131950,20815872
1558131951,21364736
1558131952,13238272
1558131953,19808256
1558131954,21217280
1558131955,12378112
1558131956,18948096
1558131957,21266432
1558131958,13180928
1558131959,20897792
1558131960,21094400
1558131961,13484032
1558131962,19128320
1558131963,21741568
1558131964,15425536
1558131965,18898944
1558131966,12967936
1558131967,8511488
1558131968,10805248
1558131969,18825216
1558131970,11157504
1558131971,14729216
1558131972,18694144
1558131973,10887168
1558131974,18628608
1558131975,12304384
1558131976,14671872
1558131977,18276352
1558131978,11591680
1558131979,20865024
1558131980,20799488
1558131981,13590528
1558131982,17465344
1558131983,10100736
1558131984,14499840
1558131985,20865024
1558131986,20701184
1558131987,13754368
1558131988,17776640
1558131989,10395648
1558131990,19841024
1558131991,12640256
1558131992,13475840
1558131993,19111936
1558131994,20791296
1558131995,13647872
1558131996,6709248
1558131997,10739712
1558131998,20652032
1558131999,21069824
1558132000,13172736
1558132001,18882560
1558132002,22405120
1558132003,14663680
1558132004,8790016
1558132005,11190272
1558132006,19521536
1558132007,21053440
1558132008,13443072
1558132009,19128320
1558132010,22659072
1558132011,15114240
1558132012,6610944
1558132013,12034048
1558132014,18833408
1558132015,21790720
1558132016,15171584
1558132017,19456000
1558132018,12976128
1558132019,18087936
1558132020,11468800
1558132021,19259392
1558132022,22896640
1558132023,14172160
1558132024,19775488
1558132025,12165120
1558132026,19472384
1558132027,16261120
1558132028,15122432
1558132029,18661376
1558132030,12664832
1558132031,10297344
1558132032,12566528
1558132033,22667264
1558132034,21659648
1558132035,13819904
1558132036,20119552
1558132037,20037632
1558132038,13729792
1558132039,3727360
1558132040,10829824
1558132041,18358272
1558132042,10706944
1558132043,18423808
1558132044,14893056
1558132045,20135936
1558132046,21716992
1558132047,14843904
1558132048,19111936
1558132049,12132352
1558132050,20512768
1558132051,13295616
1558132052,19431424
1558132053,12312576
1558132054,12795904
1558132055,17915904
1558132056,11534336
1558132057,17997824
1558132058,22028288
1558132059,14876672
1558132060,19292160
1558132061,11886592
1558132062,18587648
1558132063,10641408
1558132064,14770176
1558132065,18571264
1558132066,12722176
1558132067,17170432
1558132068,11075584
1558132069,18554880
1558132070,11591680
1558132071,19111936
1558132072,21331968
1558132073,21946368
1558132074,14180352
1558132075,19267584
1558132076,12214272
1558132077,19062784
1558132078,22306816
1558132079,14811136
1558132080,19144704
1558132081,12607488
1558132082,19406848
1558132083,11632640
1558132084,18972672
1558132085,20430848
1558132086,13746176
1558132087,18219008
1558132088,11075584
1558132089,18702336
1558132090,20439040
1558132091,25403392
1558132092,18587648
1558132093,20897792
1558132094,25722880
1558132095,18497536
1558132096,21086208
1558132097,21045248
1558132098,13557760
1558132099,19316736
1558132100,22691840
1558132101,15654912
1558132102,19701760
1558132103,12132352
1558132104,16359424
1558132105,20439040
1558132106,11059200
1558132107,14204928
1558132108,18325504
1558132109,11542528
1558132110,18350080
1558132111,11870208
1558132112,18161664
1558132113,11681792
1558132114,19554304
1558132115,20520960
1558132116,12107776
1558132117,19587072
1558132118,20291584
1558132119,12812288
1558132120,18415616
1558132121,10969088
1558132122,14376960
1558132123,17645568
1558132124,11632640
1558132125,17620992
1558132126,11575296
1558132127,17784832
1558132128,11108352
1558132129,19701760
1558132130,20963328
1558132131,21397504
1558132132,14893056
1558132133,19070976
1558132134,11730944
1558132135,18497536
1558132136,20905984
1558132137,13639680
1558132138,18907136
1558132139,11583488
1558132140,19292160
1558132141,20537344
1558132142,13688832
1558132143,15777792
1558132144,22052864
1558132145,15122432
1558132146,19365888
1558132147,11796480
1558132148,19193856
1558132149,11468800
1558132150,14729216
1558132151,17670144
1558132152,11837440
1558132153,17539072
1558132154,10231808
1558132155,17801216
1558132156,23093248
1558132157,14966784
1558132158,18972672
1558132159,9961472
1558132160,11378688
1558132161,11993088
1558132162,19349504
1558132163,20758528
1558132164,19881984
1558132165,11124736
1558132166,19988480
1558132167,20979712
1558132168,12976128
1558132169,18513920
1558132170,21118976
1558132171,14008320
1558132172,17080320
1558132173,10698752
1558132174,17948672
1558132175,9412608
1558132176,20275200
1558132177,19914752
1558132178,12197888
1558132179,17096704
1558132180,10690560
1558132181,20078592
1558132182,20586496
1558132183,12509184
1558132184,19218432
1558132185,11411456
1558132186,14729216
1558132187,18464768
1558132188,12509184
1558132189,19030016
1558132190,12574720
1558132191,17686528
1558132192,20135936
1558132193,12632064
1558132194,20242432
1558132195,20815872
1558132196,13664256
1558132197,18317312
1558132198,11452416
1558132199,18366464
1558132200,10715136
1558132201,14917632
1558132202,6832128
1558132203,11132928
1558132204,18841600
1558132205,12427264
1558132206,14721024
1558132207,17989632
1558132208,11083776
1558132209,20054016
1558132210,18685952
1558132211,13033472
1558132212,19660800
1558132213,21159936
1558132214,13803520
1558132215,19038208
1558132216,14925824
1558132217,15335424
1558132218,18522112
1558132219,12050432
1558132220,5529600
1558132221,10903552
1558132222,19136512
1558132223,11354112
1558132224,6979584
1558132225,14729216
1558132226,18923520
1558132227,11935744
1558132228,19742720
1558132229,20750336
1558132230,13008896
1558132231,18866176
1558132232,22945792
1558132233,16130048
1558132234,20201472
1558132235,12451840
1558132236,20193280
1558132237,20873216
1558132238,13926400
1558132239,18898944
1558132240,11444224
1558132241,19988480
1558132242,19816448
1558132243,12148736
1558132244,17809408
1558132245,10436608
1558132246,18440192
1558132247,20111360
1558132248,25083904
1558132249,18907136
1558132250,20996096
1558132251,21004288
1558132252,15122432
1558132253,18030592
1558132254,11968512
1558132255,18284544
1558132256,11386880
1558132257,20348928
1558132258,21381120
1558132259,13524992
1558132260,18915328
1558132261,21372928
1558132262,14778368
1558132263,18235392
1558132264,11313152
1558132265,20348928
1558132266,20537344
1558132267,12394496
1558132268,17924096
1558132269,10567680
1558132270,19087360
1558132271,20389888
1558132272,11345920
1558132273,18612224
1558132274,14852096
1558132275,12951552
1558132276,18817024
1558132277,12492800
1558132278,13762560
1558132279,17997824
1558132280,11018240
1558132281,20324352
1558132282,18505728
1558132283,16891904
1558132284,21684224
1558132285,13713408
1558132286,18923520
1558132287,11788288
1558132288,18276352
1558132289,11329536
1558132290,18800640
1558132291,20717568
1558132292,14270464
1558132293,17793024
1558132294,13336576
1558132295,17809408
1558132296,11476992
1558132297,17678336
1558132298,10715136
1558132299,18644992
1558132300,21012480
1558132301,12091392
1558132302,19333120
1558132303,16252928
1558132304,12705792
1558132305,19128320
1558132306,22134784
1558132307,14327808
1558132308,18948096
1558132309,11272192
1558132310,19070976
1558132311,11689984
1558132312,20267008
1558132313,20717568
1558132314,12722176
1558132315,20021248
1558132316,21544960
1558132317,12820480
1558132318,19939328
1558132319,18210816
1558132320,12845056
1558132321,18669568
1558132322,21266432
1558132323,11845632
1558132324,24125440
1558132325,20930560
1558132326,12812288
1558132327,18751488
1558132328,22102016
1558132329,14606336
1558132330,6365184
1558132331,11100160
1558132332,18309120
1558132333,10952704
1558132334,18374656
1558132335,21446656
1558132336,14606336
1558132337,17620992
1558132338,10657792
1558132339,18751488
1558132340,11026432
1558132341,15753216
1558132342,19652608
1558132343,12361728
1558132344,17489920
1558132345,20340736
1558132346,12025856
1558132347,19767296
1558132348,21250048
1558132349,12173312
1558132350,18382848
1558132351,21069824
1558132352,12673024
1558132353,18767872
1558132354,21323776
1558132355,13721600
1558132356,19832832
1558132357,22282240
1558132358,15671296
1558132359,18956288
1558132360,12386304
1558132361,20430848
1558132362,12689408
1558132363,19472384
1558132364,20545536
1558132365,13328384
1558132366,18456576
1558132367,10862592
1558132368,15040512
1558132369,18169856
1558132370,11862016
1558132371,11968512
1558132372,12345344
1558132373,19087360
1558132374,20930560
1558132375,13017088
1558132376,18628608
1558132377,21782528
1558132378,14999552
1558132379,19038208
1558132380,12296192
1558132381,18194432
1558132382,9633792
1558132383,18366464
1558132384,21495808
1558132385,12673024
1558132386,20226048
1558132387,20824064
1558132388,12902400
1558132389,19079168
1558132390,22183936
1558132391,14991360
1558132392,18784256
1558132393,10592256
1558132394,19595264
1558132395,21651456
1558132396,15425536
1558132397,18300928
1558132398,11993088
1558132399,18956288
1558132400,12599296
1558132401,17383424
1558132402,10936320
1558132403,14229504
1558132404,14540800
1558132405,19873792
1558132406,22118400
1558132407,14925824
1558132408,18956288
1558132409,9355264
1558132410,19333120
1558132411,21340160
1558132412,13631488
1558132413,19087360
1558132414,11796480
1558132415,18907136
1558132416,20602880
1558132417,13303808
1558132418,19046400
1558132419,25493504
1558132420,18186240
1558132421,20709376
1558132422,12255232
1558132423,18333696
1558132424,21463040
1558132425,12001280
1558132426,15409152
1558132427,18530304
1558132428,12476416
1558132429,18472960
1558132430,12533760
1558132431,19537920
1558132432,12378112
1558132433,18857984
1558132434,21610496
1558132435,12918784
1558132436,19922944
1558132437,20905984
1558132438,13475840
1558132439,19767296
1558132440,22142976
1558132441,15310848
1558132442,18808832
1558132443,11272192
1558132444,19062784
1558132445,11452416
1558132446,19644416
1558132447,21340160
1558132448,12763136
1558132449,20463616
1558132450,14032896
1558132451,13574144
1558132452,19120128
1558132453,11321344
1558132454,18636800
1558132455,20856832
1558132456,12886016
1558132457,20144128
1558132458,21921792
1558132459,12804096
1558132460,20168704
1558132461,20627456
1558132462,13590528
1558132463,19079168
1558132464,20021248
1558132465,21094400
1558132466,13344768
1558132467,19570688
1558132468,20930560
1558132469,13115392
1558132470,19070976
1558132471,22544384
1558132472,15310848
1558132473,19251200
1558132474,12787712
1558132475,19030016
1558132476,12394496
1558132477,19144704
1558132478,25264128
1558132479,18456576
1558132480,21192704
1558132481,19038208
1558132482,16105472
1558132483,18661376
1558132484,11862016
1558132485,19595264
1558132486,12484608
1558132487,20316160
1558132488,21307392
1558132489,11288576
1558132490,15433728
1558132491,18972672
1558132492,13172736
1558132493,4751360
1558132494,12419072
1558132495,19873792
1558132496,13762560
1558132497,17801216
1558132498,12066816
1558132499,17981440
1558132500,11386880
1558132501,18595840
1558132502,20381696
1558132503,13107200
1558132504,18825216
1558132505,21045248
1558132506,14589952
1558132507,17973248
1558132508,11837440
1558132509,17842176
1558132510,10805248
1558132511,18391040
1558132512,21012480
1558132513,12615680
1558132514,19038208
1558132515,21168128
1558132516,11894784
1558132517,17924096
1558132518,20619264
1558132519,12664832
1558132520,18210816
1558132521,9650176
1558132522,18890752
1558132523,13385728
1558132524,20054016
1558132525,12132352
1558132526,19726336
1558132527,20291584
1558132528,12754944
1558132529,17735680
1558132530,10797056
1558132531,17481728
1558132532,21078016
1558132533,21086208
1558132534,15130624
1558132535,18808832
1558132536,12943360
1558132537,18153472
1558132538,11542528
1558132539,19267584
1558132540,12615680
1558132541,20488192
1558132542,21086208
1558132543,25378816
1558132544,18055168
1558132545,21438464
1558132546,13000704
1558132547,18956288
1558132548,21757952
1558132549,12836864
1558132550,20127744
1558132551,21381120
1558132552,13885440
1558132553,19668992
1558132554,21086208
1558132555,14041088
1558132556,7692288
1558132557,11632640
1558132558,19619840
1558132559,20652032
1558132560,12206080
1558132561,19611648
1558132562,21348352
1558132563,13033472
1558132564,20602880
1558132565,14065664
1558132566,12812288
1558132567,18333696
1558132568,11313152
1558132569,17735680
1558132570,20242432
1558132571,11599872
1558132572,18194432
1558132573,25255936
1558132574,18497536
1558132575,21135360
1558132576,21774336
1558132577,14712832
1558132578,19103744
1558132579,11345920
1558132580,19824640
1558132581,12115968
1558132582,13713408
1558132583,18120704
1558132584,20176896
1558132585,12328960
1558132586,18628608
1558132587,11059200
1558132588,20307968
1558132589,20496384
1558132590,12951552
1558132591,18333696
1558132592,9879552
1558132593,14630912
1558132594,18071552
1558132595,11452416
1558132596,18726912
1558132597,11722752
1558132598,20348928
1558132599,19767296
1558132600,12943360
1558132601,17481728
1558132602,10993664
1558132603,17768448
1558132604,21970944
1558132605,15130624
1558132606,19300352
1558132607,12509184
1558132608,18989056
1558132609,20717568
1558132610,14475264
1558132611,11657216
1558132612,12214272
1558132613,19652608
1558132614,21364736
1558132615,12763136
1558132616,19628032
1558132617,20439040
1558132618,13041664
1558132619,18694144
1558132620,10919936
1558132621,15245312
1558132622,18178048
1558132623,11780096
1558132624,18759680
1558132625,11370496
1558132626,18661376
1558132627,20332544
1558132628,12066816
1558132629,18931712
1558132630,20963328
1558132631,11960320
1558132632,15458304
1558132633,19030016
1558132634,13287424
1558132635,5988352
1558132636,13131776
1558132637,18546688
1558132638,11976704
1558132639,18382848
1558132640,12050432
1558132641,13099008
1558132642,17899520
1558132643,9969664
1558132644,7454720
1558132645,15335424
1558132646,18505728
1558132647,12075008
1558132648,19480576
1558132649,12468224
1558132650,12943360
1558132651,24502272
1558132652,18120704
1558132653,12648448
1558132654,12001280
1558132655,17817600
1558132656,10526720
1558132657,14426112
1558132658,17874944
1558132659,10854400
1558132660,18882560
1558132661,11001856
1558132662,14548992
1558132663,17760256
1558132664,10993664
1558132665,18243584
1558132666,11845632
1558132667,19628032
1558132668,21463040
1558132669,13254656
1558132670,20316160
1558132671,21078016
1558132672,12673024
1558132673,19275776
1558132674,21168128
1558132675,12214272
1558132676,19038208
1558132677,20152320
1558132678,13172736
1558132679,17481728
1558132680,11157504
1558132681,17489920
1558132682,11132928
1558132683,13901824
1558132684,22282240
1558132685,14745600
1558132686,17989632
1558132687,11919360
1558132688,19193856
1558132689,25337856
1558132690,19021824
1558132691,20938752
1558132692,25042944
1558132693,19472384
1558132694,19505152
1558132695,20348928
1558132696,14598144
1558132697,18751488
1558132698,11698176
1558132699,18989056
1558132700,21635072
1558132701,14852096
1558132702,18423808
1558132703,11337728
1558132704,11354112
1558132705,14450688
1558132706,19136512
1558132707,11558912
1558132708,14655488
1558132709,22446080
1558132710,15286272
1558132711,19177472
1558132712,12402688
1558132713,18571264
1558132714,11960320
1558132715,17670144
1558132716,23150592
1558132717,17195008
1558132718,19644416
1558132719,11755520
1558132720,18194432
1558132721,19750912
1558132722,13508608
1558132723,19382272
1558132724,20422656
1558132725,14180352
1558132726,18956288
1558132727,11952128
1558132728,19152896
1558132729,21037056
1558132730,13582336
1558132731,18259968
1558132732,20815872
1558132733,13860864
1558132734,17620992
1558132735,10518528
1558132736,20299776
1558132737,20619264
1558132738,13664256
1558132739,17629184
1558132740,10657792
1558132741,19808256
1558132742,20807680
1558132743,13246464
1558132744,18063360
1558132745,10543104
1558132746,19996672
1558132747,20086784
1558132748,11788288
1558132749,18268160
1558132750,21143552
1558132751,12132352
1558132752,19791872
1558132753,20209664
1558132754,13230080
1558132755,18530304
1558132756,11182080
1558132757,18366464
1558132758,20119552
1558132759,11730944
1558132760,13910016
1558132761,18268160
1558132762,11624448
1558132763,19030016
1558132764,18137088
1558132765,20176896
1558132766,13025280
1558132767,17809408
1558132768,14417920
1558132769,14835712
1558132770,18006016
1558132771,10985472
1558132772,17465344
1558132773,11116544
1558132774,17956864
1558132775,19759104
1558132776,13303808
1558132777,17432576
1558132778,10911744
1558132779,16416768
1558132780,20127744
1558132781,12460032
1558132782,18071552
1558132783,22249472
1558132784,15458304
1558132785,18579456
1558132786,12886016
1558132787,17670144
1558132788,11739136
1558132789,19808256
1558132790,12107776
1558132791,19677184
1558132792,21626880
1558132793,12591104
1558132794,20611072
1558132795,20365312
1558132796,12206080
1558132797,20291584
1558132798,21233664
1558132799,14417920
1558132800,18890752
1558132801,11272192
1558132802,19070976
1558132803,10534912
1558132804,14213120
1558132805,18407424
1558132806,10502144
1558132807,18604032
1558132808,25001984
1558132809,18350080
1558132810,21086208
1558132811,20512768
1558132812,13869056
1558132813,9740288
1558132814,11223040
1558132815,20553728
1558132816,21037056
1558132817,12681216
1558132818,18907136
1558132819,10067968
1558132820,15089664
1558132821,4726784
1558132822,12771328
1558132823,18120704
1558132824,18866176
1558132825,11968512
1558132826,19996672
1558132827,12148736
1558132828,20045824
1558132829,20922368
1558132830,12705792
1558132831,19308544
1558132832,21487616
1558132833,14909440
1558132834,18153472
1558132835,10862592
1558132836,18415616
1558132837,11943936
1558132838,19103744
1558132839,20250624
1558132840,20799488
1558132841,13869056
1558132842,17686528
1558132843,11255808
1558132844,17711104
1558132845,11444224
1558132846,17768448
1558132847,21307392
1558132848,14958592
1558132849,17735680
1558132850,11821056
1558132851,6807552
1558132852,11067392
1558132853,18530304
1558132854,10665984
1558132855,13869056
1558132856,17858560
1558132857,10764288
1558132858,18472960
1558132859,11943936
1558132860,18800640
1558132861,20815872
1558132862,13033472
1558132863,18579456
1558132864,21610496
1558132865,14270464
1558132866,18006016
1558132867,11796480
1558132868,17145856
1558132869,10641408
1558132870,18587648
1558132871,25026560
1558132872,18604032
1558132873,20865024
1558132874,11124736
1558132875,15310848
1558132876,18890752
1558132877,11632640
1558132878,19349504
1558132879,11927552
1558132880,18620416
1558132881,10829824
1558132882,14802944
1558132883,18022400
1558132884,19922944
1558132885,13295616
1558132886,17891328
1558132887,11370496
1558132888,18071552
1558132889,10567680
1558132890,18800640
1558132891,18694144
1558132892,12034048
1558132893,15106048
1558132894,18718720
1558132895,12271616
1558132896,19333120
1558132897,12484608
1558132898,17801216
1558132899,10338304
1558132900,18448384
1558132901,20930560
1558132902,12713984
1558132903,19087360
1558132904,20938752
1558132905,11640832
1558132906,18104320
1558132907,19931136
1558132908,13983744
1558132909,17997824
1558132910,10125312
1558132911,15163392
1558132912,18489344
1558132913,12124160
1558132914,4907008
1558132915,11640832
1558132916,19398656
1558132917,12148736
1558132918,19636224
1558132919,20250624
1558132920,11812864
1558132921,19259392
1558132922,20996096
1558132923,11845632
1558132924,18522112
1558132925,20955136
1558132926,13385728
1558132927,19496960
1558132928,21307392
1558132929,13828096
1558132930,18276352
1558132931,11239424
1558132932,17932288
1558132933,10338304
1558132934,18751488
1558132935,20914176
1558132936,13107200
1558132937,18718720
1558132938,20471808
1558132939,13262848
1558132940,7118848
1558132941,11223040
1558132942,19988480
1558132943,21192704
1558132944,20471808
1558132945,20742144
1558132946,15056896
1558132947,19013632
1558132948,12181504
1558132949,20463616
1558132950,12279808
1558132951,19947520
1558132952,14647296
1558132953,13246464
1558132954,16769024
1558132955,20971520
1558132956,14770176
1558132957,18079744
1558132958,11968512
1558132959,17915904
1558132960,11419648
1558132961,18432000
1558132962,25378816
1558132963,18243584
1558132964,21274624
1558132965,20291584
1558132966,14540800
1558132967,18292736
1558132968,12001280
1558132969,18382848
1558132970,11313152
1558132971,20160512
1558132972,21430272
1558132973,12787712
1558132974,19341312
1558132975,21028864
1558132976,13410304
1558132977,19193856
1558132978,11124736
1558132979,14942208
1558132980,18620416
1558132981,12640256
1558132982,18366464
1558132983,11296768
1558132984,11108352
1558132985,11542528
1558132986,18096128
1558132987,20922368
1558132988,12230656
1558132989,18710528
1558132990,11837440
1558132991,12517376
1558132992,18989056
1558132993,25296896
1558132994,18677760
1558132995,12460032
1558132996,11952128
1558132997,19243008
1558132998,20881408
1558132999,12910592
1558133000,18677760
1558133001,22863872
1558133002,15859712
1558133003,18972672
1558133004,20807680
1558133005,13639680
1558133006,19398656
1558133007,12328960
1558133008,20389888
1558133009,14434304
1558133010,13254656
1558133011,19529728
1558133012,22568960
1558133013,14131200
1558133014,8568832
1558133015,11288576
1558133016,19415040
1558133017,20709376
1558133018,12607488
1558133019,19169280
1558133020,22241280
1558133021,15187968
1558133022,19030016
1558133023,11583488
1558133024,19759104
1558133025,12066816
1558133026,18702336
1558133027,20635648
1558133028,13369344
1558133029,18972672
1558133030,11419648
1558133031,19808256
1558133032,21733376
1558133033,12468224
1558133034,19128320
1558133035,20135936
1558133036,13156352
1558133037,18104320
1558133038,11599872
1558133039,18210816
1558133040,11108352
1558133041,14532608
1558133042,18661376
1558133043,11755520
1558133044,17113088
1558133045,21102592
1558133046,14327808
1558133047,17850368
1558133048,11665408
1558133049,18194432
1558133050,10813440
1558133051,19275776
1558133052,21291008
1558133053,12935168
1558133054,19300352
1558133055,11747328
1558133056,13869056
1558133057,17219584
1558133058,9887744
1558133059,20176896
1558133060,21291008
1558133061,25092096
1558133062,18702336
1558133063,19398656
1558133064,19750912
1558133065,21250048
1558133066,13393920
1558133067,19243008
1558133068,21405696
1558133069,14671872
1558133070,4833280
1558133071,11902976
1558133072,18120704
1558133073,11919360
1558133074,18677760
1558133075,22069248
1558133076,15360000
1558133077,18677760
1558133078,12197888
1558133079,18358272
1558133080,11894784
1558133081,18972672
1558133082,12009472
1558133083,18227200
1558133084,21086208
1558133085,12574720
1558133086,17661952
1558133087,21258240
1558133088,12468224
1558133089,19480576
1558133090,17186816
1558133091,10764288
1558133092,15187968
1558133093,18735104
1558133094,12795904
1558133095,18186240
1558133096,12083200
1558133097,18817024
1558133098,12361728
1558133099,18014208
1558133100,11395072
1558133101,17760256
1558133102,11943936
1558133103,12279808
1558133104,18366464
1558133105,11591680
1558133106,15532032
1558133107,4784128
1558133108,12886016
1558133109,18546688
1558133110,12533760
1558133111,9961472
1558133112,11010048
1558133113,14761984
1558133114,18661376
1558133115,12492800
1558133116,18702336
1558133117,11018240
1558133118,19374080
1558133119,20332544
1558133120,13524992
1558133121,18391040
1558133122,10878976
1558133123,18448384
1558133124,17088512
1558133125,20733952
1558133126,11558912
1558133127,18128896
1558133128,21069824
1558133129,21168128
1558133130,15376384
1558133131,18677760
1558133132,12042240
1558133133,19955712
1558133134,22331392
1558133135,15777792
1558133136,19259392
1558133137,12697600
1558133138,18407424
1558133139,11517952
1558133140,19554304
1558133141,12148736
1558133142,19963904
1558133143,20561920
1558133144,20971520
1558133145,14614528
1558133146,18898944
1558133147,12263424
1558133148,19513344
1558133149,21733376
1558133150,14704640
1558133151,18071552
1558133152,12058624
1558133153,17637376
1558133154,11599872
1558133155,17833984
1558133156,22798336
1558133157,15867904
1558133158,18407424
1558133159,11812864
1558133160,19038208
1558133161,11558912
1558133162,19103744
1558133163,21127168
1558133164,13074432
1558133165,18956288
1558133166,10854400
1558133167,14090240
1558133168,17842176
1558133169,11608064
1558133170,18792448
1558133171,11354112
1558133172,14417920
1558133173,17981440
1558133174,11788288
1558133175,18497536
1558133176,11362304
1558133177,17907712
1558133178,19701760
1558133179,12681216
1558133180,18317312
1558133181,10625024
1558133182,18907136
1558133183,25468928
1558133184,21839872
1558133185,13885440
1558133186,17735680
1558133187,10141696
1558133188,17850368
1558133189,21757952
1558133190,15138816
1558133191,5824512
1558133192,10838016
1558133193,18046976
1558133194,11681792
1558133195,19988480
1558133196,21200896
1558133197,24854528
1558133198,18669568
1558133199,20979712
1558133200,12902400
1558133201,20127744
1558133202,21192704
1558133203,12607488
1558133204,19480576
1558133205,21856256
1558133206,15728640
1558133207,18595840
1558133208,11362304
1558133209,10444800
1558133210,13156352
1558133211,18087936
1558133212,22560768
1558133213,14286848
1558133214,19701760
1558133215,12058624
1558133216,18604032
1558133217,21913600
1558133218,12853248
1558133219,18407424
1558133220,11640832
1558133221,18235392
1558133222,11632640
1558133223,16850944
1558133224,20258816
1558133225,21176320
1558133226,14368768
1558133227,18284544
1558133228,8388608
1558133229,14622720
1558133230,4816896
1558133231,12959744
1558133232,7208960
1558133233,11853824
1558133234,19128320
1558133235,21774336
1558133236,15065088
1558133237,18268160
1558133238,12009472
1558133239,16015360
1558133240,20832256
1558133241,14073856
1558133242,18432000
1558133243,11583488
1558133244,14860288
1558133245,19963904
1558133246,21610496
1558133247,13402112
1558133248,19537920
1558133249,24887296
1558133250,14499840
1558133251,17883136
1558133252,21389312
1558133253,13950976
1558133254,19169280
1558133255,11575296
1558133256,18341888
1558133257,10379264
1558133258,13164544
1558133259,6086656
1558133260,11657216
1558133261,17203200
1558133262,20168704
1558133263,12910592
1558133264,8224768
1558133265,11419648
1558133266,20234240
1558133267,20946944
1558133268,21929984
1558133269,15663104
1558133270,19103744
1558133271,11403264
1558133272,20299776
1558133273,15384576
1558133274,15794176
1558133275,20062208
1558133276,14344192
1558133277,10330112
1558133278,12632064
1558133279,22224896
1558133280,20914176
1558133281,14303232
1558133282,18612224
1558133283,10616832
1558133284,18931712
1558133285,11952128
1558133286,19431424
1558133287,20283392
1558133288,11714560
1558133289,19832832
1558133290,21544960
1558133291,13172736
1558133292,19800064
1558133293,20889600
1558133294,21938176
1558133295,15949824
1558133296,19406848
1558133297,11730944
1558133298,20439040
1558133299,12271616
1558133300,18432000
1558133301,24666112
1558133302,18046976
1558133303,20037632
1558133304,16318464
1558133305,20275200
1558133306,11911168
1558133307,19464192
1558133308,20422656
1558133309,12271616
1558133310,18087936
1558133311,11403264
1558133312,17973248
1558133313,22765568
1558133314,14319616
1558133315,19390464
1558133316,13467648
1558133317,17408000
1558133318,19300352
1558133319,13410304
1558133320,7184384
1558133321,12255232
1558133322,20062208
1558133323,11960320
1558133324,19234816
1558133325,20840448
1558133326,21610496
1558133327,15769600
1558133328,19292160
1558133329,12951552
1558133330,19103744
1558133331,12099584
1558133332,19693568
1558133333,13033472
1558133334,17760256
1558133335,11239424
1558133336,16932864
1558133337,19292160
1558133338,21413888
1558133339,12623872
1558133340,20463616
1558133341,14032896
1558133342,13148160
1558133343,19144704
1558133344,22200320
1558133345,15876096
1558133346,19447808
1558133347,12738560
1558133348,18767872
1558133349,11960320
1558133350,19857408
1558133351,12632064
1558133352,19390464
1558133353,19955712
1558133354,14090240
1558133355,7225344
1558133356,11771904
1558133357,16187392
1558133358,19775488
1558133359,12148736
1558133360,18358272
1558133361,21790720
1558133362,13754368
1558133363,18415616
1558133364,19963904
1558133365,13049856
1558133366,18300928
1558133367,10567680
1558133368,18227200
1558133369,20733952
1558133370,13107200
1558133371,18333696
1558133372,21544960
1558133373,10846208
1558133374,20185088
1558133375,20455424
1558133376,14426112
1558133377,18448384
1558133378,8650752
1558133379,18964480
1558133380,19922944
1558133381,13295616
1558133382,6995968
1558133383,10821632
1558133384,19046400
1558133385,20373504
1558133386,13508608
1558133387,18022400
1558133388,10772480
1558133389,15532032
1558133390,20406272
1558133391,12386304
1558133392,20496384
1558133393,21643264
1558133394,13697024
1558133395,20185088
1558133396,21757952
1558133397,13565952
1558133398,19087360
1558133399,24977408
1558133400,14983168
1558133401,18661376
1558133402,21397504
1558133403,13426688
1558133404,19750912
1558133405,21028864
1558133406,14622720
1558133407,18481152
1558133408,12312576
1558133409,18481152
1558133410,12648448
1558133411,18341888
1558133412,21176320
1558133413,14172160
1558133414,18464768
1558133415,11730944
1558133416,17965056
1558133417,22560768
1558133418,18186240
1558133419,18628608
1558133420,12730368
1558133421,5668864
1558133422,11264000
1558133423,18604032
1558133424,19701760
1558133425,20611072
1558133426,14196736
1558133427,18219008
1558133428,21995520
1558133429,14671872
1558133430,18661376
1558133431,12279808
1558133432,18145280
1558133433,10493952
1558133434,18276352
1558133435,12075008
1558133436,17137664
1558133437,10633216
1558133438,16072704
1558133439,20340736
1558133440,14147584
1558133441,5201920
1558133442,11419648
1558133443,17752064
1558133444,10706944
1558133445,18767872
1558133446,20504576
1558133447,13516800
1558133448,18259968
1558133449,8617984
1558133450,13811712
1558133451,17448960
1558133452,11272192
1558133453,18087936
1558133454,11558912
1558133455,19062784
1558133456,20463616
1558133457,13352960
1558133458,18980864
1558133459,11206656
1558133460,19038208
1558133461,20889600
1558133462,14213120
1558133463,19144704
1558133464,11337728
1558133465,15032320
1558133466,20299776
1558133467,21176320
1558133468,14442496
1558133469,19234816
1558133470,11952128
1558133471,18505728
1558133472,21676032
1558133473,13312000
1558133474,19529728
1558133475,21692416
1558133476,11567104
1558133477,19726336
1558133478,11829248
1558133479,19005440
1558133480,15925248
1558133481,13418496
1558133482,19382272
1558133483,20537344
1558133484,19800064
1558133485,13787136
1558133486,18391040
1558133487,8028160
1558133488,19808256
1558133489,20701184
1558133490,13713408
1558133491,18464768
1558133492,11304960
1558133493,19357696
1558133494,20332544
1558133495,13549568
1558133496,18268160
1558133497,9682944
1558133498,17506304
1558133499,10452992
1558133500,19374080
1558133501,20283392
1558133502,13238272
1558133503,20332544
1558133504,20267008
1558133505,14286848
1558133506,18366464
1558133507,12451840
1558133508,5185536
1558133509,22265856
1558133510,15745024
1558133511,19546112
1558133512,13582336
1558133513,18268160
1558133514,10346496
1558133515,19841024
1558133516,21676032
1558133517,15450112
1558133518,18874368
1558133519,12238848
1558133520,18014208
1558133521,11264000
1558133522,19128320
1558133523,21905408
1558133524,13639680
1558133525,18300928
1558133526,11247616
1558133527,18169856
1558133528,11591680
1558133529,18341888
1558133530,21143552
1558133531,11968512
1558133532,19595264
1558133533,20717568
1558133534,13778944
1558133535,19718144
1558133536,20971520
1558133537,12861440
1558133538,20668416
1558133539,12337152
1558133540,12058624
1558133541,10313728
1558133542,9428992
1558133543,18128896
1558133544,14327808
1558133545,19415040
1558133546,19529728
1558133547,11968512
1558133548,18538496
1558133549,11460608
1558133550,17670144
1558133551,22282240
1558133552,14942208
1558133553,18448384
1558133554,12427264
1558133555,17154048
1558133556,10625024
1558133557,18325504
1558133558,22872064
1558133559,15589376
1558133560,19251200
1558133561,11616256
1558133562,19808256
1558133563,21716992
1558133564,15114240
1558133565,19128320
1558133566,12468224
1558133567,6553600
1558133568,11845632
1558133569,19464192
1558133570,12746752
1558133571,17408000
1558133572,20529152
1558133573,13197312
1558133574,17432576
1558133575,11173888
1558133576,18489344
1558133577,11362304
1558133578,17801216
1558133579,21823488
1558133580,14491648
1558133581,4448256
1558133582,11280384
1558133583,15040512
1558133584,22388736
1558133585,15384576
1558133586,19365888
1558133587,11796480
1558133588,20135936
1558133589,25354240
1558133590,18538496
1558133591,21028864
1558133592,12738560
1558133593,19562496
1558133594,21102592
1558133595,12943360
1558133596,19505152
1558133597,12025856
1558133598,14098432
1558133599,18817024
1558133600,11231232
1558133601,19742720
1558133602,21454848
1558133603,11993088
1558133604,22757376
1558133605,14385152
1558133606,19480576
1558133607,12738560
1558133608,19718144
1558133609,11345920
1558133610,15974400
1558133611,19578880
1558133612,13508608
1558133613,8437760
1558133614,11968512
1558133615,18661376
1558133616,21389312
1558133617,14434304
1558133618,18718720
1558133619,13287424
1558133620,20660224
1558133621,20979712
1558133622,13869056
1558133623,18604032
1558133624,21725184
1558133625,14761984
1558133626,6201344
1558133627,12115968
1558133628,18128896
1558133629,9592832
1558133630,14991360
1558133631,19054592
1558133632,13262848
1558133633,18358272
1558133634,12443648
1558133635,7045120
1558133636,12361728
1558133637,14393344
1558133638,12017664
1558133639,19021824
1558133640,13131776
1558133641,25329664
1558133642,18685952
1558133643,21315584
1558133644,12476416
1558133645,18292736
1558133646,21422080
1558133647,12279808
1558133648,19013632
1558133649,20611072
1558133650,13737984
1558133651,18595840
1558133652,22110208
1558133653,14950400
1558133654,18694144
1558133655,12419072
1558133656,19111936
1558133657,22609920
1558133658,14917632
1558133659,5627904
1558133660,12779520
1558133661,14073856
1558133662,12156928
1558133663,18579456
1558133664,15900672
1558133665,20537344
1558133666,21053440
1558133667,13688832
1558133668,19292160
1558133669,11091968
1558133670,19390464
1558133671,20914176
1558133672,13008896
1558133673,19374080
1558133674,21856256
1558133675,15458304
1558133676,19005440
1558133677,12836864
1558133678,17874944
1558133679,10674176
1558133680,18989056
1558133681,22036480
1558133682,15458304
1558133683,9355264
1558133684,11141120
1558133685,19456000
1558133686,20938752
1558133687,13836288
1558133688,19103744
1558133689,21028864
1558133690,14311424
1558133691,17571840
1558133692,11665408
1558133693,17678336
1558133694,10338304
1558133695,18481152
1558133696,21159936
1558133697,12836864
1558133698,20250624
1558133699,20914176
1558133700,12500992
1558133701,17588224
1558133702,18710528
1558133703,11116544
1558133704,19013632
1558133705,22183936
1558133706,15302656
1558133707,19021824
1558133708,13033472
1558133709,18145280
1558133710,11354112
1558133711,19595264
1558133712,12058624
1558133713,20398080
1558133714,20668416
1558133715,11296768
1558133716,19193856
1558133717,20783104
1558133718,13090816
1558133719,18391040
1558133720,11182080
1558133721,18309120
1558133722,20652032
1558133723,12263424
1558133724,13066240
1558133725,19398656
1558133726,20889600
1558133727,21176320
1558133728,14450688
1558133729,17563648
1558133730,11288576
1558133731,18612224
1558133732,11599872
1558133733,18022400
1558133734,22552576
1558133735,15278080
1558133736,18423808
1558133737,9166848
1558133738,19464192
1558133739,11870208
1558133740,19226624
1558133741,20561920
1558133742,13533184
1558133743,17514496
1558133744,10510336
1558133745,20242432
1558133746,20422656
1558133747,13295616
1558133748,17522688
1558133749,21872640
1558133750,14917632
1558133751,18669568
1558133752,12394496
1558133753,18391040
1558133754,10797056
1558133755,18415616
1558133756,11730944
1558133757,18882560
1558133758,21004288
1558133759,11059200
1558133760,19136512
1558133761,20447232
1558133762,13271040
1558133763,17653760
1558133764,21733376
1558133765,14761984
1558133766,18751488
1558133767,12722176
1558133768,18317312
1558133769,10993664
1558133770,17956864
1558133771,21061632
1558133772,25133056
1558133773,18522112
1558133774,21356544
1558133775,12771328
1558133776,19308544
1558133777,20307968
1558133778,13049856
1558133779,9969664
1558133780,12034048
1558133781,19677184
1558133782,21061632
1558133783,17760256
1558133784,7970816
1558133785,14483456
1558133786,18530304
1558133787,11821056
1558133788,18620416
1558133789,11870208
1558133790,23896064
1558133791,21028864
1558133792,11329536
1558133793,18874368
1558133794,15802368
1558133795,13762560
1558133796,20275200
1558133797,20439040
1558133798,13508608
1558133799,18284544
1558133800,11919360
1558133801,18358272
1558133802,11567104
1558133803,13254656
1558133804,18833408
1558133805,11059200
1558133806,19357696
1558133807,20643840
1558133808,13041664
1558133809,20430848
1558133810,21372928
1558133811,13418496
1558133812,19931136
1558133813,19865600
1558133814,13385728
1558133815,18735104
1558133816,11829248
1558133817,18513920
1558133818,21127168
1558133819,11501568
1558133820,14925824
1558133821,4374528
1558133822,12558336
1558133823,18038784
1558133824,12025856
1558133825,18391040
1558133826,11763712
1558133827,19750912
1558133828,20496384
1558133829,11952128
1558133830,20512768
1558133831,21086208
1558133832,13836288
1558133833,18710528
1558133834,21585920
1558133835,13713408
1558133836,19505152
1558133837,11173888
1558133838,19087360
1558133839,15646720
1558133840,11845632
1558133841,18833408
1558133842,20783104
1558133843,12402688
1558133844,22175744
1558133845,13361152
1558133846,19267584
1558133847,12214272
1558133848,17997824
1558133849,10280960
1558133850,19226624
1558133851,18202624
1558133852,21356544
1558133853,14934016
1558133854,5619712
1558133855,11706368
1558133856,20463616
1558133857,13131776
1558133858,18702336
1558133859,22806528
1558133860,15097856
1558133861,6733824
1558133862,12320768
1558133863,18669568
1558133864,11091968
1558133865,19308544
1558133866,21217280
1558133867,20955136
1558133868,15007744
1558133869,18464768
1558133870,12460032
1558133871,18530304
1558133872,12312576
1558133873,18718720
1558133874,12238848
1558133875,19357696
1558133876,20586496
1558133877,12713984
1558133878,18710528
1558133879,20701184
1558133880,14622720
1558133881,17891328
1558133882,11386880
1558133883,18251776
1558133884,21839872
1558133885,14983168
1558133886,17661952
1558133887,11436032
1558133888,18808832
1558133889,11001856
1558133890,18735104
1558133891,20938752
1558133892,13713408
1558133893,18980864
1558133894,17031168
1558133895,15130624
1558133896,18628608
1558133897,11296768
1558133898,18096128
1558133899,11550720
1558133900,16334848
1558133901,22069248
1558133902,14245888
1558133903,17858560
1558133904,19767296
1558133905,12476416
1558133906,16998400
1558133907,10592256
1558133908,17973248
1558133909,24821760
1558133910,18702336
1558133911,20529152
1558133912,21356544
1558133913,13836288
1558133914,18530304
1558133915,10977280
1558133916,18784256
1558133917,25395200
1558133918,18997248
1558133919,21192704
1558133920,12476416
1558133921,19980288
1558133922,21037056
1558133923,12828672
1558133924,19111936
1558133925,21250048
1558133926,14622720
1558133927,8536064
1558133928,11632640
1558133929,18112512
1558133930,22175744
1558133931,14417920
1558133932,17768448
1558133933,11075584
1558133934,18366464
1558133935,10944512
1558133936,19488768
1558133937,12787712
1558133938,13303808
1558133939,18030592
1558133940,10764288
1558133941,19521536
1558133942,21381120
1558133943,11198464
1558133944,14999552
1558133945,17539072
1558133946,11722752
1558133947,17784832
1558133948,11599872
1558133949,18825216
1558133950,12378112
1558133951,19521536
1558133952,16023552
1558133953,12410880
1558133954,20152320
1558133955,17883136
1558133956,13164544
1558133957,19906560
1558133958,21086208
1558133959,13254656
1558133960,18964480
1558133961,10436608
1558133962,20127744
1558133963,17899520
1558133964,4194304
1558133965,12951552
1558133966,18579456
1558133967,11165696
1558133968,18677760
1558133969,19873792
1558133970,13123584
1558133971,19152896
1558133972,21815296
1558133973,15040512
1558133974,18620416
1558133975,10510336
1558133976,19185664
1558133977,24870912
1558133978,18612224
1558133979,21045248
1558133980,20987904
1558133981,15024128
1558133982,18055168
1558133983,11534336
1558133984,19718144
1558133985,13156352
1558133986,18497536
1558133987,22224896
1558133988,14417920
1558133989,18120704
1558133990,12075008
1558133991,18309120
1558133992,10919936
1558133993,18366464
1558133994,21004288
1558133995,24829952
1558133996,18440192
1558133997,20643840
1558133998,12812288
1558133999,19103744
1558134000,21905408
1558134001,14622720
1558134002,6258688
1558134003,11730944
1558134004,18358272
1558134005,11444224
1558134006,19226624
1558134007,20602880
1558134008,12247040
1558134009,18268160
1558134010,20332544
1558134011,12722176
1558134012,18587648
1558134013,11304960
1558134014,18661376
1558134015,19832832
1558134016,12763136
1558134017,18669568
1558134018,20439040
1558134019,13598720
1558134020,7028736
1558134021,11493376
1558134022,17670144
1558134023,20512768
1558134024,20127744
1558134025,13262848
1558134026,17825792
1558134027,11182080
1558134028,18825216
1558134029,20144128
1558134030,13803520
1558134031,17768448
1558134032,11812864
1558134033,15155200
1558134034,11763712
1558134035,19587072
1558134036,21078016
1558134037,12550144
1558134038,19226624
1558134039,20381696
1558134040,13877248
1558134041,18071552
1558134042,11804672
1558134043,17432576
1558134044,10731520
1558134045,17817600
1558134046,20971520
1558134047,13254656
1558134048,6406144
1558134049,10723328
1558134050,19546112
1558134051,20799488
1558134052,12402688
1558134053,18923520
1558134054,19939328
1558134055,12886016
1558134056,17252352
1558134057,10690560
1558134058,17981440
1558134059,11091968
1558134060,16916480
1558134061,10395648
1558134062,12320768
1558134063,22634496
1558134064,15310848
1558134065,17809408
1558134066,10969088
1558134067,17465344
1558134068,11329536
1558134069,19316736
1558134070,12599296
1558134071,18481152
1558134072,21094400
1558134073,21274624
1558134074,14983168
1558134075,18391040
1558134076,10149888
1558134077,19611648
1558134078,20955136
1558134079,13008896
1558134080,18718720
1558134081,25387008
1558134082,18497536
1558134083,19570688
1558134084,18907136
1558134085,20242432
1558134086,12673024
1558134087,18735104
1558134088,22142976
1558134089,14598144
1558134090,19013632
1558134091,11919360
1558134092,18759680
1558134093,20537344
1558134094,14712832
1558134095,17514496
1558134096,11132928
1558134097,18219008
1558134098,22380544
1558134099,15712256
1558134100,18997248
1558134101,12369920
1558134102,19243008
1558134103,25452544
1558134104,18718720
1558134105,21209088
1558134106,12296192
1558134107,19038208
1558134108,19128320
1558134109,11943936
1558134110,18964480
1558134111,16678912
1558134112,12877824
1558134113,20381696
1558134114,21356544
1558134115,13279232
1558134116,19357696
1558134117,10977280
1558134118,15589376
1558134119,5824512
1558134120,11853824
1558134121,17620992
1558134122,11116544
1558134123,18030592
1558134124,21364736
1558134125,13754368
1558134126,18710528
1558134127,11059200
1558134128,20299776
1558134129,21053440
1558134130,13377536
1558134131,15687680
1558134132,11108352
1558134133,15540224
1558134134,19488768
1558134135,11223040
1558134136,19955712
1558134137,11509760
1558134138,19980288
1558134139,17268736
1558134140,14475264
1558134141,19496960
1558134142,22487040
1558134143,14475264
1558134144,16842752
1558134145,20037632
1558134146,11165696
1558134147,13361152
1558134148,17604608
1558134149,11231232
1558134150,17571840
1558134151,10002432
1558134152,13811712
1558134153,17850368
1558134154,12107776
1558134155,17096704
1558134156,12386304
1558134157,19922944
1558134158,20938752
1558134159,13041664
1558134160,18849792
1558134161,10387456
1558134162,18890752
1558134163,20684800
1558134164,13238272
1558134165,18915328
1558134166,21143552
1558134167,13590528
1558134168,18522112
1558134169,11599872
1558134170,18759680
1558134171,20332544
1558134172,11919360
1558134173,20160512
1558134174,14090240
1558134175,13713408
1558134176,18145280
1558134177,10027008
1558134178,15278080
1558134179,18857984
1558134180,13000704
1558134181,5857280
1558134182,12271616
1558134183,18571264
1558134184,20979712
1558134185,14286848
1558134186,5799936
1558134187,10780672
1558134188,18513920
1558134189,20463616
1558134190,14041088
1558134191,17383424
1558134192,11116544
1558134193,16719872
1558134194,10518528
1558134195,20717568
1558134196,20348928
1558134197,12697600
1558134198,18317312
1558134199,21143552
1558134200,14786560
1558134201,17915904
1558134202,11902976
1558134203,18325504
1558134204,20520960
1558134205,21004288
1558134206,13361152
1558134207,18726912
1558134208,21987328
1558134209,14852096
1558134210,19062784
1558134211,11755520
1558134212,18702336
1558134213,21528576
1558134214,14286848
1558134215,18644992
1558134216,11198464
1558134217,20258816
1558134218,21577728
1558134219,16777216
1558134220,16785408
1558134221,19546112
1558134222,13697024
1558134223,19300352
1558134224,13262848
1558134225,20217856
1558134226,21929984
1558134227,14925824
1558134228,18915328
1558134229,12591104
1558134230,18464768
1558134231,11182080
1558134232,19398656
1558134233,12582912
1558134234,20480000
1558134235,20447232
1558134236,12419072
1558134237,20054016
1558134238,21389312
1558134239,16580608
1558134240,19349504
1558134241,11583488
1558134242,13549568
1558134243,17973248
1558134244,11108352
1558134245,17473536
1558134246,22274048
1558134247,14180352
1558134248,19480576
1558134249,11804672
1558134250,19193856
1558134251,21364736
1558134252,12066816
1558134253,9117696
1558134254,11198464
1558134255,20209664
1558134256,21151744
1558134257,12050432
1558134258,18898944
1558134259,21241856
1558134260,13434880
1558134261,19177472
1558134262,22519808
1558134263,12034048
1558134264,13713408
1558134265,18784256
1558134266,20340736
1558134267,12943360
1558134268,17178624
1558134269,20324352
1558134270,14016512
1558134271,17727488
1558134272,11714560
1558134273,18006016
1558134274,10788864
1558134275,19005440
1558134276,21405696
1558134277,13025280
1558134278,19415040
1558134279,11952128
1558134280,12935168
1558134281,8380416
1558134282,10854400
1558134283,17154048
1558134284,22667264
1558134285,15220736
1558134286,18841600
1558134287,11362304
1558134288,19300352
1558134289,10895360
1558134290,14909440
1558134291,18964480
1558134292,13352960
1558134293,19070976
1558134294,13148160
1558134295,19693568
1558134296,11689984
1558134297,18620416
1558134298,19300352
1558134299,12754944
1558134300,16457728
1558134301,10616832
1558134302,15040512
1558134303,12165120
1558134304,12943360
1558134305,17874944
1558134306,11345920
1558134307,20545536
1558134308,21340160
1558134309,13631488
1558134310,19521536
1558134311,12083200
1558134312,13271040
1558134313,18694144
1558134314,22970368
1558134315,15704064
1558134316,18546688
1558134317,10821632
1558134318,19857408
1558134319,22609920
1558134320,16277504
1558134321,19742720
1558134322,10772480
1558134323,19300352
1558134324,20504576
1558134325,21045248
1558134326,13803520
1558134327,17760256
1558134328,20733952
1558134329,14295040
1558134330,18243584
1558134331,12025856
1558134332,17940480
1558134333,10395648
1558134334,18456576
1558134335,24805376
1558134336,18407424
1558134337,20160512
1558134338,10207232
1558134339,14843904
1558134340,19259392
1558134341,12746752
1558134342,20045824
1558134343,12615680
1558134344,18538496
1558134345,24944640
1558134346,18358272
1558134347,21045248
1558134348,12148736
1558134349,16670720
1558134350,21004288
1558134351,12656640
1558134352,15179776
1558134353,18546688
1558134354,12222464
1558134355,19521536
1558134356,13017088
1558134357,17981440
1558134358,22077440
1558134359,14508032
1558134360,19079168
1558134361,12288000
1558134362,18595840
1558134363,25387008
1558134364,18423808
1558134365,19521536
1558134366,20676608
1558134367,12697600
1558134368,19308544
1558134369,25174016
1558134370,18407424
1558134371,20881408
1558134372,12222464
1558134373,19202048
1558134374,12632064
1558134375,13508608
1558134376,19177472
1558134377,20430848
1558134378,13860864
1558134379,18538496
1558134380,11501568
1558134381,17408000
1558134382,22159360
1558134383,14458880
1558134384,22044672
1558134385,19619840
1558134386,12328960
1558134387,17899520
1558134388,10305536
1558134389,15212544
1558134390,18882560
1558134391,11517952
1558134392,19783680
1558134393,11862016
1558134394,15147008
1558134395,18620416
1558134396,12034048
1558134397,14057472
1558134398,22298624
1558134399,15097856
1558134400,19243008
1558134401,12460032
1558134402,17752064
1558134403,10911744
1558134404,19005440
1558134405,11599872
1558134406,19046400
1558134407,20291584
1558134408,12402688
1558134409,18063360
1558134410,10952704
1558134411,18997248
1558134412,20217856
1558134413,25468928
1558134414,18604032
1558134415,21299200
1558134416,13074432
1558134417,18235392
1558134418,21135360
1558134419,12099584
1558134420,20217856
1558134421,21094400
1558134422,14180352
1558134423,18874368
1558134424,22290432
1558134425,15851520
1558134426,19267584
1558134427,12935168
1558134428,18784256
1558134429,11747328
1558134430,19111936
1558134431,11935744
1558134432,20201472
1558134433,20242432
1558134434,10772480
1558134435,18718720
1558134436,21004288
1558134437,13402112
1558134438,19120128
1558134439,21471232
1558134440,15196160
1558134441,18939904
1558134442,13303808
1558134443,18661376
1558134444,4669440
1558134445,10805248
1558134446,19398656
1558134447,11378688
1558134448,15613952
1558134449,18522112
1558134450,10412032
1558134451,19333120
1558134452,21807104
1558134453,14753792
1558134454,19423232
1558134455,12713984
1558134456,19365888
1558134457,12722176
1558134458,19243008
1558134459,25518080
1558134460,17817600
1558134461,21037056
1558134462,21921792
1558134463,15245312
1558134464,19398656
1558134465,11354112
1558134466,19456000
1558134467,20938752
1558134468,14082048
1558134469,18284544
1558134470,12271616
1558134471,18784256
1558134472,23478272
1558134473,15704064
1558134474,19496960
1558134475,12861440
1558134476,19824640
1558134477,11452416
1558134478,18964480
1558134479,21078016
1558134480,13852672
1558134481,19431424
1558134482,20406272
1558134483,12992512
1558134484,18137088
1558134485,11558912
1558134486,19431424
1558134487,13385728
1558134488,11476992
1558134489,18784256
1558134490,21258240
1558134491,13860864
1558134492,18440192
1558134493,10387456
1558134494,20201472
1558134495,20504576
1558134496,13959168
1558134497,18546688
1558134498,10518528
1558134499,18358272
1558134500,20987904
1558134501,13606912
1558134502,9445376
1558134503,11968512
1558134504,21913600
1558134505,14811136
1558134506,6348800
1558134507,12288000
1558134508,18751488
1558134509,21209088
1558134510,13893632
1558134511,17227776
1558134512,10870784
1558134513,18137088
1558134514,11886592
1558134515,18735104
1558134516,20389888
1558134517,13246464
1558134518,18612224
1558134519,21151744
1558134520,13533184
1558134521,18685952
1558134522,11075584
1558134523,18456576
1558134524,20439040
1558134525,12713984
1558134526,17973248
1558134527,24895488
1558134528,17637376
1558134529,20283392
1558134530,21405696
1558134531,15187968
1558134532,19259392
1558134533,12271616
1558134534,20324352
1558134535,13197312
1558134536,18448384
1558134537,11313152
1558134538,14614528
1558134539,18432000
1558134540,14893056
1558134541,19693568
1558134542,22208512
1558134543,13623296
1558134544,19595264
1558134545,12107776
1558134546,18014208
1558134547,13058048
1558134548,13246464
1558134549,17850368
1558134550,11460608
1558134551,19816448
1558134552,21659648
1558134553,13434880
1558134554,19890176
1558134555,20676608
1558134556,14417920
1558134557,6750208
1558134558,10551296
1558134559,19931136
1558134560,20520960
1558134561,13336576
1558134562,17670144
1558134563,9666560
1558134564,12861440
1558134565,18382848
1558134566,21110784
1558134567,12484608
1558134568,19701760
1558134569,20013056
1558134570,13172736
1558134571,18112512
1558134572,11526144
1558134573,18489344
1558134574,12705792
1558134575,13582336
1558134576,17907712
1558134577,12017664
1558134578,19234816
1558134579,20848640
1558134580,13680640
1558134581,15302656
1558134582,11337728
1558134583,23298048
1558134584,20504576
1558134585,12500992
1558134586,18620416
1558134587,11304960
1558134588,15384576
1558134589,18554880
1558134590,11386880
1558134591,18128896
1558134592,11018240
1558134593,15138816
1558134594,19152896
1558134595,12713984
1558134596,14131200
1558134597,12230656
1558134598,18907136
1558134599,20807680
1558134600,12574720
1558134601,17924096
1558134602,21135360
1558134603,13598720
1558134604,17858560
1558134605,11067392
1558134606,18268160
1558134607,20881408
1558134608,14155776
1558134609,17612800
1558134610,11780096
1558134611,3235840
1558134612,11575296
1558134613,4898816
1558134614,12410880
1558134615,17547264
1558134616,10444800
1558134617,18210816
1558134618,20045824
1558134619,20611072
1558134620,14221312
1558134621,18358272
1558134622,11067392
1558134623,20275200
1558134624,18210816
1558134625,14614528
1558134626,17817600
1558134627,16564224
1558134628,18833408
1558134629,11460608
1558134630,18497536
1558134631,12099584
1558134632,19161088
1558134633,20791296
1558134634,14098432
1558134635,18079744
1558134636,11231232
1558134637,18169856
1558134638,12337152
1558134639,13025280
1558134640,17735680
1558134641,11149312
1558134642,17784832
1558134643,22200320
1558134644,14278656
1558134645,18587648
1558134646,12099584
1558134647,10493952
1558134648,22077440
1558134649,13574144
1558134650,19079168
1558134651,11272192
1558134652,12427264
1558134653,10493952
1558134654,14524416
1558134655,17997824
1558134656,12042240
1558134657,18612224
1558134658,12255232
1558134659,16908288
1558134660,22773760
1558134661,15482880
1558134662,18898944
1558134663,12304384
1558134664,19603456
1558134665,20561920
1558134666,14630912
1558134667,17948672
1558134668,12132352
1558134669,18202624
1558134670,11476992
1558134671,19521536
1558134672,21020672
1558134673,13230080
1558134674,18456576
1558134675,20758528
1558134676,13418496
1558134677,17498112
1558134678,10412032
1558134679,18808832
1558134680,20938752
1558134681,11902976
1558134682,19283968
1558134683,21495808
1558134684,20750336
1558134685,12574720
1558134686,19636224
1558134687,15065088
1558134688,13107200
1558134689,18989056
1558134690,25231360
1558134691,19726336
1558134692,17129472
1558134693,25247744
1558134694,18882560
1558134695,20848640
1558134696,13115392
1558134697,18620416
1558134698,10797056
1558134699,13549568
1558134700,17956864
1558134701,11452416
1558134702,17326080
1558134703,10272768
1558134704,14573568
1558134705,17973248
1558134706,12214272
1558134707,18702336
1558134708,10346496
1558134709,14426112
1558134710,4792320
1558134711,11862016
1558134712,18104320
1558134713,11018240
1558134714,18350080
1558134715,22642688
1558134716,15482880
1558134717,19120128
1558134718,11681792
1558134719,19324928
1558134720,11812864
1558134721,19849216
1558134722,20873216
1558134723,12886016
1558134724,18923520
1558134725,22020096
1558134726,16318464
1558134727,19374080
1558134728,13156352
1558134729,6397952
1558134730,12853248
1558134731,18718720
1558134732,12296192
1558134733,20226048
1558134734,13746176
1558134735,21143552
1558134736,15171584
1558134737,18817024
1558134738,12238848
1558134739,18669568
1558134740,7839744
1558134741,14213120
1558134742,20611072
1558134743,14016512
1558134744,18956288
1558134745,20275200
1558134746,12877824
1558134747,18923520
1558134748,11173888
1558134749,18366464
1558134750,20840448
1558134751,11993088
1558134752,20299776
1558134753,21348352
1558134754,14155776
1558134755,19169280
1558134756,9961472
1558134757,13656064
1558134758,18481152
1558134759,11313152
1558134760,19881984
1558134761,19562496
1558134762,12959744
1558134763,10526720
1558134764,11264000
1558134765,20480000
1558134766,21274624
1558134767,13049856
1558134768,19447808
1558134769,21577728
1558134770,15065088
1558134771,18874368
1558134772,9109504
1558134773,19546112
1558134774,12009472
1558134775,19718144
1558134776,21151744
1558134777,9428992
1558134778,14786560
1558134779,18292736
1558134780,11960320
1558134781,17539072
1558134782,10944512
1558134783,18710528
1558134784,12009472
1558134785,19644416
1558134786,20758528
1558134787,13025280
1558134788,16900096
1558134789,15228928
1558134790,12034048
1558134791,20037632
1558134792,21004288
1558134793,13500416
1558134794,18571264
1558134795,10682368
1558134796,19070976
1558134797,19890176
1558134798,12214272
1558134799,17506304
1558134800,20267008
1558134801,13058048
1558134802,17965056
1558134803,10739712
1558134804,22224896
1558134805,14032896
1558134806,18784256
1558134807,12091392
1558134808,18817024
1558134809,11157504
1558134810,19554304
1558134811,20250624
1558134812,13238272
1558134813,18456576
1558134814,11321344
1558134815,15884288
1558134816,20619264
1558134817,25165824
1558134818,18808832
1558134819,21118976
1558134820,16293888
1558134821,14139392
1558134822,18096128
1558134823,11714560
1558134824,18161664
1558134825,11386880
1558134826,16441344
1558134827,21790720
1558134828,14999552
1558134829,18472960
1558134830,11993088
1558134831,5062656
1558134832,10911744
1558134833,15228928
1558134834,5251072
1558134835,13058048
1558134836,18620416
1558134837,11919360
1558134838,20103168
1558134839,13320192
1558134840,17915904
1558134841,21995520
1558134842,14491648
1558134843,18685952
1558134844,12304384
1558134845,18677760
1558134846,12222464
1558134847,16695296
1558134848,20037632
1558134849,20127744
1558134850,13352960
1558134851,17416192
1558134852,11100160
1558134853,18644992
1558134854,22036480
1558134855,15409152
1558134856,18841600
1558134857,12328960
1558134858,18849792
1558134859,20594688
1558134860,13778944
1558134861,18030592
1558134862,10838016
1558134863,19513344
1558134864,16646144
1558134865,20103168
1558134866,11558912
1558134867,19890176
1558134868,16154624
1558134869,10371072
1558134870,13795328
1558134871,18259968
1558134872,12337152
1558134873,7110656
1558134874,10084352
1558134875,18817024
1558134876,20676608
1558134877,13541376
1558134878,18014208
1558134879,10608640
1558134880,22618112
1558134881,20054016
1558134882,12951552
1558134883,17711104
1558134884,13852672
1558134885,16490496
1558134886,20627456
1558134887,12296192
1558134888,15155200
1558134889,18538496
1558134890,11804672
1558134891,19423232
1558134892,12435456
1558134893,17522688
1558134894,22913024
1558134895,14786560
1558134896,19726336
1558134897,11534336
1558134898,19046400
1558134899,20922368
1558134900,13418496
1558134901,18456576
1558134902,20398080
1558134903,13344768
1558134904,17965056
1558134905,10780672
1558134906,18620416
1558134907,21708800
1558134908,14958592
1558134909,18243584
1558134910,12025856
1558134911,17276928
1558134912,10600448
1558134913,18350080
1558134914,11198464
1558134915,19144704
1558134916,19963904
1558134917,10616832
1558134918,20168704
1558134919,20553728
1558134920,13975552
1558134921,18800640
1558134922,21364736
1558134923,13811712
1558134924,17481728
1558134925,11534336
1558134926,12607488
1558134927,8445952
1558134928,10428416
1558134929,14852096
1558134930,18407424
1558134931,11845632
1558134932,18767872
1558134933,11632640
1558134934,19177472
1558134935,20193280
1558134936,13500416
1558134937,17735680
1558134938,10354688
1558134939,18882560
1558134940,21176320
1558134941,12328960
1558134942,14614528
1558134943,18604032
1558134944,11714560
1558134945,18448384
1558134946,22593536
1558134947,15572992
1558134948,18817024
1558134949,12181504
1558134950,20045824
1558134951,12763136
1558134952,18563072
1558134953,11542528
1558134954,14467072
1558134955,10919936
1558134956,12419072
1558134957,19062784
1558134958,20946944
1558134959,14516224
1558134960,18178048
1558134961,10928128
1558134962,18145280
1558134963,24649728
1558134964,18374656
1558134965,20611072
1558134966,12124160
1558134967,18710528
1558134968,20799488
1558134969,12681216
1558134970,20111360
1558134971,20389888
1558134972,12197888
1558134973,18833408
1558134974,20545536
1558134975,13279232
1558134976,18759680
1558134977,10543104
1558134978,14434304
1558134979,17981440
1558134980,11902976
1558134981,18587648
1558134982,10698752
1558134983,14770176
1558134984,18374656
1558134985,20709376
1558134986,12550144
1558134987,17580032
1558134988,21258240
1558134989,12263424
1558134990,18464768
1558134991,20971520
1558134992,12763136
1558134993,19349504
1558134994,20873216
1558134995,14639104
1558134996,18219008
1558134997,11968512
1558134998,18661376
1558134999,21782528
1558135000,14868480
1558135001,17899520
1558135002,12156928
1558135003,15785984
1558135004,22003712
1558135005,15171584
1558135006,18620416
1558135007,12255232
1558135008,19341312
1558135009,12263424
1558135010,20422656
1558135011,21217280
1558135012,12951552
1558135013,19177472
1558135014,20922368
1558135015,13983744
1558135016,18980864
1558135017,11821056
1558135018,18989056
1558135019,19824640
1558135020,13090816
1558135021,17760256
1558135022,22364160
1558135023,14458880
1558135024,19488768
1558135025,11329536
1558135026,19218432
1558135027,20914176
1558135028,14180352
1558135029,18341888
1558135030,9658368
1558135031,18456576
1558135032,20537344
1558135033,12451840
1558135034,19816448
1558135035,20209664
1558135036,12492800
1558135037,19103744
1558135038,21110784
1558135039,14352384
1558135040,19103744
1558135041,11280384
1558135042,19070976
1558135043,20496384
1558135044,20750336
1558135045,12476416
1558135046,18694144
1558135047,20717568
1558135048,14163968
1558135049,4464640
1558135050,11444224
1558135051,17555456
1558135052,11124736
1558135053,18857984
1558135054,12345344
1558135055,19988480
1558135056,20570112
1558135057,25460736
1558135058,18939904
1558135059,20881408
1558135060,12640256
1558135061,19750912
1558135062,20144128
1558135063,11960320
1558135064,18055168
1558135065,21995520
1558135066,15745024
1558135067,18563072
1558135068,11223040
1558135069,18538496
1558135070,11608064
1558135071,19185664
1558135072,21340160
1558135073,12091392
1558135074,19300352
1558135075,20979712
1558135076,13926400
1558135077,13303808
1558135078,11083776
1558135079,20070400
1558135080,16293888
1558135081,13434880
1558135082,19595264
1558135083,13574144
1558135084,12779520
1558135085,18276352
1558135086,10616832
1558135087,15785984
1558135088,20209664
1558135089,13205504
1558135090,19890176
1558135091,12173312
1558135092,20307968
1558135093,12271616
1558135094,16596992
1558135095,20791296
1558135096,12009472
1558135097,18890752
1558135098,19963904
1558135099,13017088
1558135100,17432576
1558135101,10551296
1558135102,17989632
1558135103,10248192
1558135104,25223168
1558135105,17817600
1558135106,21241856
1558135107,11804672
1558135108,15335424
1558135109,19275776
1558135110,10838016
1558135111,19898368
1558135112,12656640
1558135113,13008896
1558135114,11403264
1558135115,18685952
1558135116,21323776
1558135117,13172736
1558135118,19783680
1558135119,21331968
1558135120,12156928
1558135121,19546112
1558135122,11927552
1558135123,18538496
1558135124,21291008
1558135125,12533760
1558135126,17088512
1558135127,21102592
1558135128,12410880
1558135129,18882560
1558135130,21422080
1558135131,12664832
1558135132,20160512
1558135133,21102592
1558135134,13697024
1558135135,18432000
1558135136,11255808
1558135137,18251776
1558135138,20881408
1558135139,11681792
1558135140,15319040
1558135141,18866176
1558135142,12640256
1558135143,6422528
1558135144,12640256
1558135145,18915328
1558135146,12107776
1558135147,18563072
1558135148,20676608
1558135149,24215552
1558135150,17907712
1558135151,20267008
1558135152,12984320
1558135153,18751488
1558135154,20348928
1558135155,13991936
1558135156,18259968
1558135157,11386880
1558135158,19152896
1558135159,17858560
1558135160,12443648
1558135161,18063360
1558135162,20193280
1558135163,9928704
1558135164,21872640
1558135165,14630912
1558135166,19070976
1558135167,11894784
1558135168,19701760
1558135169,11698176
1558135170,20373504
1558135171,14090240
1558135172,13197312
1558135173,18423808
1558135174,8675328
1558135175,14188544
1558135176,17940480
1558135177,11239424
1558135178,18120704
1558135179,11739136
1558135180,18497536
1558135181,25124864
1558135182,18112512
1558135183,16760832
1558135184,11714560
1558135185,15663104
1558135186,19939328
1558135187,13574144
1558135188,19079168
1558135189,12484608
1558135190,19546112
1558135191,21381120
1558135192,14737408
1558135193,18079744
1558135194,11902976
1558135195,12025856
1558135196,12034048
1558135197,19087360
1558135198,20594688
1558135199,12951552
1558135200,19152896
1558135201,10690560
1558135202,15581184
1558135203,18104320
1558135204,12312576
1558135205,18014208
1558135206,11829248
1558135207,18309120
1558135208,11886592
1558135209,18219008
1558135210,20668416
1558135211,11378688
1558135212,18694144
1558135213,20496384
1558135214,12591104
1558135215,19644416
1558135216,20889600
1558135217,21078016
1558135218,14540800
1558135219,17997824
1558135220,12083200
1558135221,18563072
1558135222,11886592
1558135223,17891328
1558135224,14983168
1558135225,11501568
1558135226,19079168
1558135227,20078592
1558135228,11108352
1558135229,18178048
1558135230,20275200
1558135231,12058624
1558135232,17489920
1558135233,21569536
1558135234,14999552
1558135235,5603328
1558135236,11984896
1558135237,18751488
1558135238,10108928
1558135239,15228928
1558135240,4882432
1558135241,12836864
1558135242,4898816
1558135243,11968512
1558135244,20054016
1558135245,13238272
1558135246,18784256
1558135247,22126592
1558135248,15278080
1558135249,12296192
1558135250,11829248
1558135251,18907136
1558135252,20979712
1558135253,12353536
1558135254,19881984
1558135255,20946944
1558135256,13180928
1558135257,18743296
1558135258,25059328
1558135259,18423808
1558135260,19865600
1558135261,14065664
1558135262,14163968
1558135263,18292736
1558135264,11190272
1558135265,17801216
1558135266,20561920
1558135267,11632640
1558135268,15343616
1558135269,6053888
1558135270,13049856
1558135271,19398656
1558135272,12230656
1558135273,20062208
1558135274,21340160
1558135275,13434880
1558135276,19513344
1558135277,21602304
1558135278,14712832
1558135279,18374656
1558135280,12533760
1558135281,19202048
1558135282,11640832
1558135283,17940480
1558135284,15949824
1558135285,20471808
1558135286,20430848
1558135287,12279808
1558135288,18276352
1558135289,11354112
1558135290,17948672
1558135291,4956160
1558135292,12312576
1558135293,18038784
1558135294,11223040
1558135295,18489344
1558135296,11599872
1558135297,17735680
1558135298,10878976
1558135299,12746752
1558135300,17645568
1558135301,11165696
1558135302,20332544
1558135303,19636224
1558135304,12722176
1558135305,17768448
1558135306,11223040
1558135307,18776064
1558135308,21200896
1558135309,21118976
1558135310,14974976
1558135311,18743296
1558135312,11722752
1558135313,19234816
1558135314,12042240
1558135315,17596416
1558135316,22601728
1558135317,15720448
1558135318,18522112
1558135319,12468224
1558135320,19759104
1558135321,12484608
1558135322,20570112
1558135323,20340736
1558135324,12877824
1558135325,17752064
1558135326,21512192
1558135327,14475264
1558135328,18604032
1558135329,11296768
1558135330,18677760
1558135331,25067520
1558135332,18333696
1558135333,20316160
1558135334,12771328
1558135335,18456576
1558135336,20938752
1558135337,13664256
1558135338,18128896
1558135339,11509760
1558135340,17776640
1558135341,21110784
1558135342,13131776
1558135343,19562496
1558135344,19873792
1558135345,21037056
1558135346,12697600
1558135347,17915904
1558135348,21553152
1558135349,13369344
1558135350,19963904
1558135351,21209088
1558135352,14270464
1558135353,18186240
1558135354,11780096
1558135355,17719296
1558135356,10862592
1558135357,17522688
1558135358,22257664
1558135359,14368768
1558135360,18178048
1558135361,10788864
1558135362,18554880
1558135363,10240000
1558135364,15769600
1558135365,24879104
1558135366,18145280
1558135367,20766720
1558135368,10977280
1558135369,15392768
1558135370,19578880
1558135371,13221888
1558135372,19218432
1558135373,12926976
1558135374,19963904
1558135375,12484608
1558135376,18563072
1558135377,21364736
1558135378,13819904
1558135379,19382272
1558135380,11829248
1558135381,19456000
1558135382,21159936
1558135383,12288000
1558135384,19587072
1558135385,20709376
1558135386,13090816
1558135387,20086784
1558135388,21020672
1558135389,12148736
1558135390,18661376
1558135391,20414464
1558135392,13500416
1558135393,17154048
1558135394,10371072
1558135395,17670144
1558135396,11264000
1558135397,18915328
1558135398,21233664
1558135399,12705792
1558135400,20037632
1558135401,21168128
1558135402,13221888
1558135403,18792448
1558135404,18235392
1558135405,20283392
1558135406,11476992
1558135407,18489344
1558135408,20832256
1558135409,12328960
1558135410,19980288
1558135411,20291584
1558135412,12689408
1558135413,18137088
1558135414,21839872
1558135415,14802944
1558135416,5349376
1558135417,11550720
1558135418,18120704
1558135419,12156928
1558135420,19701760
1558135421,20578304
1558135422,13205504
1558135423,20045824
1558135424,21323776
1558135425,11919360
1558135426,19030016
1558135427,20520960
1558135428,12886016
1558135429,18276352
1558135430,11198464
1558135431,18497536
1558135432,20930560
1558135433,25133056
1558135434,18595840
1558135435,20938752
1558135436,12271616
1558135437,18694144
1558135438,20783104
1558135439,13099008
1558135440,13377536
1558135441,12197888
1558135442,14041088
1558135443,9486336
1558135444,11026432
1558135445,18784256
1558135446,20119552
1558135447,12468224
1558135448,19070976
1558135449,20365312
1558135450,12967936
1558135451,18440192
1558135452,10477568
1558135453,15753216
1558135454,19283968
1558135455,12451840
1558135456,20217856
1558135457,24887296
1558135458,17981440
1558135459,20414464
1558135460,12255232
1558135461,19611648
1558135462,20111360
1558135463,11313152
1558135464,8085504
1558135465,20094976
1558135466,21307392
1558135467,12328960
1558135468,20684800
1558135469,20267008
1558135470,13606912
1558135471,18677760
1558135472,11132928
1558135473,19587072
1558135474,21340160
1558135475,12533760
1558135476,19939328
1558135477,21594112
1558135478,12877824
1558135479,20086784
1558135480,21798912
1558135481,13418496
1558135482,20168704
1558135483,13099008
1558135484,14254080
1558135485,18194432
1558135486,12124160
1558135487,18128896
1558135488,20955136
1558135489,13508608
1558135490,18800640
1558135491,22773760
1558135492,15564800
1558135493,19341312
1558135494,12943360
1558135495,18153472
1558135496,12206080
1558135497,19456000
1558135498,12500992
1558135499,18038784
1558135500,10346496
1558135501,15876096
1558135502,17137664
1558135503,9969664
1558135504,16867328
1558135505,14245888
1558135506,15605760
1558135507,17711104
1558135508,11575296
1558135509,18481152
1558135510,11059200
1558135511,20381696
1558135512,21610496
1558135513,13238272
1558135514,19267584
1558135515,22102016
1558135516,15499264
1558135517,18898944
1558135518,11018240
1558135519,19587072
1558135520,22478848
1558135521,19783680
1558135522,19243008
1558135523,11722752
1558135524,15745024
1558135525,20094976
1558135526,20643840
1558135527,13672448
1558135528,17784832
1558135529,10371072
1558135530,20234240
1558135531,20996096
1558135532,12705792
1558135533,19406848
1558135534,20660224
1558135535,12828672
1558135536,19644416
1558135537,20480000
1558135538,13475840
1558135539,17039360
1558135540,10805248
1558135541,18784256
1558135542,21348352
1558135543,11837440
1558135544,19267584
1558135545,20938752
1558135546,12935168
1558135547,19177472
1558135548,20832256
1558135549,13697024
1558135550,19087360
1558135551,11288576
1558135552,19480576
1558135553,20692992
1558135554,13172736
1558135555,18677760
1558135556,20692992
1558135557,14286848
1558135558,8249344
1558135559,11509760
1558135560,18096128
1558135561,11370496
1558135562,14295040
1558135563,18456576
1558135564,11894784
1558135565,18227200
1558135566,25182208
1558135567,18153472
1558135568,20119552
1558135569,20750336
1558135570,13737984
1558135571,18964480
1558135572,10657792
1558135573,14163968
1558135574,19275776
1558135575,12148736
1558135576,18964480
1558135577,21774336
1558135578,13615104
1558135579,17752064
1558135580,11624448
1558135581,17399808
1558135582,10928128
1558135583,18800640
1558135584,16007168
1558135585,19726336
1558135586,21741568
1558135587,15417344
1558135588,6930432
1558135589,10633216
1558135590,19759104
1558135591,20848640
1558135592,13828096
1558135593,18538496
1558135594,21880832
1558135595,15499264
1558135596,19218432
1558135597,12935168
1558135598,18309120
1558135599,11485184
1558135600,11837440
1558135601,11960320
1558135602,19030016
1558135603,20529152
1558135604,12247040
1558135605,19308544
1558135606,21217280
1558135607,13107200
1558135608,20078592
1558135609,21356544
1558135610,13049856
1558135611,19668992
1558135612,19890176
1558135613,13230080
1558135614,18358272
1558135615,9912320
1558135616,16023552
1558135617,18661376
1558135618,12509184
1558135619,20111360
1558135620,13393920
1558135621,17965056
1558135622,21782528
1558135623,14270464
1558135624,19152896
1558135625,12476416
1558135626,19038208
1558135627,20512768
1558135628,14245888
1558135629,18259968
1558135630,11583488
1558135631,17891328
1558135632,21372928
1558135633,13729792
1558135634,18735104
1558135635,12091392
1558135636,16465920
1558135637,10772480
1558135638,13418496
1558135639,17506304
1558135640,10838016
1558135641,17801216
1558135642,23158784
1558135643,14426112
1558135644,17555456
1558135645,20471808
1558135646,12279808
1558135647,19931136
1558135648,20873216
1558135649,20791296
1558135650,14983168
1558135651,18259968
1558135652,12558336
1558135653,19193856
1558135654,11911168
1558135655,18128896
1558135656,22052864
1558135657,14655488
1558135658,18022400
1558135659,11386880
1558135660,18841600
1558135661,12017664
1558135662,18948096
1558135663,20611072
1558135664,10739712
1558135665,14811136
1558135666,18448384
1558135667,12394496
1558135668,20045824
1558135669,10731520
1558135670,15646720
1558135671,19374080
1558135672,13557760
1558135673,18620416
1558135674,12533760
1558135675,19841024
1558135676,13484032
1558135677,17555456
1558135678,11091968
1558135679,15114240
1558135680,23134208
1558135681,15663104
1558135682,18685952
1558135683,11010048
1558135684,19144704
1558135685,9994240
1558135686,19398656
1558135687,20430848
1558135688,13557760
1558135689,6840320
1558135690,11747328
1558135691,18333696
1558135692,21913600
1558135693,14745600
1558135694,18120704
1558135695,12042240
1558135696,12910592
1558135697,22446080
1558135698,15663104
1558135699,7102464
1558135700,12271616
1558135701,19021824
1558135702,11149312
1558135703,19513344
1558135704,16842752
1558135705,20447232
1558135706,12148736
1558135707,18587648
1558135708,12115968
1558135709,13508608
1558135710,18833408
1558135711,24862720
1558135712,16211968
1558135713,19988480
1558135714,20144128
1558135715,13475840
1558135716,18481152
1558135717,11993088
1558135718,18653184
1558135719,25157632
1558135720,17973248
1558135721,20586496
1558135722,12705792
1558135723,17965056
1558135724,20242432
1558135725,11993088
1558135726,20373504
1558135727,20447232
1558135728,14032896
1558135729,18120704
1558135730,11362304
1558135731,18563072
1558135732,22126592
1558135733,14942208
1558135734,19562496
1558135735,12640256
1558135736,18972672
1558135737,11976704
1558135738,19963904
1558135739,20062208
1558135740,20643840
1558135741,13590528
1558135742,18317312
1558135743,11329536
1558135744,18735104
1558135745,10469376
1558135746,15450112
1558135747,18866176
1558135748,12656640
1558135749,18669568
1558135750,11976704
1558135751,4268032
1558135752,14114816
1558135753,18292736
1558135754,11362304
1558135755,19095552
1558135756,12509184
1558135757,17694720
1558135758,21708800
1558135759,14344192
1558135760,14319616
1558135761,10616832
1558135762,15417344
1558135763,18186240
1558135764,20742144
1558135765,14221312
1558135766,18792448
1558135767,12468224
1558135768,19079168
1558135769,12304384
1558135770,19775488
1558135771,16596992
1558135772,12877824
1558135773,19521536
1558135774,20652032
1558135775,13541376
1558135776,18726912
1558135777,22093824
1558135778,15572992
1558135779,19030016
1558135780,12607488
1558135781,16547840
1558135782,22528000
1558135783,15499264
1558135784,19398656
1558135785,11517952
1558135786,20357120
1558135787,11845632
1558135788,20168704
1558135789,20930560
1558135790,13623296
1558135791,19021824
1558135792,9797632
1558135793,13778944
1558135794,17588224
1558135795,11296768
1558135796,18358272
1558135797,11509760
1558135798,20684800
1558135799,21151744
1558135800,13680640
1558135801,18964480
1558135802,11296768
1558135803,15728640
1558135804,19988480
1558135805,21094400
1558135806,14098432
1558135807,18530304
1558135808,10395648
1558135809,17653760
1558135810,19963904
1558135811,12222464
1558135812,17522688
1558135813,10403840
1558135814,19619840
1558135815,20176896
1558135816,12992512
1558135817,17670144
1558135818,10330112
1558135819,16990208
1558135820,20537344
1558135821,13189120
1558135822,3801088
1558135823,9420800
1558135824,13787136
1558135825,19595264
1558135826,11468800
1558135827,19668992
1558135828,21241856
1558135829,15720448
1558135830,20496384
1558135831,20520960
1558135832,13295616
1558135833,9297920
1558135834,11091968
1558135835,18333696
1558135836,20766720
1558135837,21037056
1558135838,14688256
1558135839,5988352
1558135840,12156928
1558135841,18563072
1558135842,11927552
1558135843,19341312
1558135844,21045248
1558135845,12828672
1558135846,18481152
1558135847,19955712
1558135848,12181504
1558135849,19996672
1558135850,19759104
1558135851,12132352
1558135852,17801216
1558135853,21176320
1558135854,14262272
1558135855,17997824
1558135856,11460608
1558135857,17784832
1558135858,11558912
1558135859,16973824
1558135860,21831680
1558135861,14508032
1558135862,19423232
1558135863,11583488
1558135864,20013056
1558135865,21143552
1558135866,13795328
1558135867,18997248
1558135868,20398080
1558135869,14000128
1558135870,18382848
1558135871,10780672
1558135872,18505728
1558135873,22781952
1558135874,15638528
1558135875,18571264
1558135876,12263424
1558135877,18833408
1558135878,9469952
1558135879,20439040
1558135880,13672448
1558135881,12951552
1558135882,18513920
1558135883,22257664
1558135884,7528448
1558135885,14237696
1558135886,18890752
1558135887,12541952
1558135888,13418496
1558135889,12222464
1558135890,19267584
1558135891,20488192
1558135892,12951552
1558135893,17883136
1558135894,21913600
1558135895,14540800
1558135896,18530304
1558135897,12255232
1558135898,19103744
1558135899,21708800
1558135900,14606336
1558135901,18268160
1558135902,11812864
1558135903,18956288
1558135904,21659648
1558135905,13746176
1558135906,4644864
1558135907,11911168
1558135908,18333696
1558135909,11378688
1558135910,17571840
1558135911,21520384
1558135912,14491648
1558135913,18522112
1558135914,11304960
1558135915,18120704
1558135916,22781952
1558135917,15630336
1558135918,19365888
1558135919,12394496
1558135920,20168704
1558135921,11198464
1558135922,14573568
1558135923,18538496
1558135924,11960320
1558135925,19537920
1558135926,12255232
1558135927,17776640
1558135928,22708224
1558135929,14319616
1558135930,19152896
1558135931,11943936
1558135932,16818176
1558135933,11739136
1558135934,16056320
1558135935,19021824
1558135936,13066240
1558135937,8691712
1558135938,12042240
1558135939,18227200
1558135940,22085632
1558135941,14417920
1558135942,15327232
1558135943,21258240
1558135944,24911872
1558135945,17154048
1558135946,20586496
1558135947,11853824
1558135948,18112512
1558135949,19275776
1558135950,13025280
1558135951,6832128
1558135952,11001856
1558135953,16850944
1558135954,19881984
1558135955,12427264
1558135956,17039360
1558135957,9715712
1558135958,18350080
1558135959,25075712
1558135960,18661376
1558135961,20537344
1558135962,11927552
1558135963,18153472
1558135964,19374080
1558135965,20717568
1558135966,14180352
1558135967,18726912
1558135968,11640832
1558135969,17702912
1558135970,10526720
1558135971,18849792
1558135972,11198464
1558135973,14876672
1558135974,18808832
1558135975,11804672
1558135976,18300928
1558135977,11911168
1558135978,19005440
1558135979,11681792
1558135980,17809408
1558135981,20512768
1558135982,13033472
1558135983,19144704
1558135984,12238848
1558135985,12517376
1558135986,18276352
1558135987,11403264
1558135988,18571264
1558135989,20766720
1558135990,12173312
1558135991,17350656
1558135992,20783104
1558135993,11657216
1558135994,18808832
1558135995,20471808
1558135996,12763136
1558135997,20422656
1558135998,20922368
1558135999,13361152
1558136000,18595840
1558136001,11010048
1558136002,18063360
1558136003,18071552
1558136004,19857408
1558136005,20357120
1558136006,13148160
1558136007,17702912
1558136008,10518528
1558136009,16695296
1558136010,10772480
1558136011,15417344
1558136012,5079040
1558136013,11345920
1558136014,5414912
1558136015,11608064
1558136016,20103168
1558136017,20258816
1558136018,12296192
1558136019,17784832
1558136020,10387456
1558136021,18956288
1558136022,21331968
1558136023,21045248
1558136024,15351808
1558136025,18464768
1558136026,12820480
1558136027,19742720
1558136028,13180928
1558136029,17833984
1558136030,18751488
1558136031,14393344
1558136032,17981440
1558136033,11239424
1558136034,18718720
1558136035,11755520
1558136036,18636800
1558136037,20537344
1558136038,13123584
1558136039,18898944
1558136040,21823488
1558136041,14540800
1558136042,18497536
1558136043,10682368
1558136044,18939904
1558136045,11886592
1558136046,19906560
1558136047,20463616
1558136048,13303808
1558136049,17850368
1558136050,12132352
1558136051,15114240
1558136052,4710400
1558136053,13484032
1558136054,18341888
1558136055,11378688
1558136056,19251200
1558136057,11468800
1558136058,18767872
1558136059,21471232
1558136060,14303232
1558136061,19382272
1558136062,21299200
1558136063,14106624
1558136064,18890752
1558136065,20242432
1558136066,20627456
1558136067,13524992
1558136068,18866176
1558136069,11304960
1558136070,19562496
1558136071,20381696
1558136072,20955136
1558136073,13959168
1558136074,5996544
1558136075,11591680
1558136076,19841024
1558136077,12451840
1558136078,19243008
1558136079,20348928
1558136080,14000128
1558136081,18685952
1558136082,10469376
1558136083,15024128
1558136084,6635520
1558136085,12288000
1558136086,14655488
1558136087,20676608
1558136088,14327808
1558136089,17973248
1558136090,11984896
1558136091,17629184
1558136092,11100160
1558136093,18472960
1558136094,20602880
1558136095,12115968
1558136096,19832832
1558136097,20070400
1558136098,12926976
1558136099,17948672
1558136100,11329536
1558136101,17645568
1558136102,11001856
1558136103,18792448
1558136104,20905984
1558136105,11862016
1558136106,14622720
1558136107,18587648
1558136108,11747328
1558136109,17850368
1558136110,11296768
1558136111,18907136
1558136112,11902976
1558136113,18178048
1558136114,20594688
1558136115,21094400
1558136116,15351808
1558136117,18710528
1558136118,11362304
1558136119,12288000
1558136120,12722176
1558136121,19677184
1558136122,20242432
1558136123,12976128
1558136124,14876672
1558136125,19685376
1558136126,21553152
1558136127,15278080
1558136128,18685952
1558136129,11526144
1558136130,19849216
1558136131,11509760
1558136132,19349504
1558136133,12091392
1558136134,14123008
1558136135,10649600
1558136136,21921792
1558136137,14336000
1558136138,18661376
1558136139,12361728
1558136140,18300928
1558136141,11345920
1558136142,20520960
1558136143,20258816
1558136144,13623296
1558136145,17178624
1558136146,10305536
1558136147,20103168
1558136148,21078016
1558136149,12705792
1558136150,20086784
1558136151,16195584
1558136152,12476416
1558136153,19636224
1558136154,21364736
1558136155,13017088
1558136156,20439040
1558136157,21200896
1558136158,14467072
1558136159,19668992
1558136160,12099584
1558136161,14680064
1558136162,19234816
1558136163,11362304
1558136164,15015936
1558136165,18522112
1558136166,12328960
1558136167,18800640
1558136168,11624448
1558136169,18472960
1558136170,21504000
1558136171,14614528
1558136172,7397376
1558136173,21651456
1558136174,15228928
1558136175,5570560
1558136176,12443648
1558136177,18284544
1558136178,20946944
1558136179,14147584
1558136180,19939328
1558136181,13803520
1558136182,18915328
1558136183,10452992
1558136184,12992512
1558136185,13975552
1558136186,18374656
1558136187,11804672
1558136188,20127744
1558136189,12025856
1558136190,20324352
1558136191,21176320
1558136192,14270464
1558136193,18513920
1558136194,10878976
1558136195,19120128
1558136196,21209088
1558136197,12541952
1558136198,18546688
1558136199,18694144
1558136200,11182080
1558136201,15491072
1558136202,19013632
1558136203,12476416
1558136204,18939904
1558136205,11452416
1558136206,19111936
1558136207,22700032
1558136208,15491072
1558136209,19103744
1558136210,9830400
1558136211,19570688
1558136212,22421504
1558136213,15622144
1558136214,19652608
1558136215,10256384
1558136216,19701760
1558136217,22093824
1558136218,15704064
1558136219,5308416
1558136220,13271040
1558136221,18685952
1558136222,12361728
1558136223,19013632
1558136224,12869632
1558136225,18202624
1558136226,21307392
1558136227,14065664
1558136228,17645568
1558136229,11173888
1558136230,17653760
1558136231,8241152
1558136232,14639104
1558136233,19243008
1558136234,13312000
1558136235,18153472
1558136236,11575296
1558136237,18874368
1558136238,12435456
1558136239,20357120
1558136240,20709376
1558136241,13205504
1558136242,19087360
1558136243,20742144
1558136244,20480000
1558136245,14491648
1558136246,18104320
1558136247,9682944
1558136248,18849792
1558136249,20324352
1558136250,13598720
1558136251,18128896
1558136252,11223040
1558136253,18087936
1558136254,22118400
1558136255,15269888
1558136256,18669568
1558136257,10846208
1558136258,18767872
1558136259,11304960
1558136260,19120128
1558136261,19914752
1558136262,13328384
1558136263,16637952
1558136264,21716992
1558136265,15130624
1558136266,18186240
1558136267,12369920
1558136268,18907136
1558136269,21299200
1558136270,15163392
1558136271,18194432
1558136272,12500992
1558136273,17432576
1558136274,10330112
1558136275,18604032
1558136276,21438464
1558136277,14254080
1558136278,18399232
1558136279,13901824
1558136280,19210240
1558136281,11632640
1558136282,18931712
1558136283,20742144
1558136284,12115968
1558136285,16613376
1558136286,20455424
1558136287,20463616
1558136288,13352960
1558136289,17784832
1558136290,8888320
1558136291,14729216
1558136292,18522112
1558136293,12476416
1558136294,19390464
1558136295,12492800
1558136296,19800064
1558136297,20488192
1558136298,13680640
1558136299,18767872
1558136300,11870208
1558136301,18513920
1558136302,11444224
1558136303,19357696
1558136304,16261120
1558136305,20185088
1558136306,21430272
1558136307,15237120
1558136308,18972672
1558136309,12746752
1558136310,19013632
1558136311,8921088
1558136312,19398656
1558136313,21053440
1558136314,14565376
1558136315,18235392
1558136316,10878976
1558136317,19791872
1558136318,12214272
1558136319,19988480
1558136320,20881408
1558136321,13557760
1558136322,9437184
1558136323,20078592
1558136324,13484032
1558136325,18227200
1558136326,11214848
1558136327,20168704
1558136328,21176320
1558136329,12746752
1558136330,19128320
1558136331,20946944
1558136332,14344192
1558136333,17424384
1558136334,21102592
1558136335,14360576
1558136336,18513920
1558136337,11722752
1558136338,18784256
1558136339,10862592
1558136340,19914752
1558136341,21479424
1558136342,13877248
1558136343,18636800
1558136344,21127168
1558136345,14442496
1558136346,18071552
1558136347,11239424
1558136348,18997248
1558136349,9535488
1558136350,13737984
1558136351,16932864
1558136352,11354112
1558136353,18554880
1558136354,13066240
1558136355,18292736
1558136356,12361728
1558136357,17039360
1558136358,10559488
1558136359,16842752
1558136360,15392768
1558136361,13180928
1558136362,20275200
1558136363,20447232
1558136364,20471808
1558136365,18669568
1558136366,18374656
1558136367,10895360
1558136368,19185664
1558136369,20488192
1558136370,13533184
1558136371,17530880
1558136372,12926976
1558136373,13746176
1558136374,18096128
1558136375,25395200
1558136376,18931712
1558136377,20529152
1558136378,25255936
1558136379,18579456
1558136380,21463040
1558136381,12525568
1558136382,15835136
1558136383,19922944
1558136384,21487616
1558136385,13910016
1558136386,18964480
1558136387,24854528
1558136388,17842176
1558136389,19668992
1558136390,12156928
1558136391,18669568
1558136392,22192128
1558136393,11485184
1558136394,20176896
1558136395,21200896
1558136396,15056896
1558136397,19103744
1558136398,12189696
1558136399,18800640
1558136400,11878400
1558136401,18710528
1558136402,20996096
1558136403,13721600
1558136404,19013632
1558136405,20545536
1558136406,13574144
1558136407,18440192
1558136408,11427840
1558136409,17473536
1558136410,21856256
1558136411,14581760
1558136412,18964480
1558136413,12443648
1558136414,19054592
1558136415,11026432
1558136416,19013632
1558136417,20774912
1558136418,12869632
1558136419,18268160
1558136420,20529152
1558136421,13189120
1558136422,17711104
1558136423,10305536
1558136424,13172736
1558136425,19726336
1558136426,20971520
1558136427,12083200
1558136428,19333120
1558136429,20856832
1558136430,17768448
1558136431,16293888
1558136432,19480576
1558136433,12836864
1558136434,18710528
1558136435,12484608
1558136436,19283968
1558136437,20144128
1558136438,14295040
1558136439,17842176
1558136440,11444224
1558136441,18071552
1558136442,11624448
1558136443,18825216
1558136444,20488192
1558136445,13254656
1558136446,18857984
1558136447,22511616
1558136448,15589376
1558136449,19406848
1558136450,13099008
1558136451,18096128
1558136452,11296768
1558136453,19693568
1558136454,11993088
1558136455,19111936
1558136456,21233664
1558136457,13099008
1558136458,18956288
1558136459,25174016
1558136460,18989056
1558136461,21241856
1558136462,10027008
1558136463,14188544
1558136464,18997248
1558136465,12247040
1558136466,19218432
1558136467,12378112
1558136468,18907136
1558136469,20963328
1558136470,13697024
1558136471,19324928
1558136472,11149312
1558136473,14663680
1558136474,19562496
1558136475,20545536
1558136476,14155776
1558136477,18112512
1558136478,10993664
1558136479,18595840
1558136480,25534464
1558136481,18767872
1558136482,21454848
1558136483,11116544
1558136484,7225344
1558136485,18825216
1558136486,21381120
1558136487,12869632
1558136488,20406272
1558136489,20348928
1558136490,21266432
1558136491,14548992
1558136492,18931712
1558136493,11812864
1558136494,19087360
1558136495,10780672
1558136496,18841600
1558136497,20193280
1558136498,13058048
1558136499,18399232
1558136500,8437760
1558136501,18554880
1558136502,21143552
1558136503,12468224
1558136504,18948096
1558136505,10199040
1558136506,13901824
1558136507,17686528
1558136508,11255808
1558136509,17874944
1558136510,10543104
1558136511,17661952
1558136512,19742720
1558136513,12599296
1558136514,17580032
1558136515,11001856
1558136516,17694720
1558136517,10117120
1558136518,14409728
1558136519,18341888
1558136520,12288000
1558136521,17448960
1558136522,25387008
1558136523,18259968
1558136524,21078016
1558136525,25583616
1558136526,18841600
1558136527,20570112
1558136528,20873216
1558136529,14262272
1558136530,18546688
1558136531,11280384
1558136532,19030016
1558136533,20750336
1558136534,13934592
1558136535,18096128
1558136536,11657216
1558136537,19677184
1558136538,20832256
1558136539,25477120
1558136540,18956288
1558136541,20963328
1558136542,12492800
1558136543,17039360
1558136544,13443072
1558136545,18677760
1558136546,20750336
1558136547,12288000
1558136548,19931136
1558136549,20717568
1558136550,15130624
1558136551,18735104
1558136552,22511616
1558136553,15294464
1558136554,19726336
1558136555,11780096
1558136556,19226624
1558136557,20512768
1558136558,13467648
1558136559,8650752
1558136560,20668416
1558136561,13901824
1558136562,17850368
1558136563,9904128
1558136564,18530304
1558136565,10838016
1558136566,14188544
1558136567,17620992
1558136568,11591680
1558136569,17653760
1558136570,11206656
1558136571,18759680
1558136572,20307968
1558136573,12976128
1558136574,17465344
1558136575,21094400
1558136576,13230080
1558136577,18382848
1558136578,10977280
1558136579,15073280
1558136580,21684224
1558136581,14917632
1558136582,18595840
1558136583,11632640
1558136584,17719296
1558136585,10625024
1558136586,20357120
1558136587,20488192
1558136588,13230080
1558136589,18341888
1558136590,10960896
1558136591,18530304
1558136592,19324928
1558136593,21594112
1558136594,15540224
1558136595,18636800
1558136596,11952128
1558136597,17948672
1558136598,11452416
1558136599,18825216
1558136600,12165120
1558136601,18628608
1558136602,21233664
1558136603,25092096
1558136604,21880832
1558136605,14057472
1558136606,15572992
1558136607,11485184
1558136608,14114816
1558136609,18432000
1558136610,12525568
1558136611,17891328
1558136612,11698176
1558136613,14114816
1558136614,12304384
1558136615,18710528
1558136616,20414464
1558136617,13418496
1558136618,18661376
1558136619,10379264
1558136620,14942208
1558136621,18538496
1558136622,11526144
1558136623,15474688
1558136624,21184512
1558136625,15212544
1558136626,19111936
1558136627,12419072
1558136628,18153472
1558136629,11272192
1558136630,19169280
1558136631,11837440
1558136632,18759680
1558136633,20176896
1558136634,12664832
1558136635,17760256
1558136636,10960896
1558136637,17539072
1558136638,21454848
1558136639,14581760
1558136640,18259968
1558136641,11452416
1558136642,18169856
1558136643,10084352
1558136644,15228928
1558136645,17924096
1558136646,12107776
1558136647,17719296
1558136648,11714560
1558136649,17784832
1558136650,11100160
1558136651,18407424
1558136652,20299776
1558136653,13295616
1558136654,18579456
1558136655,11010048
1558136656,14352384
1558136657,18513920
1558136658,11632640
1558136659,19374080
1558136660,21913600
1558136661,14925824
1558136662,18792448
1558136663,12001280
1558136664,16392192
1558136665,18079744
1558136666,13697024
1558136667,12738560
1558136668,17457152
1558136669,10919936
1558136670,20127744
1558136671,20193280
1558136672,13238272
1558136673,18235392
1558136674,10838016
1558136675,20045824
1558136676,21422080
1558136677,11730944
1558136678,14950400
1558136679,18268160
1558136680,11755520
1558136681,18432000
1558136682,12156928
1558136683,18358272
1558136684,22921216
1558136685,15507456
1558136686,18923520
1558136687,11583488
1558136688,19251200
1558136689,21733376
1558136690,13172736
1558136691,4857856
1558136692,11689984
1558136693,17801216
1558136694,22577152
1558136695,15736832
1558136696,18956288
1558136697,12853248
1558136698,17170432
1558136699,11919360
1558136700,15581184
1558136701,18882560
1558136702,13279232
1558136703,19660800
1558136704,12656640
1558136705,18137088
1558136706,22601728
1558136707,15343616
1558136708,6873088
1558136709,11722752
1558136710,18677760
1558136711,13680640
1558136712,16752640
1558136713,19202048
1558136714,12328960
1558136715,18243584
1558136716,12099584
1558136717,20176896
1558136718,13164544
1558136719,18505728
1558136720,11190272
1558136721,18219008
1558136722,19980288
1558136723,13008896
1558136724,12206080
1558136725,15122432
1558136726,19439616
1558136727,13115392
1558136728,18571264
1558136729,12001280
1558136730,19718144
1558136731,12263424
1558136732,18145280
1558136733,11517952
1558136734,19136512
1558136735,19996672
1558136736,20062208
1558136737,14499840
1558136738,18063360
1558136739,11714560
1558136740,19234816
1558136741,11714560
1558136742,20422656
1558136743,19759104
1558136744,13328384
1558136745,16490496
1558136746,10674176
1558136747,17702912
1558136748,11345920
1558136749,18128896
1558136750,22396928
1558136751,11403264
1558136752,19415040
1558136753,25411584
1558136754,19668992
1558136755,20488192
1558136756,12943360
1558136757,19619840
1558136758,14524416
1558136759,12861440
1558136760,19161088
1558136761,21651456
1558136762,13271040
1558136763,19079168
1558136764,11476992
1558136765,17907712
1558136766,22159360
1558136767,13574144
1558136768,19185664
1558136769,11403264
1558136770,18792448
1558136771,20856832
1558136772,14336000
1558136773,8658944
1558136774,12410880
1558136775,17874944
1558136776,11083776
1558136777,15982592
1558136778,19292160
1558136779,11493376
1558136780,19390464
1558136781,25272320
1558136782,18939904
1558136783,18636800
1558136784,17317888
1558136785,20078592
1558136786,13860864
1558136787,18235392
1558136788,11616256
1558136789,18710528
1558136790,11952128
1558136791,19865600
1558136792,21225472
1558136793,12959744
1558136794,20185088
1558136795,20979712
1558136796,13344768
1558136797,18759680
1558136798,11010048
1558136799,16613376
1558136800,19415040
1558136801,20783104
1558136802,13991936
1558136803,19152896
1558136804,11411456
1558136805,18423808
1558136806,20414464
1558136807,13500416
1558136808,18784256
1558136809,10436608
1558136810,14958592
1558136811,4694016
1558136812,13230080
1558136813,18235392
1558136814,12230656
1558136815,11272192
1558136816,11640832
1558136817,17489920
1558136818,10731520
1558136819,15605760
1558136820,18915328
1558136821,12222464
1558136822,5177344
1558136823,11264000
1558136824,18751488
1558136825,11673600
1558136826,17604608
1558136827,20422656
1558136828,11821056
1558136829,14737408
1558136830,7315456
1558136831,12050432
1558136832,18472960
1558136833,11542528
1558136834,15564800
1558136835,19120128
1558136836,12484608
1558136837,19677184
1558136838,11919360
1558136839,19144704
1558136840,21626880
1558136841,12476416
1558136842,18661376
1558136843,21176320
1558136844,20275200
1558136845,20242432
1558136846,14057472
1558136847,18202624
1558136848,10780672
1558136849,17498112
1558136850,11255808
1558136851,15220736
1558136852,11526144
1558136853,13778944
1558136854,19013632
1558136855,12328960
1558136856,19202048
1558136857,11239424
1558136858,17506304
1558136859,20070400
1558136860,12222464
1558136861,18964480
1558136862,20873216
1558136863,14376960
1558136864,19275776
1558136865,21250048
1558136866,15155200
1558136867,18161664
1558136868,11681792
1558136869,14082048
1558136870,11468800
1558136871,19816448
1558136872,21413888
1558136873,12320768
1558136874,19234816
1558136875,20709376
1558136876,13697024
1558136877,19611648
1558136878,22708224
1558136879,15040512
1558136880,19513344
1558136881,12353536
1558136882,19636224
1558136883,11632640
1558136884,19120128
1558136885,20766720
1558136886,13082624
1558136887,18399232
1558136888,21889024
1558136889,13844480
1558136890,19161088
1558136891,11493376
1558136892,19046400
1558136893,21594112
1558136894,14008320
1558136895,18055168
1558136896,11141120
1558136897,17866752
1558136898,23183360
1558136899,14942208
1558136900,19152896
1558136901,10895360
1558136902,20373504
1558136903,20692992
1558136904,19980288
1558136905,12722176
1558136906,17555456
1558136907,10616832
1558136908,20275200
1558136909,20594688
1558136910,12533760
1558136911,20086784
1558136912,20160512
1558136913,13156352
1558136914,5799936
1558136915,10100736
1558136916,19234816
1558136917,18800640
1558136918,12181504
1558136919,18784256
1558136920,20242432
1558136921,12165120
1558136922,13934592
1558136923,10354688
1558136924,15589376
1558136925,19013632
1558136926,11608064
1558136927,19562496
1558136928,23150592
1558136929,15810560
1558136930,20054016
1558136931,13156352
1558136932,13967360
1558136933,11943936
1558136934,19513344
1558136935,20373504
1558136936,13901824
1558136937,18546688
1558136938,22110208
1558136939,14147584
1558136940,18817024
1558136941,12181504
1558136942,19152896
1558136943,25387008
1558136944,18563072
1558136945,20463616
1558136946,12861440
1558136947,18137088
1558136948,10059776
1558136949,14123008
1558136950,18587648
1558136951,11886592
1558136952,18300928
1558136953,11288576
1558136954,14098432
1558136955,18644992
1558136956,12181504
1558136957,17514496
1558136958,10616832
1558136959,18497536
1558136960,21291008
1558136961,21897216
1558136962,15835136
1558136963,18997248
1558136964,19750912
1558136965,13148160
1558136966,18169856
1558136967,11001856
1558136968,19202048
1558136969,19841024
1558136970,11575296
1558136971,20267008
1558136972,21299200
1558136973,12787712
1558136974,20144128
1558136975,20537344
1558136976,13107200
1558136977,18751488
1558136978,22323200
1558136979,14565376
1558136980,20103168
1558136981,22405120
1558136982,16228352
1558136983,19030016
1558136984,12451840
1558136985,19890176
1558136986,12402688
1558136987,17539072
1558136988,10641408
1558136989,21364736
1558136990,20332544
1558136991,10444800
1558136992,15351808
1558136993,18726912
1558136994,13017088
1558136995,18071552
1558136996,11362304
1558136997,18989056
1558136998,22249472
1558136999,14876672
1558137000,18350080
1558137001,11632640
1558137002,19357696
1558137003,12148736
1558137004,20348928
1558137005,20840448
1558137006,13672448
1558137007,18128896
1558137008,25485312
1558137009,18235392
1558137010,21168128
1558137011,12312576
1558137012,18980864
1558137013,20668416
1558137014,13484032
1558137015,15745024
1558137016,22609920
1558137017,15196160
1558137018,19800064
1558137019,25247744
1558137020,18939904
1558137021,16785408
1558137022,12730368
1558137023,18415616
1558137024,14311424
1558137025,20258816
1558137026,21061632
1558137027,13680640
1558137028,18817024
1558137029,22085632
1558137030,15605760
1558137031,18931712
1558137032,12967936
1558137034,10592256
1558137035,19349504
1558137036,18341888
1558137037,16023552
1558137038,19021824
1558137039,11927552
1558137040,19202048
1558137041,12402688
1558137042,15056896
1558137043,6103040
1558137044,11698176
1558137045,13049856
1558137046,11345920
1558137047,18923520
1558137048,20758528
1558137049,13361152
1558137050,16031744
1558137051,10305536
1558137052,14032896
1558137053,18300928
1558137054,11935744
1558137055,19570688
1558137056,10723328
1558137057,18391040
1558137058,21381120
1558137059,13369344
1558137060,19955712
1558137061,21577728
1558137062,14557184
1558137063,18104320
1558137064,11837440
1558137065,18661376
1558137066,12500992
1558137067,17686528
1558137068,23183360
1558137069,15425536
1558137070,18907136
1558137071,11157504
1558137072,18440192
1558137073,20840448
1558137074,13901824
1558137075,18038784
1558137076,12165120
1558137077,18890752
1558137078,11780096
1558137079,17965056
1558137080,20635648
1558137081,12115968
1558137082,19603456
1558137083,20439040
1558137084,20127744
1558137085,20594688
1558137086,13541376
1558137087,18382848
1558137088,13869056
1558137089,16318464
1558137090,20045824
1558137091,13549568
1558137092,19259392
1558137093,9371648
1558137094,20054016
1558137095,21356544
1558137096,15237120
1558137097,18776064
1558137098,12910592
1558137099,18071552
1558137100,12148736
1558137101,19595264
1558137102,12804096
1558137103,20070400
1558137104,19963904
1558137105,20701184
1558137106,13926400
1558137107,19013632
1558137108,12156928
1558137109,18186240
1558137110,21856256
1558137111,14860288
1558137112,18243584
1558137113,12386304
1558137114,18513920
1558137115,9117696
1558137116,20381696
1558137117,21274624
1558137118,13893632
1558137119,18915328
1558137120,21987328
1558137121,14352384
1558137122,18169856
1558137123,11354112
1558137124,18202624
1558137125,11960320
1558137126,17448960
1558137127,20340736
1558137128,14155776
1558137129,17424384
1558137130,11452416
1558137131,6168576
1558137132,9986048
1558137133,19431424
1558137134,20824064
1558137135,12935168
1558137136,19709952
1558137137,19947520
1558137138,13991936
1558137139,17973248
1558137140,11296768
1558137141,17457152
1558137142,8822784
1558137143,13312000
1558137144,16703488
1558137145,19652608
1558137146,13082624
1558137147,17309696
1558137148,10223616
1558137149,18423808
1558137150,12001280
1558137151,20234240
1558137152,20414464
1558137153,10862592
1558137154,19046400
1558137155,20930560
1558137156,13287424
1558137157,18563072
1558137158,12050432
1558137159,12140544
1558137160,19496960
1558137161,21561344
1558137162,14983168
1558137163,18096128
1558137164,10878976
1558137165,19161088
1558137166,12206080
1558137167,18726912
1558137168,20946944
1558137169,12697600
1558137170,18702336
1558137171,10149888
1558137172,19226624
1558137173,20250624
1558137174,12566528
1558137175,19038208
1558137176,10805248
1558137177,15605760
1558137178,19374080
1558137179,11223040
1558137180,20168704
1558137181,12550144
1558137182,18161664
1558137183,10592256
1558137184,13426688
1558137185,18620416
1558137186,11509760
1558137187,19013632
1558137188,22691840
1558137189,15089664
1558137190,18972672
1558137191,11427840
1558137192,19374080
1558137193,12009472
1558137194,19144704
1558137195,13942784
1558137196,13017088
1558137197,17809408
1558137198,11042816
1558137199,16990208
1558137200,22274048
1558137201,14106624
1558137202,18202624
1558137203,10264576
1558137204,15843328
1558137205,17940480
1558137206,19980288
1558137207,13500416
1558137208,18857984
1558137209,11624448
1558137210,18030592
1558137211,21143552
1558137212,13910016
1558137213,18112512
1558137214,11575296
1558137215,18604032
1558137216,10870784
1558137217,13844480
1558137218,17997824
1558137219,11583488
1558137220,18350080
1558137221,24117248
1558137222,16572416
1558137223,19218432
1558137224,11763712
1558137225,17670144
1558137226,22495232
1558137227,14516224
1558137228,18423808
1558137229,11460608
1558137230,18481152
1558137231,24805376
1558137232,17891328
1558137233,20496384
1558137234,12001280
1558137235,15196160
1558137236,19095552
1558137237,12419072
1558137238,20258816
1558137239,12926976
1558137240,18104320
1558137241,25255936
1558137242,18399232
1558137243,18702336
1558137244,20619264
1558137245,13762560
1558137246,19021824
1558137247,11075584
1558137248,19406848
1558137249,20930560
1558137250,13099008
1558137251,18300928
1558137252,10846208
1558137253,18309120
1558137254,19841024
1558137255,20611072
1558137256,14213120
1558137257,17776640
1558137258,10805248
1558137259,17989632
1558137260,20529152
1558137261,20504576
1558137262,14147584
1558137263,18235392
1558137264,20045824
1558137265,12877824
1558137266,17039360
1558137267,10895360
1558137268,18022400
1558137269,11108352
1558137270,18890752
1558137271,20602880
1558137272,13991936
1558137273,18464768
1558137274,11730944
1558137275,20176896
1558137276,20783104
1558137277,13213696
1558137278,18399232
1558137279,11239424
1558137280,20299776
1558137281,13713408
1558137282,14196736
1558137283,18350080
1558137284,11608064
1558137285,15736832
1558137286,20299776
1558137287,12910592
1558137288,17514496
1558137289,10084352
1558137290,18194432
1558137291,22347776
1558137292,15106048
1558137293,18726912
1558137294,12967936
1558137295,18153472
1558137296,8372224
1558137297,20004864
1558137298,20791296
1558137299,13197312
1558137300,13369344
1558137301,11026432
1558137302,18243584
1558137303,20283392
1558137304,12591104
1558137305,19234816
1558137306,20185088
1558137307,25231360
1558137308,18931712
1558137309,20611072
1558137310,12697600
1558137311,21037056
1558137312,20815872
1558137313,13279232
1558137314,18186240
1558137315,11264000
1558137316,18792448
1558137317,22511616
1558137318,14639104
1558137319,18071552
1558137320,11345920
1558137321,17907712
1558137322,11517952
1558137323,15654912
1558137324,15761408
1558137325,19857408
1558137326,13066240
1558137327,18210816
1558137328,11165696
1558137329,18898944
1558137330,21184512
1558137331,12787712
1558137332,19537920
1558137333,12263424
1558137334,14098432
1558137335,18399232
1558137336,12263424
1558137337,17874944
1558137338,11288576
1558137339,16187392
1558137340,19865600
1558137341,24895488
1558137342,18481152
1558137343,21151744
1558137344,12992512
1558137345,18849792
1558137346,21569536
1558137347,14196736
1558137348,19333120
1558137349,11870208
1558137350,18374656
1558137351,21364736
1558137352,13115392
1558137353,19087360
1558137354,11812864
1558137355,11493376
1558137356,19226624
1558137357,11173888
1558137358,18915328
1558137359,20692992
1558137360,13590528
1558137361,20652032
1558137362,20652032
1558137363,13770752
1558137364,19111936
1558137365,11624448
1558137366,17465344
1558137367,20209664
1558137368,11984896
1558137369,14057472
1558137370,18243584
1558137371,7757824
1558137372,14999552
1558137373,18137088
1558137374,12492800
1558137375,4022272
1558137376,12902400
1558137377,19185664
1558137378,13156352
1558137379,17342464
1558137380,11165696
1558137381,17522688
1558137382,10665984
1558137383,17948672
1558137384,19341312
1558137385,20480000
1558137386,13656064
1558137387,18112512
1558137388,9273344
1558137389,13869056
1558137390,18382848
1558137391,12001280
1558137392,18235392
1558137393,10772480
1558137394,18374656
1558137395,25141248
1558137396,18857984
1558137397,20094976
1558137398,11223040
1558137399,18432000
1558137400,21028864
1558137401,12304384
1558137402,19169280
1558137403,19701760
1558137404,21094400
1558137405,14098432
1558137406,18964480
1558137407,11878400
1558137408,18497536
1558137409,20938752
1558137410,14598144
1558137411,17883136
1558137412,12017664
1558137413,18636800
1558137414,8232960
1558137415,14172160
1558137416,18735104
1558137417,13025280
1558137418,18964480
1558137419,12197888
1558137420,19398656
1558137421,21889024
1558137422,15474688
1558137423,18923520
1558137424,13099008
1558137425,19734528
1558137426,13508608
1558137427,18300928
1558137428,11788288
1558137429,19996672
1558137430,20062208
1558137431,19898368
1558137432,13901824
1558137433,17768448
1558137434,12058624
1558137435,17309696
1558137436,11378688
1558137437,18972672
1558137438,13246464
1558137439,12075008
1558137440,23207936
1558137441,12099584
1558137442,19931136
1558137443,21479424
1558137444,7405568
1558137445,18604032
1558137446,21258240
1558137447,12214272
1558137448,18907136
1558137449,20119552
1558137450,13336576
1558137451,18087936
1558137452,25124864
1558137453,18489344
1558137454,20946944
1558137455,12697600
1558137456,19562496
1558137457,19062784
1558137458,12337152
1558137459,17833984
1558137460,22396928
1558137461,13959168
1558137462,18481152
1558137463,20070400
1558137464,14131200
1558137465,17301504
1558137466,11026432
1558137467,17735680
1558137468,10240000
1558137469,19742720
1558137470,20668416
1558137471,13287424
1558137472,20553728
1558137473,20381696
1558137474,21274624
1558137475,15261696
1558137476,19333120
1558137477,12492800
1558137478,19341312
1558137479,11657216
1558137480,18374656
1558137481,10985472
1558137482,15679488
1558137483,18317312
1558137484,12107776
1558137485,18309120
1558137486,12615680
1558137487,19636224
1558137488,13287424
1558137489,18825216
1558137490,12443648
1558137491,13705216
1558137492,17997824
1558137493,11395072
1558137494,18178048
1558137495,22069248
1558137496,14893056
1558137497,18874368
1558137498,12541952
1558137499,19546112
1558137500,9830400
1558137501,14893056
1558137502,18530304
1558137503,11870208
1558137504,15818752
1558137505,11632640
1558137506,21258240
1558137507,14630912
1558137508,18841600
1558137509,11902976
1558137510,18112512
1558137511,10051584
1558137512,18825216
1558137513,12263424
1558137514,19243008
1558137515,19890176
1558137516,11567104
1558137517,19529728
1558137518,21061632
1558137519,12664832
1558137520,19218432
1558137521,20152320
1558137522,13459456
1558137523,18677760
1558137524,11804672
1558137525,18677760
1558137526,20955136
1558137527,11935744
1558137528,18612224
1558137529,21176320
1558137530,13377536
1558137531,19824640
1558137532,21217280
1558137533,24952832
1558137534,18554880
1558137535,13434880
1558137536,13189120
1558137537,19619840
1558137538,20922368
1558137539,14016512
1558137540,17997824
1558137541,11042816
1558137542,18284544
1558137543,10821632
1558137544,18989056
1558137545,22241280
1558137546,14966784
1558137547,19865600
1558137548,11722752
1558137549,19038208
1558137550,21020672
1558137551,13262848
1558137552,19300352
1558137553,10633216
1558137554,18513920
1558137555,21012480
1558137556,13402112
1558137557,18857984
1558137558,22454272
1558137559,15220736
1558137560,19988480
1558137561,11993088
1558137562,19161088
1558137563,13156352
1558137564,20930560
1558137565,13516800
1558137566,18595840
1558137567,25403392
1558137568,18456576
1558137569,20938752
1558137570,21274624
1558137571,14163968
1558137572,18825216
1558137573,11395072
1558137574,17989632
1558137575,10240000
1558137576,13877248
1558137577,17432576
1558137578,11436032
1558137579,17563648
1558137580,9953280
1558137581,15712256
1558137582,6160384
1558137583,11616256
1558137584,19972096
1558137585,10551296
1558137586,15589376
1558137587,5029888
1558137588,13123584
1558137589,18186240
1558137590,10657792
1558137591,20094976
1558137592,20824064
1558137593,13967360
1558137594,18210816
1558137595,11812864
1558137596,19316736
1558137597,12206080
1558137598,19111936
1558137599,12738560
1558137600,13647872
1558137601,18563072
1558137602,20062208
1558137603,12500992
1558137604,17801216
1558137605,21585920
1558137606,14270464
1558137607,6995968
1558137608,11534336
1558137609,17997824
1558137610,25305088
1558137611,17784832
1558137612,19070976
1558137613,20332544
1558137614,14098432
1558137615,18440192
1558137616,12181504
1558137617,5955584
1558137618,10207232
1558137619,19914752
1558137620,20275200
1558137621,11698176
1558137622,17768448
1558137623,20275200
1558137624,10346496
1558137625,13606912
1558137626,17702912
1558137627,11452416
1558137628,18644992
1558137629,25264128
1558137630,18817024
1558137631,16244736
1558137632,12017664
1558137633,17793024
1558137634,19808256
1558137635,12656640
1558137636,14393344
1558137637,18882560
1558137638,12337152
1558137639,17711104
1558137640,21504000
1558137641,14426112
1558137642,5365760
1558137643,10829824
1558137644,18440192
1558137645,10747904
1558137646,14450688
1558137647,17760256
1558137648,12025856
1558137649,18268160
1558137650,12009472
1558137651,19922944
1558137652,21299200
1558137653,13443072
1558137654,19865600
1558137655,19931136
1558137656,13025280
1558137657,20078592
1558137658,21495808
1558137659,13402112
1558137660,19529728
1558137661,19177472
1558137662,12607488
1558137663,17563648
1558137664,11395072
1558137665,17358848
1558137666,10444800
1558137667,14041088
1558137668,18579456
1558137669,12173312
1558137670,18128896
1558137671,10321920
1558137672,12664832
1558137673,16793600
1558137674,10919936
1558137675,18358272
1558137676,10002432
1558137677,13819904
1558137678,18071552
1558137679,11829248
1558137680,18300928
1558137681,11395072
1558137682,19054592
1558137683,19849216
1558137684,20570112
1558137685,13303808
1558137686,17661952
1558137687,7766016
1558137688,14966784
1558137689,17915904
1558137690,12222464
1558137691,13475840
1558137692,11558912
1558137693,18825216
1558137694,12124160
1558137695,17874944
1558137696,11501568
1558137697,14802944
1558137698,6004736
1558137699,12271616
1558137700,19570688
1558137701,11952128
1558137702,20168704
1558137703,19472384
1558137704,11001856
1558137705,14852096
1558137706,18743296
1558137707,12795904
1558137708,19103744
1558137709,11411456
1558137710,19464192
1558137711,22175744
1558137712,14860288
1558137713,18825216
1558137714,12296192
1558137715,18055168
1558137716,12361728
1558137717,19300352
1558137718,13344768
1558137719,14344192
1558137720,9527296
1558137721,14909440
1558137722,4661248
1558137723,11935744
1558137724,18325504
1558137725,11272192
1558137726,19013632
1558137727,11894784
1558137728,18964480
1558137729,20824064
1558137730,10256384
1558137731,14852096
1558137732,18432000
1558137733,12050432
1558137734,18268160
1558137735,10313728
1558137736,18554880
1558137737,11124736
1558137738,19054592
1558137739,20078592
1558137740,11255808
1558137741,20209664
1558137742,14712832
1558137744,20652032
1558137745,21078016
1558137746,13950976
1558137747,19038208
1558137748,11526144
1558137749,18685952
1558137750,21413888
1558137751,13574144
1558137752,18956288
1558137753,21250048
1558137754,15138816
1558137755,5406720
1558137756,12648448
1558137757,19013632
1558137758,15474688
1558137759,18235392
1558137760,12165120
1558137761,20234240
1558137762,19095552
1558137763,20209664
1558137764,13705216
1558137765,11755520
1558137766,11673600
1558137767,18194432
1558137768,20398080
1558137769,11640832
1558137770,19152896
1558137771,12435456
1558137772,14106624
1558137773,17883136
1558137774,10608640
1558137775,18538496
1558137776,11214848
1558137777,13565952
1558137778,17965056
1558137779,20717568
1558137780,14139392
1558137781,17555456
1558137782,11788288
1558137783,17481728
1558137784,10846208
1558137785,18432000
1558137786,20348928
1558137787,13221888
1558137788,13025280
1558137789,9658368
1558137790,15540224
1558137791,19021824
1558137792,13582336
1558137793,18178048
1558137794,9371648
1558137795,12976128
1558137796,21676032
1558137797,15556608
1558137798,5169152
1558137799,12607488
1558137800,18505728
1558137801,11886592
1558137802,18841600
1558137803,11714560
1558137804,22388736
1558137805,14229504
1558137806,19152896
1558137807,12288000
1558137808,19357696
1558137809,12099584
1558137810,17080320
1558137811,20086784
1558137812,21241856
1558137813,12787712
1558137814,19456000
1558137815,22093824
1558137816,19374080
1558137817,18907136
1558137818,12541952
1558137819,18358272
1558137820,12025856
1558137821,18374656
1558137822,25165824
1558137823,18104320
1558137824,20799488
1558137825,24944640
1558137826,18210816
1558137827,21061632
1558137828,12926976
1558137829,20307968
1558137830,21217280
1558137831,10067968
1558137832,15704064
1558137833,18980864
1558137834,13000704
1558137835,18718720
1558137836,12656640
1558137837,19677184
1558137838,13246464
1558137839,18014208
1558137840,11583488
1558137841,20201472
1558137842,19750912
1558137843,20733952
1558137844,15425536
1558137845,18219008
1558137846,12091392
1558137847,19603456
1558137848,12197888
1558137849,19857408
1558137850,20381696
1558137851,13410304
1558137852,18964480
1558137853,10739712
1558137854,18997248
1558137855,20586496
1558137856,13705216
1558137857,8282112
1558137858,21209088
1558137859,14417920
1558137860,17809408
1558137861,11403264
1558137862,17473536
1558137863,10534912
1558137864,22355968
1558137865,14434304
1558137866,18456576
1558137867,11911168
1558137868,7757824
1558137869,11173888
1558137870,18866176
1558137871,25346048
1558137872,19120128
1558137873,20373504
1558137874,9330688
1558137875,14532608
1558137876,18038784
1558137877,11796480
1558137878,18546688
1558137879,12197888
1558137880,18759680
1558137881,12066816
1558137882,20463616
1558137883,13770752
1558137884,13230080
1558137885,19111936
1558137886,19980288
1558137887,13058048
1558137888,17170432
1558137889,10805248
1558137890,17104896
1558137891,23183360
1558137892,15884288
1558137893,19013632
1558137894,12304384
1558137895,19521536
1558137896,11894784
1558137897,20127744
1558137898,20840448
1558137899,13852672
1558137900,19439616
1558137901,10362880
1558137902,15302656
1558137903,18776064
1558137904,12705792
1558137905,6627328
1558137906,10788864
1558137907,18448384
1558137908,21962752
1558137909,15163392
1558137910,18612224
1558137911,10461184
1558137912,20643840
1558137913,20987904
1558137914,14180352
1558137915,18366464
1558137916,11083776
1558137917,18636800
1558137918,21020672
1558137919,12443648
1558137920,19914752
1558137921,20414464
1558137922,13459456
1558137923,17981440
1558137924,19038208
1558137925,20742144
1558137926,14475264
1558137927,8224768
1558137928,9781248
1558137929,19521536
1558137930,21471232
1558137931,12754944
1558137932,20496384
1558137933,21159936
1558137934,12828672
1558137935,20193280
1558137936,21413888
1558137937,14417920
1558137938,19292160
1558137939,20348928
1558137940,12935168
1558137941,18137088
1558137942,11698176
1558137943,17760256
1558137944,21012480
1558137945,12115968
1558137946,19521536
1558137947,20652032
1558137948,14262272
1558137949,15818752
1558137950,22061056
1558137951,15556608
1558137952,19775488
1558137953,12500992
1558137954,19873792
1558137955,11108352
1558137956,15695872
1558137957,13639680
1558137958,14589952
1558137959,19161088
1558137960,12443648
1558137961,19611648
1558137962,12967936
1558137963,19234816
1558137964,20103168
1558137965,10854400
1558137966,19292160
1558137967,19783680
1558137968,13475840
1558137969,16687104
1558137970,10141696
1558137971,17997824
1558137972,23134208
1558137973,15589376
1558137974,19087360
1558137975,11034624
1558137976,17252352
1558137977,20692992
1558137978,13918208
1558137979,17825792
1558137980,11395072
1558137981,18300928
1558137982,11526144
1558137983,18341888
1558137984,16637952
1558137985,20283392
1558137986,20217856
1558137987,12689408
1558137988,17924096
1558137989,10747904
1558137990,18833408
1558137991,12001280
1558137992,19922944
1558137993,12165120
1558137994,12730368
1558137995,18767872
1558137996,11821056
1558137997,19365888
1558137998,19660800
1558137999,20840448
1558138000,14336000
1558138001,18423808
1558138002,11476992
1558138003,19243008
1558138004,22814720
1558138005,15556608
1558138006,19390464
1558138007,13049856
1558138008,20176896
1558138009,12214272
1558138010,20340736
1558138011,20865024
1558138012,13918208
1558138013,18079744
1558138014,9854976
1558138015,18915328
1558138016,20996096
1558138017,13787136
1558138018,18685952
1558138019,10592256
1558138020,19324928
1558138021,20086784
1558138022,13647872
1558138023,17809408
1558138024,7561216
1558138025,15220736
1558138026,5423104
1558138027,13279232
1558138028,18522112
1558138029,12328960
1558138030,19169280
1558138031,12386304
1558138032,17383424
1558138033,11182080
1558138034,17498112
1558138035,8921088
1558138036,13361152
1558138037,5169152
1558138038,11812864
1558138039,17940480
1558138040,22749184
1558138041,14671872
1558138042,18604032
1558138043,11993088
1558138044,15810560
1558138045,19611648
1558138046,20750336
1558138047,14475264
1558138048,18309120
1558138049,12075008
1558138050,19398656
1558138051,9216000
1558138052,15024128
1558138053,4358144
1558138054,13737984
1558138055,19202048
1558138056,13279232
1558138057,20078592
1558138058,13787136
1558138059,17620992
1558138060,11722752
1558138061,10838016
1558138062,23011328
1558138063,15196160
1558138064,18800640
1558138065,12476416
1558138066,19947520
1558138067,11264000
1558138068,14966784
1558138069,5971968
1558138070,12812288
1558138071,8044544
1558138072,11517952
1558138073,17825792
1558138074,21430272
1558138075,14639104
1558138076,18210816
1558138077,12263424
1558138078,18956288
1558138079,11534336
1558138080,15065088
1558138081,18948096
1558138082,13082624
1558138083,8478720
1558138084,11132928
1558138085,18153472
1558138086,22372352
1558138087,15196160
1558138088,19136512
1558138089,11165696
1558138090,19816448
1558138091,12173312
1558138092,19382272
1558138093,20611072
1558138094,13000704
1558138095,19316736
1558138096,22134784
1558138097,15515648
1558138098,19054592
1558138099,12050432
1558138100,19628032
1558138101,25387008
1558138102,19046400
1558138103,21102592
1558138104,20537344
1558138105,21118976
1558138106,12500992
1558138107,19095552
1558138108,21176320
1558138109,13180928
1558138110,18595840
1558138111,12476416
1558138112,13754368
1558138113,17317888
1558138114,10297344
1558138115,18259968
1558138116,11173888
1558138117,15294464
1558138118,18350080
1558138119,12386304
1558138120,11337728
1558138121,11034624
1558138122,19095552
1558138123,12541952
1558138124,14262272
1558138125,18505728
1558138126,9027584
1558138127,15253504
1558138128,19193856
1558138129,12722176
1558138130,18833408
1558138131,11960320
1558138132,19472384
1558138133,11894784
1558138134,18939904
1558138135,20865024
1558138136,13320192
1558138137,18022400
1558138138,20750336
1558138139,11468800
1558138140,15409152
1558138141,4890624
1558138142,12697600
1558138143,18563072
1558138144,12320768
1558138145,18989056
1558138146,12435456
1558138147,17186816
1558138148,20668416
1558138149,13221888
1558138150,10649600
1558138151,11739136
1558138152,20226048
1558138153,20176896
1558138154,12378112
1558138155,18079744
1558138156,11468800
1558138157,16637952
1558138158,21946368
1558138159,12468224
1558138160,19439616
1558138161,24961024
1558138162,18726912
1558138163,20316160
1558138164,20135936
1558138165,20094976
1558138166,13279232
1558138167,17645568
1558138168,10846208
1558138169,17801216
1558138170,8642560
1558138171,18243584
1558138172,20111360
1558138173,13230080
1558138174,18243584
1558138175,11026432
1558138176,19308544
1558138177,19709952
1558138178,13099008
1558138179,17915904
1558138180,11444224
1558138181,18784256
1558138182,18677760
1558138183,20725760
1558138184,14311424
1558138185,17850368
1558138186,11296768
1558138187,4972544
1558138188,12165120
1558138189,17227776
1558138190,10690560
1558138191,18366464
1558138192,19382272
1558138193,20840448
1558138194,14835712
1558138195,17850368
1558138196,11583488
1558138197,17711104
1558138198,11108352
1558138199,17989632
1558138200,11853824
1558138201,23822336
1558138202,20021248
1558138203,12705792
1558138204,18046976
1558138205,10805248
1558138206,19046400
1558138207,20045824
1558138208,10731520
1558138209,18898944
1558138210,20406272
1558138211,12869632
1558138212,11780096
1558138213,11362304
1558138214,18800640
1558138215,20373504
1558138216,13344768
1558138217,17899520
1558138218,10633216
1558138219,18259968
1558138220,20480000
1558138221,11231232
1558138222,14442496
1558138223,4521984
1558138224,20856832
1558138225,13852672
1558138226,18235392
1558138227,11141120
1558138228,18587648
1558138229,22044672
1558138230,13950976
1558138231,18849792
1558138232,13672448
1558138233,16703488
1558138234,21839872
1558138235,15351808
1558138236,19120128
1558138237,12836864
1558138238,18661376
1558138239,13426688
1558138240,19750912
1558138241,10616832
1558138242,15572992
1558138243,18759680
1558138244,11829248
1558138245,19144704
1558138246,11919360
1558138247,17768448
1558138248,22339584
1558138249,14286848
1558138250,18735104
1558138251,12165120
1558138252,18857984
1558138253,12091392
1558138254,19423232
1558138255,21200896
1558138256,13082624
1558138257,18538496
1558138258,20733952
1558138259,20602880
1558138260,14622720
1558138261,5144576
1558138262,12353536
1558138263,19521536
1558138264,12984320
1558138265,18628608
1558138266,21291008
1558138267,14819328
1558138268,10862592
1558138269,11288576
1558138270,20176896
1558138271,19513344
1558138272,12263424
1558138273,17883136
1558138274,10567680
1558138275,18653184
1558138276,21086208
1558138277,12771328
1558138278,18759680
1558138279,20865024
1558138280,12681216
1558138281,17866752
1558138282,21774336
1558138283,15278080
1558138284,17022976
1558138285,20766720
1558138286,13402112
1558138287,19128320
1558138288,21512192
1558138289,13279232
1558138290,19292160
1558138291,11051008
1558138292,19652608
1558138293,21356544
1558138294,11935744
1558138295,21307392
1558138296,20553728
1558138297,13139968
1558138298,17645568
1558138299,10346496
1558138300,19177472
1558138301,19832832
1558138302,13279232
1558138303,17309696
1558138304,11010048
1558138305,17907712
1558138306,11493376
1558138307,13844480
1558138308,4415488
1558138309,10477568
1558138310,18317312
1558138311,21364736
1558138312,14434304
1558138313,5857280
1558138314,10723328
1558138315,18087936
1558138316,23044096
1558138317,15597568
1558138318,19103744
1558138319,12034048
1558138320,20234240
1558138321,24895488
1558138322,18702336
1558138323,20979712
1558138324,13926400
1558138325,16433152
1558138326,5234688
1558138327,12517376
1558138328,4120576
1558138329,13287424
1558138330,20463616
1558138331,14090240
1558138332,19210240
1558138333,11919360
1558138334,15294464
1558138335,18317312
1558138336,12722176
1558138337,18317312
1558138338,11493376
1558138339,18776064
1558138340,22544384
1558138341,15368192
1558138342,18948096
1558138343,10829824
1558138344,15450112
1558138345,19726336
1558138346,20881408
1558138347,14262272
1558138348,4710400
1558138349,11952128
1558138350,18784256
1558138351,11763712
1558138352,19152896
1558138353,11845632
1558138354,14565376
1558138355,4481024
1558138356,12673024
1558138357,17678336
1558138358,11247616
1558138359,18710528
1558138360,12345344
1558138361,17367040
1558138362,21848064
1558138363,13787136
1558138364,18644992
1558138365,10715136
1558138366,19185664
1558138367,20381696
1558138368,13197312
1558138369,17915904
1558138370,11165696
1558138371,17637376
1558138372,10600448
1558138373,18980864
1558138374,21528576
1558138375,12738560
1558138376,20348928
1558138377,21274624
1558138378,12378112
1558138379,21880832
1558138380,21004288
1558138381,12263424
1558138382,18882560
1558138383,19791872
1558138384,12214272
1558138385,17711104
1558138386,22568960
1558138387,15654912
1558138388,5693440
1558138389,11935744
1558138390,20365312
1558138391,12288000
1558138392,19505152
1558138393,20840448
1558138394,14065664
1558138395,18948096
1558138396,11567104
1558138397,18620416
1558138398,21446656
1558138399,12771328
1558138400,18726912
1558138401,20979712
1558138402,12337152
1558138403,18710528
1558138404,17465344
1558138405,19587072
1558138406,21258240
1558138407,13901824
1558138408,19283968
1558138409,12124160
1558138410,19480576
1558138411,21938176
1558138412,15327232
1558138413,18620416
1558138414,12828672
1558138415,17588224
1558138416,15605760
1558138417,19398656
1558138418,25452544
1558138419,18169856
1558138420,20955136
1558138421,11198464
1558138422,14991360
1558138423,18423808
1558138424,12271616
1558138425,18604032
1558138426,12730368
1558138427,18874368
1558138428,12214272
1558138429,19259392
1558138430,20996096
1558138431,12402688
1558138432,20127744
1558138433,20258816
1558138434,12402688
1558138435,18440192
1558138436,22315008
1558138437,14966784
1558138438,19120128
1558138439,11960320
1558138440,19054592
1558138441,11665408
1558138442,15900672
1558138443,18341888
1558138444,12345344
1558138445,17817600
1558138446,11452416
1558138447,18685952
1558138448,21544960
1558138449,14163968
1558138450,12845056
1558138451,11550720
1558138452,20119552
1558138453,20930560
1558138454,12345344
1558138455,18489344
1558138456,21331968
1558138457,13049856
1558138458,19767296
1558138459,20996096
1558138460,13860864
1558138461,17907712
1558138462,11411456
1558138463,18194432
1558138465,17956864
1558138466,20496384
1558138467,14499840
1558138468,18497536
1558138469,11788288
1558138470,19898368
1558138471,25149440
1558138472,18980864
1558138473,20520960
1558138474,13017088
1558138475,20676608
1558138476,20905984
1558138477,13451264
1558138478,18259968
1558138479,10756096
1558138480,21110784
1558138481,20602880
1558138482,12263424
1558138483,18489344
1558138484,20758528
1558138485,12730368
1558138486,20373504
1558138487,20619264
1558138488,13058048
1558138489,18268160
1558138490,25452544
1558138491,17522688
1558138492,20193280
1558138493,20332544
1558138494,13828096
1558138495,17702912
1558138496,11239424
1558138497,18210816
1558138498,22052864
1558138499,15130624
1558138500,18948096
1558138501,12312576
1558138502,19267584
1558138503,18751488
1558138504,13705216
1558138505,17088512
1558138506,11132928
1558138507,17432576
1558138508,10960896
1558138509,18776064
1558138510,20611072
1558138511,11862016
1558138512,20144128
1558138513,21004288
1558138514,12730368
1558138515,19070976
1558138516,21692416
1558138517,15204352
1558138518,18898944
1558138519,11788288
1558138520,17121280
1558138521,20783104
1558138522,14843904
1558138523,17637376
1558138524,19693568
1558138525,12935168
1558138526,18006016
1558138527,11403264
1558138528,19128320
1558138529,20389888
1558138530,12320768
1558138531,18505728
1558138532,18153472
1558138533,11878400
1558138534,18866176
1558138535,20840448
1558138536,11264000
1558138537,15204352
1558138538,19062784
1558138539,13074432
1558138540,19857408
1558138541,12058624
1558138542,19972096
1558138543,20676608
1558138544,13549568
1558138545,18046976
1558138546,20520960
1558138547,13885440
1558138548,18890752
1558138549,11616256
1558138550,18243584
1558138551,10911744
1558138552,14368768
1558138553,17891328
1558138554,11952128
1558138555,17416192
1558138556,10887168
1558138557,17907712
1558138558,20586496
1558138559,14163968
1558138560,17465344
1558138561,9560064
1558138562,19619840
1558138563,19816448
1558138564,12402688
1558138565,18440192
1558138566,21348352
1558138567,14483456
1558138568,18857984
1558138569,11149312
1558138570,18546688
1558138571,24715264
1558138572,17989632
1558138573,20471808
1558138574,20987904
1558138575,14680064
1558138576,18440192
1558138577,11165696
1558138578,19349504
1558138579,12247040
1558138580,18989056
1558138581,20807680
1558138582,12558336
1558138583,18628608
1558138584,15892480
1558138585,19947520
1558138586,21110784
1558138587,14868480
1558138588,19210240
1558138589,11771904
1558138590,20054016
1558138591,20717568
1558138592,13336576
1558138593,18456576
1558138594,10690560
1558138595,18448384
1558138596,21118976
1558138597,12664832
1558138598,20275200
1558138599,20193280
1558138600,17195008
1558138601,17375232
1558138602,9961472
1558138603,18022400
1558138604,20791296
1558138605,21528576
1558138606,16498688
1558138607,18677760
1558138608,11804672
1558138609,19709952
1558138610,21348352
1558138611,14680064
1558138612,5562368
1558138613,11632640
1558138614,18964480
1558138615,12386304
1558138616,19652608
1558138617,13631488
1558138618,13590528
1558138619,17162240
1558138620,10346496
1558138621,17473536
1558138622,19136512
1558138623,11952128
1558138624,17793024
1558138625,21995520
1558138626,14336000
1558138627,17285120
1558138628,11616256
1558138629,18333696
1558138630,11960320
1558138631,18694144
1558138632,9986048
1558138633,14868480
1558138634,18661376
1558138635,12263424
1558138636,19472384
1558138637,12001280
1558138638,20094976
1558138639,14204928
1558138640,13672448
1558138641,17424384
1558138642,13492224
1558138643,14090240
1558138644,17563648
1558138645,19734528
1558138646,12935168
1558138647,16646144
1558138648,10231808
1558138649,16793600
1558138650,10665984
1558138651,18006016
1558138652,10829824
1558138653,12386304
1558138654,18677760
1558138655,11239424
1558138656,17735680
1558138657,10223616
1558138658,15769600
1558138659,18407424
1558138660,12509184
1558138661,18538496
1558138662,12460032
1558138663,18317312
1558138664,9420800
1558138665,14565376
1558138666,4628480
1558138667,11534336
1558138668,19259392
1558138669,13131776
1558138670,19030016
1558138671,20234240
1558138672,13418496
1558138673,17784832
1558138674,11427840
1558138675,11689984
1558138676,10641408
1558138677,18972672
1558138678,21192704
1558138679,13066240
1558138680,19439616
1558138681,21225472
1558138682,14868480
1558138683,7331840
1558138684,11927552
1558138685,18726912
1558138686,11362304
1558138687,15466496
1558138688,18997248
1558138689,12558336
1558138690,20209664
1558138691,10272768
1558138692,15753216
1558138693,6045696
1558138694,13123584
1558138695,6529024
1558138696,10944512
1558138697,19070976
1558138698,12050432
1558138699,19365888
1558138700,20684800
1558138701,13139968
1558138702,20185088
1558138703,20799488
1558138704,20324352
1558138705,13025280
1558138706,18579456
1558138707,21118976
1558138708,14786560
1558138709,17498112
1558138710,11919360
1558138711,17334272
1558138712,9027584
1558138713,14139392
1558138714,19267584
1558138715,13131776
1558138716,17563648
1558138717,9469952
1558138718,14237696
1558138719,17768448
1558138720,12312576
1558138721,16310272
1558138722,9363456
1558138723,13041664
1558138724,18202624
1558138725,11829248
1558138726,6938624
1558138727,10960896
1558138728,19718144
1558138729,21078016
1558138730,12959744
1558138731,20037632
1558138732,21192704
1558138733,22126592
1558138734,15859712
1558138735,19300352
1558138736,13303808
1558138737,18423808
1558138738,11116544
1558138739,20193280
1558138740,13869056
1558138741,8691712
1558138742,12140544
1558138743,17670144
1558138744,17883136
1558138745,20660224
1558138746,14893056
1558138747,18169856
1558138748,11911168
1558138749,18178048
1558138750,11911168
1558138751,19734528
1558138752,21250048
1558138753,12746752
1558138754,19537920
1558138755,15417344
1558138756,12443648
1558138757,18604032
1558138758,20611072
1558138759,12640256
1558138760,20307968
1558138761,20504576
1558138762,13795328
1558138763,11100160
1558138764,20398080
1558138765,20152320
1558138766,10903552
1558138767,19644416
1558138768,21356544
1558138769,13713408
1558138770,19136512
1558138771,21274624
1558138772,14663680
1558138773,18145280
1558138774,12328960
1558138775,18186240
1558138776,11173888
1558138777,19742720
1558138778,12075008
1558138779,18776064
1558138780,21127168
1558138781,13066240
1558138782,19005440
1558138783,20242432
1558138784,13115392
1558138785,17981440
1558138786,11624448
1558138787,17989632
1558138788,20602880
1558138789,11927552
1558138790,19079168
1558138791,20365312
1558138792,12623872
1558138793,15679488
1558138794,21250048
1558138795,14508032
1558138796,18292736
1558138797,9961472
1558138798,20398080
1558138799,20570112
1558138800,13336576
1558138801,18407424
1558138802,11116544
1558138803,17833984
1558138804,20996096
1558138805,12386304
1558138806,20078592
1558138807,20332544
1558138808,13099008
1558138809,19095552
1558138810,20799488
1558138811,14229504
1558138812,18161664
1558138813,10903552
1558138814,19120128
1558138815,11321344
1558138816,15900672
1558138817,18931712
1558138818,12943360
1558138819,18096128
1558138820,10313728
1558138821,19144704
1558138822,20930560
1558138823,13565952
1558138824,14286848
1558138825,19529728
1558138826,21463040
1558138827,13090816
1558138828,19816448
1558138829,21471232
1558138830,14598144
1558138831,19300352
1558138832,11780096
1558138833,18194432
1558138834,21725184
1558138835,14098432
1558138836,18235392
1558138837,11419648
1558138838,10878976
1558138839,11550720
1558138840,17776640
1558138841,20471808
1558138842,21635072
1558138843,14778368
1558138844,18677760
1558138845,12288000
1558138846,19202048
1558138847,12517376
1558138848,18825216
1558138849,25419776
1558138850,19562496
1558138851,20996096
1558138852,12926976
1558138853,18227200
1558138854,21626880
1558138855,13516800
1558138856,19259392
1558138857,20381696
1558138858,11984896
1558138859,18685952
1558138860,21020672
1558138861,13271040
1558138862,18415616
1558138863,21504000
1558138864,15245312
1558138865,18456576
1558138866,12550144
1558138867,19046400
1558138868,12181504
1558138869,18350080
1558138870,20545536
1558138871,12869632
1558138872,18751488
1558138873,20619264
1558138874,14729216
1558138875,6873088
1558138876,12574720
1558138877,18579456
1558138878,23003136
1558138879,14458880
1558138880,19677184
1558138881,11689984
1558138882,19456000
1558138883,16760832
1558138884,19898368
1558138885,20881408
1558138886,15122432
1558138887,5701632
1558138888,11632640
1558138889,18153472
1558138890,11296768
1558138891,15228928
1558138892,7135232
1558138893,12017664
1558138894,18620416
1558138895,10502144
1558138896,15286272
1558138897,18808832
1558138898,12402688
1558138899,18210816
1558138900,11264000
1558138901,19480576
1558138902,12189696
1558138903,16777216
1558138904,20512768
1558138905,12025856
1558138906,18776064
1558138907,20709376
1558138908,12910592
1558138909,19947520
1558138910,20373504
1558138911,12017664
1558138912,17154048
1558138913,10035200
1558138914,18137088
1558138915,19857408
1558138916,13238272
1558138917,17588224
1558138918,10829824
1558138919,18604032
1558138920,20742144
1558138921,12345344
1558138922,19726336
1558138923,21004288
1558138924,12812288
1558138925,19300352
1558138926,21258240
1558138927,12828672
1558138928,20119552
1558138929,20725760
1558138930,12525568
1558138931,18202624
1558138932,10649600
1558138933,15179776
1558138934,18694144
1558138935,12304384
1558138936,19046400
1558138937,12001280
1558138938,14999552
1558138939,24821760
1558138940,17981440
1558138941,20652032
1558138942,21798912
1558138943,14409728
1558138944,17309696
1558138945,20840448
1558138946,20701184
1558138947,13934592
1558138948,17965056
1558138949,11370496
1558138950,19070976
1558138951,12468224
1558138952,19406848
1558138953,20545536
1558138954,13041664
1558138955,20373504
1558138956,20701184
1558138957,12419072
1558138958,18497536
1558138959,10502144
1558138960,14647296
1558138961,17711104
1558138962,11345920
1558138963,18726912
1558138964,25001984
1558138965,18505728
1558138966,20971520
1558138967,12009472
1558138968,18636800
1558138969,20865024
1558138970,16736256
1558138971,20267008
1558138972,21037056
1558138973,12886016
1558138974,18898944
1558138975,10346496
1558138976,15204352
1558138977,18972672
1558138978,12263424
1558138979,18374656
1558138980,11157504
1558138981,19243008
1558138982,22749184
1558138983,14336000
1558138984,19587072
1558138985,11591680
1558138986,20283392
1558138987,20406272
1558138988,13451264
1558138989,18472960
1558138990,22822912
1558138991,15212544
1558138992,19521536
1558138993,12369920
1558138994,19759104
1558138995,21520384
1558138996,14835712
1558138997,18849792
1558138998,12746752
1558138999,10870784
1558139000,12156928
1558139001,18071552
1558139002,20766720
1558139003,13574144
1558139004,16572416
1558139005,20652032
1558139006,12009472
1558139007,18472960
1558139008,21348352
1558139009,12640256
1558139010,19398656
1558139011,21159936
1558139012,12812288
1558139013,18726912
1558139014,21291008
1558139015,13557760
1558139016,8183808
1558139017,21929984
1558139018,15081472
1558139019,5128192
1558139020,11952128
1558139021,18300928
1558139022,11534336
1558139023,18743296
1558139024,12083200
1558139025,20496384
1558139026,21422080
1558139027,11534336
1558139028,15278080
1558139029,19169280
1558139030,12886016
1558139031,10444800
1558139032,13189120
1558139033,18759680
1558139034,11689984
1558139035,15056896
1558139036,18219008
1558139037,11157504
1558139038,19144704
1558139039,12288000
1558139040,20234240
1558139041,20619264
1558139042,12214272
1558139043,17793024
1558139044,21331968
1558139045,14188544
1558139046,18513920
1558139047,10747904
1558139048,18595840
1558139049,11427840
1558139050,19021824
1558139051,20938752
1558139052,13467648
1558139053,17924096
1558139054,10264576
1558139055,15392768
1558139056,18669568
1558139057,11943936
1558139058,19800064
1558139059,21848064
1558139060,14450688
1558139061,18661376
1558139062,12238848
1558139063,19529728
1558139064,19185664
1558139065,12468224
1558139066,13303808
1558139067,15163392
1558139068,20832256
1558139069,13860864
1558139070,18235392
1558139071,11943936
1558139072,18341888
1558139073,10887168
1558139074,18980864
1558139075,20652032
1558139076,12492800
1558139077,18997248
1558139078,21405696
1558139079,13172736
1558139080,20291584
1558139081,13631488
1558139082,13377536
1558139083,7438336
1558139084,11132928
1558139085,18784256
1558139086,20627456
1558139087,13082624
1558139088,18014208
1558139089,10256384
1558139090,18939904
1558139091,15212544
1558139092,11689984
1558139093,18948096
1558139094,21274624
1558139095,13647872
1558139096,19382272
1558139097,21520384
1558139098,14917632
1558139099,6668288
1558139100,11755520
1558139101,16465920
1558139102,12107776
1558139103,14172160
1558139104,18464768
1558139105,11845632
1558139106,11313152
1558139107,11722752
1558139108,18915328
1558139109,20324352
1558139110,13688832
1558139111,18538496
1558139112,10960896
1558139113,18391040
1558139114,21372928
1558139115,13320192
1558139116,19259392
1558139117,16498688
1558139118,13197312
1558139119,18259968
1558139120,21757952
1558139121,14303232
1558139122,18767872
1558139123,11952128
1558139124,14606336
1558139125,19824640
1558139126,21872640
1558139127,12656640
1558139128,18153472
1558139129,20013056
1558139130,12410880
1558139131,18432000
1558139132,22274048
1558139133,14000128
1558139134,19800064
1558139135,11730944
1558139136,18907136
1558139137,25395200
1558139138,17874944
1558139139,21143552
1558139140,11485184
1558139141,15204352
1558139142,19333120
1558139143,11714560
1558139144,20267008
1558139145,12304384
1558139146,20193280
1558139147,20234240
1558139148,13328384
1558139149,18292736
1558139150,11239424
1558139151,18587648
1558139152,11812864
1558139153,13221888
1558139154,17596416
1558139155,11018240
1558139156,20381696
1558139157,20504576
1558139158,13049856
1558139159,18407424
1558139160,22011904
1558139161,14827520
1558139162,19152896
1558139163,12566528
1558139164,18276352
1558139165,8626176
1558139166,19234816
1558139167,20717568
1558139168,12574720
1558139169,18497536
1558139170,11157504
1558139171,18505728
1558139172,21340160
1558139173,13426688
1558139174,19750912
1558139175,21635072
1558139176,12828672
1558139177,18636800
1558139178,11001856
1558139179,20488192
1558139180,21004288
1558139181,10584064
1558139182,19259392
1558139183,21110784
1558139184,20578304
1558139185,20488192
1558139186,13819904
1558139187,18718720
1558139188,22126592
1558139189,15491072
1558139190,19775488
1558139191,13303808
1558139192,13238272
1558139193,12189696
1558139194,19415040
1558139195,20447232
1558139196,13942784
1558139197,18440192
1558139198,10805248
1558139199,19980288
1558139200,14450688
1558139201,13213696
1558139202,14712832
1558139203,21929984
1558139204,15343616
1558139205,19021824
1558139206,12787712
1558139207,18219008
1558139208,9224192
1558139209,19456000
1558139210,11558912
1558139211,14917632
1558139212,18644992
1558139213,12206080
1558139214,19095552
1558139215,12591104
1558139216,19070976
1558139217,12189696
1558139218,18063360
1558139219,21348352
1558139220,13811712
1558139221,19349504
1558139222,21725184
1558139223,14204928
1558139224,14082048
1558139225,18243584
1558139226,15458304
1558139227,5767168
1558139228,12632064
1558139229,18595840
1558139230,11993088
1558139231,19709952
1558139232,12640256
1558139233,17604608
1558139234,10641408
1558139235,13312000
1558139236,18153472
1558139237,11567104
1558139238,18096128
1558139239,11010048
1558139240,17711104
1558139241,20930560
1558139242,11845632
1558139243,14573568
1558139244,18980864
1558139245,21069824
1558139246,12673024
1558139247,19308544
1558139248,12361728
1558139249,13320192
1558139250,18604032
1558139251,12009472
1558139252,16654336
1558139253,19234816
1558139254,13385728
1558139255,19030016
1558139256,12517376
1558139257,20283392
1558139258,13402112
1558139259,18202624
1558139260,11272192
1558139261,18079744
1558139262,20791296
1558139263,12222464
1558139264,20021248
1558139265,20570112
1558139266,13746176
1558139267,18825216
1558139268,11583488
1558139269,13639680
1558139270,18448384
1558139271,11829248
1558139272,17833984
1558139273,11403264
1558139274,14663680
1558139275,17817600
1558139276,12148736
1558139277,17711104
1558139278,11149312
1558139279,17580032
1558139280,10870784
1558139281,18456576
1558139282,20488192
1558139283,12009472
1558139284,19554304
1558139285,20717568
1558139286,13901824
1558139287,18980864
1558139288,11264000
1558139289,18022400
1558139290,20578304
1558139291,13410304
1558139292,18079744
1558139293,9125888
1558139294,18857984
1558139295,20520960
1558139296,13262848
1558139297,17915904
1558139298,11272192
1558139299,18931712
1558139300,20692992
1558139301,11485184
1558139302,19472384
1558139303,13049856
1558139304,16687104
1558139305,20439040
1558139306,14483456
1558139307,18309120
1558139308,12271616
1558139309,18563072
1558139310,23134208
1558139311,15687680
1558139312,18849792
1558139313,12607488
1558139314,18341888
1558139315,9502720
1558139316,18841600
1558139317,10862592
1558139318,15630336
1558139319,18939904
1558139320,13131776
1558139321,17866752
1558139322,11624448
1558139323,18898944
1558139324,17088512
1558139325,18669568
1558139326,20299776
1558139327,12894208
1558139328,17498112
1558139329,24780800
1558139330,18448384
1558139331,18677760
1558139332,11730944
1558139333,15130624
1558139334,18522112
1558139335,12279808
1558139336,20365312
1558139337,12075008
1558139338,15327232
1558139339,19275776
1558139340,12361728
1558139341,19529728
1558139342,22536192
1558139343,14622720
1558139344,19537920
1558139345,12599296
1558139346,19922944
1558139347,11583488
1558139348,17833984
1558139349,20578304
1558139350,12271616
1558139351,18620416
1558139352,21282816
1558139353,13205504
1558139354,19202048
1558139355,11272192
1558139356,15720448
1558139357,18980864
1558139358,12034048
1558139359,19554304
1558139360,12386304
1558139361,20135936
1558139362,21356544
1558139363,12795904
1558139364,10280960
1558139365,14786560
1558139366,18800640
1558139367,11837440
1558139368,12230656
1558139369,24657920
1558139370,17809408
1558139371,12640256
1558139372,13344768
1558139373,18374656
1558139374,21700608
1558139375,14270464
1558139376,18178048
1558139377,11665408
1558139378,18661376
1558139379,11157504
1558139380,19193856
1558139381,20668416
1558139382,12664832
1558139383,19390464
1558139384,20774912
1558139385,12337152
1558139386,20430848
1558139387,20807680
1558139388,14155776
1558139389,17596416
1558139390,10633216
1558139391,18399232
1558139392,20815872
1558139393,12451840
1558139394,17522688
1558139395,20750336
1558139396,11296768
1558139397,16097280
1558139398,19333120
1558139399,12345344
1558139400,19685376
1558139401,12017664
1558139402,18423808
1558139403,22044672
1558139404,15024128
1558139405,18096128
1558139406,11755520
1558139407,13189120
1558139408,22306816
1558139409,15515648
1558139410,19439616
1558139411,12369920
1558139412,19587072
1558139413,21594112
1558139414,15474688
1558139415,18374656
1558139416,12361728
1558139417,19709952
1558139418,12713984
1558139419,18128896
1558139420,22380544
1558139421,13950976
1558139422,18112512
1558139423,10919936
1558139424,14426112
1558139425,19791872
1558139426,21258240
1558139427,12976128
1558139428,19365888
1558139429,21405696
1558139430,14712832
1558139431,19169280
1558139432,11821056
1558139433,17965056
1558139434,11362304
1558139435,15597568
1558139436,18948096
1558139437,12140544
1558139438,19881984
1558139439,11763712
1558139440,18538496
1558139441,20922368
1558139442,15024128
1558139443,19562496
1558139444,16539648
1558139445,14041088
1558139446,18137088
1558139447,11247616
1558139448,18096128
1558139449,10846208
1558139450,18735104
1558139451,20684800
1558139452,13385728
1558139453,17727488
1558139454,20692992
1558139455,14557184
1558139456,17965056
1558139457,11763712
1558139458,18423808
1558139459,22855680
1558139460,15015936
1558139461,18489344
1558139462,11845632
1558139463,18931712
1558139464,11247616
1558139465,19038208
1558139466,20463616
1558139467,12673024
1558139468,19128320
1558139469,20774912
1558139470,13271040
1558139471,17661952
1558139472,11272192
1558139473,17801216
1558139474,21774336
1558139475,14516224
1558139476,18882560
1558139477,12075008
1558139478,18194432
1558139479,21987328
1558139480,14786560
1558139481,17956864
1558139482,11632640
1558139483,18038784
1558139484,20054016
1558139485,11116544
1558139486,14286848
1558139487,18743296
1558139488,12804096
1558139489,5308416
1558139490,11534336
1558139491,18046976
1558139492,20168704
1558139493,13656064
1558139494,4063232
1558139495,11714560
1558139496,5816320
1558139497,20193280
1558139498,13901824
1558139499,17317888
1558139500,11862016
1558139501,18554880
1558139502,13320192
1558139503,13131776
1558139504,14491648
1558139505,24944640
1558139506,18644992
1558139507,19955712
1558139508,11640832
1558139509,19824640
1558139510,21159936
1558139511,13074432
1558139512,19668992
1558139513,19431424
1558139514,12460032
1558139515,20750336
1558139516,20897792
1558139517,14376960
1558139518,19267584
1558139519,10829824
1558139520,19308544
1558139521,19931136
1558139522,13074432
1558139523,17768448
1558139524,11059200
1558139525,13926400
1558139526,17334272
1558139527,11173888
1558139528,18006016
1558139529,21577728
1558139530,14721024
1558139531,17727488
1558139532,12107776
1558139533,18972672
1558139534,11591680
1558139535,20127744
1558139536,21159936
1558139537,13320192
1558139538,19169280
1558139539,10887168
1558139540,14327808
1558139541,18079744
1558139542,12066816
1558139543,9084928
1558139544,19456000
1558139545,8781824
1558139546,19972096
1558139547,20570112
1558139548,13934592
1558139549,17727488
1558139550,10813440
1558139551,19070976
1558139552,20119552
1558139553,13172736
1558139554,17457152
1558139555,10846208
1558139556,15548416
1558139557,19791872
1558139558,13647872
1558139559,17448960
1558139560,10682368
1558139561,13639680
1558139562,20946944
1558139563,13828096
1558139564,17874944
1558139565,10706944
1558139566,17997824
1558139567,10903552
1558139568,18735104
1558139569,12058624
1558139570,19480576
1558139571,20324352
1558139572,12197888
1558139573,18661376
1558139574,11468800
1558139575,18554880
1558139576,20316160
1558139577,10018816
1558139578,19210240
1558139579,20127744
1558139580,13000704
1558139581,18104320
1558139582,10051584
1558139583,17416192
1558139584,21135360
1558139585,12468224
1558139586,19070976
1558139587,20660224
1558139588,10141696
1558139589,15499264
1558139590,19505152
1558139591,12951552
1558139592,18407424
1558139593,11993088
1558139594,19881984
1558139595,12681216
1558139596,19054592
1558139597,20774912
1558139598,13688832
1558139599,18776064
1558139600,20840448
1558139601,12443648
1558139602,19906560
1558139603,13287424
1558139604,20422656
1558139605,12410880
1558139606,18817024
1558139607,22257664
1558139608,15859712
1558139609,19283968
1558139610,12558336
1558139611,5775360
1558139612,11460608
1558139613,19652608
1558139614,12484608
1558139615,17432576
1558139616,20242432
1558139617,20471808
1558139618,15007744
1558139619,18694144
1558139620,12345344
1558139621,19505152
1558139622,12558336
1558139623,19824640
1558139624,20299776
1558139625,13697024
1558139626,18874368
1558139627,11689984
1558139628,19283968
1558139629,20340736
1558139630,13393920
1558139631,18366464
1558139632,20520960
1558139633,13049856
1558139634,18546688
1558139635,11755520
1558139636,18620416
1558139637,20832256
1558139638,12558336
1558139639,18276352
1558139640,21061632
1558139641,13885440
1558139642,19636224
1558139643,21192704
1558139644,14925824
1558139645,18448384
1558139646,12615680
1558139647,17784832
1558139648,12017664
1558139649,19161088
1558139650,13041664
1558139651,18096128
1558139652,11067392
1558139653,13959168
1558139654,17465344
1558139655,11067392
1558139656,17973248
1558139657,11657216
1558139658,17850368
1558139659,21422080
1558139660,14311424
1558139661,17350656
1558139662,11288576
1558139663,10665984
1558139664,20365312
1558139665,11935744
1558139666,19144704
1558139667,20545536
1558139668,13656064
1558139669,19161088
1558139670,11575296
1558139671,18677760
1558139672,21389312
1558139673,13574144
1558139674,18882560
1558139675,19849216
1558139676,13148160
1558139677,17604608
1558139678,10747904
1558139679,18849792
1558139680,20881408
1558139681,12443648
1558139682,19136512
1558139683,20373504
1558139684,13639680
1558139685,8478720
1558139686,20996096
1558139687,14811136
1558139688,18440192
1558139689,11878400
1558139690,18735104
1558139691,8380416
1558139692,14426112
1558139693,4235264
1558139694,11444224
1558139695,17932288
1558139696,11829248
1558139697,17637376
1558139698,11649024
1558139699,17203200
1558139700,10993664
1558139701,18112512
1558139702,8790016
1558139703,14336000
1558139704,18096128
1558139705,11812864
1558139706,18612224
1558139707,12173312
1558139708,18137088
1558139709,11370496
1558139710,18636800
1558139711,11722752
1558139712,13328384
1558139713,17883136
1558139714,20807680
1558139715,14082048
1558139716,18628608
1558139717,11837440
1558139718,17588224
1558139719,20406272
1558139720,11542528
1558139721,17784832
1558139722,20889600
1558139723,10354688
1558139724,21209088
1558139725,15335424
1558139726,19390464
1558139727,13238272
1558139728,18546688
1558139729,10993664
1558139730,19849216
1558139731,21815296
1558139732,15589376
1558139733,19234816
1558139734,11837440
1558139735,18612224
1558139736,12500992
1558139737,19267584
1558139738,13287424
1558139739,17743872
1558139740,12009472
1558139741,13393920
1558139742,18096128
1558139743,10723328
1558139744,19062784
1558139745,20086784
1558139746,21610496
1558139747,15065088
1558139748,19185664
1558139749,12632064
1558139750,19611648
1558139751,12451840
1558139752,18620416
1558139753,11567104
1558139754,19382272
1558139755,20480000
1558139756,21643264
1558139757,15253504
1558139758,18710528
1558139759,12042240
1558139760,20152320
1558139761,25509888
1558139762,18710528
1558139763,20873216
1558139764,12574720
1558139765,18694144
1558139766,21143552
1558139767,24788992
1558139768,18694144
1558139769,20692992
1558139770,13156352
1558139771,17686528
1558139772,20652032
1558139773,13623296
1558139774,18735104
1558139775,12009472
1558139776,17743872
1558139777,20512768
1558139778,21250048
1558139779,14753792
1558139780,18055168
1558139781,11780096
1558139782,18210816
1558139783,10616832
1558139784,13623296
1558139785,20307968
1558139786,19865600
1558139787,12926976
1558139788,19087360
1558139789,25231360
1558139790,18792448
1558139791,21110784
1558139792,11255808
1558139793,15335424
1558139794,18997248
1558139795,12754944
1558139796,18890752
1558139797,11034624
1558139798,20234240
1558139799,21250048
1558139800,12804096
1558139801,19439616
1558139802,21184512
1558139803,13082624
1558139804,18309120
1558139805,11436032
1558139806,18325504
1558139807,11763712
1558139808,18718720
1558139809,12312576
1558139810,13074432
1558139811,9207808
1558139812,16375808
1558139813,19595264
1558139814,17768448
1558139815,12271616
1558139816,19324928
1558139817,20611072
1558139818,12156928
1558139819,19185664
1558139820,20955136
1558139821,13910016
1558139822,17932288
1558139823,11427840
1558139824,18186240
1558139825,25124864
1558139826,18620416
1558139827,21479424
1558139828,13115392
1558139829,19644416
1558139830,20758528
1558139831,12255232
1558139832,20594688
1558139833,20709376
1558139834,13598720
1558139835,18849792
1558139836,22937600
1558139837,16072704
1558139838,19447808
1558139839,11509760
1558139840,19759104
1558139841,21520384
1558139842,15147008
1558139843,18391040
1558139844,4661248
1558139845,14016512
1558139846,18038784
1558139847,11223040
1558139848,17743872
1558139849,10338304
1558139850,18776064
1558139851,20348928
1558139852,12845056
1558139853,18186240
1558139854,25337856
1558139855,18382848
1558139856,20692992
1558139857,20692992
1558139858,14696448
1558139859,18030592
1558139860,11296768
1558139861,9216000
1558139862,11739136
1558139863,18448384
1558139864,19759104
1558139865,12279808
1558139866,18046976
1558139867,10854400
1558139868,20070400
1558139869,20873216
1558139870,12615680
1558139871,19603456
1558139872,20570112
1558139873,13524992
1558139874,3981312
1558139875,10657792
1558139876,17711104
1558139877,11550720
1558139878,17530880
1558139879,25247744
1558139880,18989056
1558139881,17309696
1558139882,12288000
1558139883,18882560
1558139884,21004288
1558139885,21020672
1558139886,14966784
1558139887,4669440
1558139888,12263424
1558139889,18792448
1558139890,12943360
1558139891,19054592
1558139892,12197888
1558139893,19365888
1558139894,21381120
1558139895,24887296
1558139896,18890752
1558139897,17678336
1558139898,12976128
1558139899,18079744
1558139900,21348352
1558139901,11812864
1558139902,19349504
1558139903,12976128
1558139904,20152320
1558139905,12664832
1558139906,18194432
1558139907,21929984
1558139908,15351808
1558139909,18022400
1558139910,11182080
1558139911,18571264
1558139912,11673600
1558139913,18374656
1558139914,20684800
1558139915,12312576
1558139916,20168704
1558139917,21061632
1558139918,12591104
1558139919,20324352
1558139920,20774912
1558139921,12845056
1558139922,19226624
1558139923,10821632
1558139924,13508608
1558139925,19062784
1558139926,12255232
1558139927,18980864
1558139928,12197888
1558139929,18161664
1558139930,21700608
1558139931,14139392
1558139932,19431424
1558139933,12484608
1558139934,18448384
1558139935,22126592
1558139936,14819328
1558139937,19505152
1558139938,12386304
1558139939,18792448
1558139940,21577728
1558139941,13828096
1558139942,18366464
1558139943,11083776
1558139944,18006016
1558139945,11354112
1558139946,14663680
1558139947,18366464
1558139948,12509184
1558139949,19742720
1558139950,13139968
1558139951,17416192
1558139952,21938176
1558139953,13893632
1558139954,18857984
1558139955,11493376
1558139956,19210240
1558139957,20652032
1558139958,13844480
1558139959,18710528
1558139960,11804672
1558139961,19210240
1558139962,20905984
1558139963,11829248
1558139964,21946368
1558139965,13697024
1558139966,19193856
1558139967,11780096
1558139968,18776064
1558139969,11026432
1558139970,18964480
1558139971,21225472
1558139972,12992512
1558139973,19841024
1558139974,20602880
1558139975,12558336
1558139976,19030016
1558139977,20463616
1558139978,13418496
1558139979,18145280
1558139980,11583488
1558139981,20520960
1558139982,21118976
1558139983,13557760
1558139984,19111936
1558139985,10788864
1558139986,18554880
1558139987,19464192
1558139988,12591104
1558139989,18759680
1558139990,22167552
1558139991,14827520
1558139992,18350080
1558139993,12460032
1558139994,19759104
1558139995,12296192
1558139996,19488768
1558139997,20553728
1558139998,13754368
1558139999,10452992
1558140000,12017664
1558140001,17055744
1558140002,21716992
1558140003,14540800
1558140004,18391040
1558140005,11476992
1558140006,19144704
1558140007,11493376
1558140008,19292160
1558140009,14180352
1558140010,12738560
1558140011,20357120
1558140012,21069824
1558140013,13754368
1558140014,19136512
1558140015,10739712
1558140016,16228352
1558140017,19644416
1558140018,12173312
1558140019,20275200
1558140020,12804096
1558140021,19406848
1558140022,21757952
1558140023,25337856
1558140024,22093824
1558140025,13574144
1558140026,20283392
1558140027,12099584
1558140028,14557184
1558140029,17981440
1558140030,11567104
1558140031,17047552
1558140032,11018240
1558140033,18087936
1558140034,18284544
1558140035,13836288
1558140036,17915904
1558140037,10846208
1558140038,18915328
1558140039,22413312
1558140040,15360000
1558140041,5275648
1558140042,12484608
1558140043,18513920
1558140044,11419648
1558140045,20217856
1558140046,21495808
1558140047,13787136
1558140048,19537920
1558140049,20193280
1558140050,13131776
1558140051,17809408
1558140052,11198464
1558140053,17334272
1558140054,22855680
1558140055,14884864
1558140056,19210240
1558140057,12288000
1558140058,18620416
1558140059,10420224
1558140060,15138816
1558140061,19554304
1558140062,13328384
1558140063,18563072
1558140064,11304960
1558140065,20103168
1558140066,21381120
1558140067,12419072
1558140068,19431424
1558140069,21446656
1558140070,12705792
1558140071,19832832
1558140072,21610496
1558140073,13238272
1558140074,20209664
1558140075,21438464
1558140076,14499840
1558140077,6504448
1558140078,11812864
1558140079,17268736
1558140080,10969088
1558140081,16924672
1558140082,20512768
1558140083,20774912
1558140084,25083904
1558140085,18489344
1558140086,20914176
1558140087,20742144
1558140088,14000128
1558140089,19333120
1558140090,12238848
1558140091,18726912
1558140092,20824064
1558140093,12345344
1558140094,18382848
1558140095,25108480
1558140096,18661376
1558140097,20078592
1558140098,20840448
1558140099,14761984
1558140100,18333696
1558140101,12304384
1558140102,19521536
1558140103,11870208
1558140104,18472960
1558140105,21151744
1558140106,12517376
1558140107,20185088
1558140108,21012480
1558140109,12238848
1558140110,14917632
1558140111,18440192
1558140112,12460032
1558140113,17440768
1558140114,11534336
1558140115,18137088
1558140116,11345920
1558140117,19505152
1558140118,21192704
1558140119,16023552
1558140120,14434304
1558140121,18309120
1558140122,11862016
1558140123,17154048
1558140124,11190272
1558140125,17014784
1558140126,20406272
1558140127,13516800
1558140128,17801216
1558140129,11190272
1558140130,18153472
1558140131,11059200
1558140132,14696448
1558140133,18038784
1558140134,11837440
1558140135,18038784
1558140136,8994816
1558140137,18538496
1558140138,21381120
1558140139,12632064
1558140140,19202048
1558140141,20938752
1558140142,20807680
1558140143,14041088
1558140144,17195008
1558140145,20193280
1558140146,13221888
1558140147,17457152
1558140148,10518528
1558140149,20226048
1558140150,21200896
1558140151,13246464
1558140152,19914752
1558140153,20398080
1558140154,14262272
1558140155,18472960
1558140156,12165120
1558140157,17457152
1558140158,21045248
1558140159,14172160
1558140160,17965056
1558140161,11821056
1558140162,8495104
1558140163,22765568
1558140164,15949824
1558140165,19177472
1558140166,12845056
1558140167,19759104
1558140168,21487616
1558140169,14819328
1558140170,18104320
1558140171,11894784
1558140172,18391040
1558140173,11468800
1558140174,19529728
1558140175,20766720
1558140176,14057472
1558140177,17784832
1558140178,22568960
1558140179,14393344
1558140180,8519680
1558140181,11329536
1558140182,18767872
1558140183,21643264
1558140184,14860288
1558140185,18767872
1558140186,12681216
1558140187,19709952
1558140188,13238272
1558140189,17702912
1558140190,13942784
1558140191,12017664
1558140192,17563648
1558140193,22593536
1558140194,15646720
1558140195,19046400
1558140196,12754944
1558140197,18399232
1558140198,12066816
1558140199,19193856
1558140200,10846208
1558140201,13754368
1558140202,18087936
1558140203,11288576
1558140204,16187392
1558140205,15908864
1558140206,20815872
1558140207,13828096
1558140208,18161664
1558140209,11255808
1558140210,18726912
1558140211,10362880
1558140212,18554880
1558140213,20709376
1558140214,13385728
1558140215,18481152
1558140216,22200320
1558140217,13795328
1558140218,19922944
1558140219,12230656
1558140220,19431424
1558140221,21037056
1558140222,13213696
1558140223,19161088
1558140224,11517952
1558140225,19841024
1558140226,21209088
1558140227,13099008
1558140228,19800064
1558140229,21594112
1558140230,15663104
1558140231,18825216
1558140232,11386880
1558140233,19226624
1558140234,11755520
1558140235,18825216
1558140236,21209088
1558140237,13107200
1558140238,19308544
1558140239,20480000
1558140240,14311424
1558140241,18137088
1558140242,11419648
1558140243,18759680
1558140244,21643264
1558140245,13672448
1558140246,19791872
1558140247,21643264
1558140248,13082624
1558140249,19095552
1558140250,12009472
1558140251,18292736
1558140252,11624448
1558140253,18841600
1558140254,21225472
1558140255,21348352
1558140256,15597568
1558140257,19152896
1558140258,13385728
1558140259,20520960
1558140260,12754944
1558140261,19308544
1558140262,21512192
1558140263,12328960
1558140264,22683648
1558140265,14319616
1558140266,18759680
1558140267,12967936
1558140268,19963904
1558140269,12746752
1558140270,22618112
1558140271,20856832
1558140272,13123584
1558140273,18350080
1558140274,22265856
1558140275,14254080
1558140276,19537920
1558140277,11698176
1558140278,18882560
1558140279,20062208
1558140280,12648448
1558140281,18382848
1558140282,21921792
1558140283,14286848
1558140284,18743296
1558140285,12402688
1558140286,19349504
1558140287,11902976
1558140288,19144704
1558140289,13672448
1558140290,13664256
1558140291,19644416
1558140292,17735680
1558140293,18939904
1558140294,17727488
1558140295,11542528
1558140296,18620416
1558140297,24854528
1558140298,17154048
1558140299,20643840
1558140300,21135360
1558140301,15015936
1558140302,18620416
1558140303,10240000
1558140304,19447808
1558140305,20537344
1558140306,14450688
1558140307,18563072
1558140308,10960896
1558140309,18972672
1558140310,20668416
1558140311,13852672
1558140312,18579456
1558140313,9764864
1558140314,19816448
1558140315,20176896
1558140316,14098432
1558140317,18169856
1558140318,10764288
1558140319,18399232
1558140320,21037056
1558140321,13516800
1558140322,18972672
1558140323,11001856
1558140324,6266880
1558140325,12632064
1558140326,17629184
1558140327,11067392
1558140328,18235392
1558140329,22773760
1558140330,15368192
1558140331,18825216
1558140332,13074432
1558140333,5636096
1558140334,11436032
1558140335,7929856
1558140336,20815872
1558140337,14401536
1558140338,18391040
1558140339,11952128
1558140340,18907136
1558140341,22536192
1558140342,15630336
1558140343,18849792
1558140344,12443648
1558140345,18022400
1558140346,10551296
1558140347,20168704
1558140348,21102592
1558140349,13426688
1558140350,19292160
1558140351,12353536
1558140352,13418496
1558140353,17981440
1558140354,11247616
1558140355,17129472
1558140356,13705216
1558140357,13598720
1558140358,17178624
1558140359,11190272
1558140360,17530880
1558140361,10911744
1558140362,9445376
1558140363,10674176
1558140364,18898944
1558140365,13705216
1558140366,13123584
1558140367,17793024
1558140368,10297344
1558140369,18718720
1558140370,21250048
1558140371,12328960
1558140372,19685376
1558140373,20185088
1558140374,21233664
1558140375,15360000
1558140376,18612224
1558140377,12312576
1558140378,20340736
1558140379,12566528
1558140380,20258816
1558140381,20480000
1558140382,13189120
1558140383,18415616
1558140384,19038208
1558140385,20250624
1558140386,14065664
1558140387,18554880
1558140388,24920064
1558140389,17989632
1558140390,20930560
1558140391,12025856
1558140392,17940480
1558140393,20496384
1558140394,11812864
1558140395,18464768
1558140396,21299200
1558140397,14991360
1558140398,18169856
1558140399,10944512
1558140400,18522112
1558140401,11616256
1558140402,17596416
1558140403,10436608
1558140404,14114816
1558140405,5308416
1558140406,11804672
1558140407,18219008
1558140408,11911168
1558140409,19169280
1558140410,20594688
1558140411,12607488
1558140412,18579456
1558140413,22126592
1558140414,15024128
1558140415,19210240
1558140416,11640832
1558140417,18636800
1558140418,25116672
1558140419,16728064
1558140420,20652032
1558140421,21315584
1558140422,13787136
1558140423,19349504
1558140424,10805248
1558140425,18153472
1558140426,18276352
1558140427,12042240
1558140428,19046400
1558140429,20103168
1558140430,12853248
1558140431,5562368
1558140432,11018240
1558140433,17186816
1558140434,10616832
1558140435,17481728
1558140436,20267008
1558140437,11608064
1558140438,19169280
1558140439,20086784
1558140440,13164544
1558140441,16302080
1558140442,14516224
1558140443,17801216
1558140444,18268160
1558140445,19775488
1558140446,13475840
1558140447,4210688
1558140448,10977280
1558140449,18743296
1558140450,11821056
1558140451,18399232
1558140452,21037056
1558140453,11509760
1558140454,15073280
1558140455,18767872
1558140456,12951552
1558140457,18931712
1558140458,12574720
1558140459,19382272
1558140460,12206080
1558140461,20283392
1558140462,21168128
1558140463,12419072
1558140464,19144704
1558140465,20332544
1558140466,14286848
1558140467,12795904
1558140468,11239424
1558140469,17678336
1558140470,19898368
1558140471,12009472
1558140472,17367040
1558140473,9601024
1558140474,18685952
1558140475,20963328
1558140476,12353536
1558140477,19677184
1558140478,21192704
1558140479,21405696
1558140480,14860288
1558140481,18243584
1558140482,13303808
1558140483,19308544
1558140484,11812864
1558140485,18620416
1558140486,21200896
1558140487,12492800
1558140488,20144128
1558140489,19734528
1558140490,12263424
1558140491,17866752
1558140492,10764288
1558140493,20250624
1558140494,21438464
1558140495,13418496
1558140496,20848640
1558140497,21307392
1558140498,14090240
1558140499,19349504
1558140500,11468800
1558140501,17137664
1558140502,21176320
1558140503,12165120
1558140504,21209088
1558140505,14352384
1558140506,6619136
1558140507,12181504
1558140508,19021824
1558140509,21585920
1558140510,14401536
1558140511,5865472
1558140512,11182080
1558140513,18341888
1558140514,23011328
1558140515,14712832
1558140516,19841024
1558140517,10960896
1558140518,19210240
1558140519,21037056
1558140520,12836864
1558140521,19537920
1558140522,20758528
1558140523,13279232
1558140524,18022400
1558140525,11509760
1558140526,18210816
1558140527,11272192
1558140528,18759680
1558140529,21225472
1558140530,12574720
1558140531,18653184
1558140532,21282816
1558140533,13320192
1558140534,20340736
1558140535,21356544
1558140536,12738560
1558140537,18882560
1558140538,20815872
1558140539,12140544
1558140540,18898944
1558140541,10756096
1558140542,13402112
1558140543,18309120
1558140544,11845632
1558140545,18317312
1558140546,22986752
1558140547,15400960
1558140548,18956288
1558140549,12107776
1558140550,19750912
1558140551,12689408
1558140552,19390464
1558140553,20791296
1558140554,12632064
1558140555,19234816
1558140556,20488192
1558140557,13172736
1558140558,19038208
1558140559,21733376
1558140560,14589952
1558140561,7307264
1558140562,11452416
1558140563,18202624
1558140564,18137088
1558140565,20709376
1558140566,11935744
1558140567,18997248
1558140568,11591680
1558140569,12599296
1558140570,18759680
1558140571,25403392
1558140572,19636224
1558140573,20373504
1558140574,12935168
1558140575,18382848
1558140576,10141696
1558140577,15196160
1558140578,18669568
1558140579,11280384
1558140580,18554880
1558140581,11575296
1558140582,20111360
1558140583,20914176
1558140584,12034048
1558140585,20078592
1558140586,20791296
1558140587,12623872
1558140588,9355264
1558140589,25542656
1558140590,18915328
1558140591,20127744
1558140592,11149312
1558140593,23273472
1558140594,20389888
1558140595,12410880
1558140596,19218432
1558140597,21905408
1558140598,14450688
1558140599,18612224
1558140600,12673024
1558140601,18030592
1558140602,11730944
1558140603,15802368
1558140604,20553728
1558140605,14360576
1558140606,18546688
1558140607,11681792
1558140608,18169856
1558140609,25460736
1558140610,19087360
1558140611,21544960
1558140612,21446656
1558140613,14721024
1558140614,18268160
1558140615,11968512
1558140616,19898368
1558140617,13328384
1558140618,17842176
1558140619,11182080
1558140620,19013632
1558140621,11952128
1558140622,12189696
1558140623,19529728
1558140624,16130048
1558140625,20160512
1558140626,12533760
1558140627,18128896
1558140628,22020096
1558140629,13647872
1558140630,8601600
1558140631,11452416
1558140632,20267008
1558140633,20684800
1558140634,12910592
1558140635,10944512
1558140636,12984320
1558140637,18980864
1558140638,21372928
1558140639,25559040
1558140640,17481728
1558140641,20103168
1558140642,21307392
1558140643,13574144
1558140644,19529728
1558140645,11198464
1558140646,14794752
1558140647,18153472
1558140648,16498688
1558140649,18579456
1558140650,14393344
1558140651,13697024
1558140652,18038784
1558140653,11943936
1558140654,9019392
1558140655,10354688
1558140656,19185664
1558140657,17670144
1558140658,12181504
1558140659,19824640
1558140660,21520384
1558140661,11313152
1558140662,15114240
1558140663,18300928
1558140664,12500992
1558140665,17899520
1558140666,12222464
1558140667,5267456
1558140668,13058048
1558140669,17678336
1558140670,25231360
1558140671,17850368
1558140672,20545536
1558140673,11616256
1558140674,15548416
1558140675,18120704
1558140676,12140544
1558140677,19750912
1558140678,12328960
1558140679,19136512
1558140680,20955136
1558140681,13131776
1558140682,18014208
1558140683,19734528
1558140684,20799488
1558140685,13516800
1558140686,18817024
1558140687,11190272
1558140688,19537920
1558140689,20250624
1558140690,13352960
1558140691,18522112
1558140692,11386880
1558140693,18857984
1558140694,20627456
1558140695,12656640
1558140696,18604032
1558140697,9912320
1558140698,15130624
1558140699,19095552
1558140700,12738560
1558140701,18317312
1558140702,12550144
1558140703,16031744
1558140704,22315008
1558140705,15171584
1558140706,19382272
1558140707,12664832
1558140708,19660800
1558140709,11337728
1558140710,15360000
1558140711,15302656
1558140712,12746752
1558140713,18087936
1558140714,11173888
1558140715,18374656
1558140716,11804672
1558140717,18620416
1558140718,21405696
1558140719,10838016
1558140720,14868480
1558140721,18317312
1558140722,14336000
1558140723,18178048
1558140724,12230656
1558140725,19898368
1558140726,13549568
1558140727,18227200
1558140728,11689984
1558140729,18825216
1558140730,19955712
1558140731,20152320
1558140732,14000128
1558140733,4644864
1558140734,12124160
1558140735,18399232
1558140736,11272192
1558140737,18546688
1558140738,11780096
1558140739,15024128
1558140740,18644992
1558140741,8396800
1558140742,19611648
1558140743,12992512
1558140744,20889600
1558140745,13049856
1558140746,18169856
1558140747,20611072
1558140748,12066816
1558140749,19857408
1558140750,20987904
1558140751,13090816
1558140752,18989056
1558140753,11141120
1558140754,15753216
1558140755,5341184
1558140756,12648448
1558140757,14557184
1558140758,22192128
1558140759,15818752
1558140760,19439616
1558140761,12771328
1558140762,18112512
1558140763,10682368
1558140764,19881984
1558140765,12697600
1558140766,18235392
1558140767,22618112
1558140768,12247040
1558140769,19619840
1558140770,11681792
1558140771,19365888
1558140772,21192704
1558140773,13467648
1558140774,20340736
1558140775,20791296
1558140776,13901824
1558140777,18792448
1558140778,11378688
1558140779,15728640
1558140780,19480576
1558140781,12189696
1558140782,17391616
1558140783,25141248
1558140784,18497536
1558140785,20348928
1558140786,25337856
1558140787,18374656
1558140788,21086208
1558140789,12836864
1558140790,17317888
1558140791,20201472
1558140792,20635648
1558140793,13811712
1558140794,18563072
1558140795,11411456
1558140796,18874368
1558140797,22036480
1558140798,15368192
1558140799,19079168
1558140800,12910592
1558140801,18186240
1558140802,11059200
1558140803,19070976
1558140804,19742720
1558140805,25141248
1558140806,15556608
1558140807,18726912
1558140808,20561920
1558140809,13434880
1558140810,18685952
1558140811,8683520
1558140812,14458880
1558140813,3981312
1558140814,13541376
1558140815,18620416
1558140816,10600448
1558140817,19701760
1558140818,11599872
1558140819,15384576
1558140820,19234816
1558140821,13099008
1558140822,7774208
1558140823,12689408
1558140824,18448384
1558140825,25206784
1558140826,18718720
1558140827,20152320
1558140828,20799488
1558140829,14327808
1558140830,11902976
1558140831,12165120
1558140832,18235392
1558140833,20979712
1558140834,14532608
1558140835,18325504
1558140836,12066816
1558140837,18079744
1558140838,11124736
1558140839,15425536
1558140840,19464192
1558140841,13049856
1558140842,18604032
1558140843,24821760
1558140844,18464768
1558140845,19505152
1558140846,12992512
1558140847,17629184
1558140848,8118272
1558140849,15368192
1558140850,19275776
1558140851,12820480
1558140852,18063360
1558140853,11526144
1558140854,15769600
1558140855,24961024
1558140856,18833408
1558140857,20733952
1558140858,12255232
1558140859,20078592
1558140860,20996096
1558140861,13819904
1558140862,19136512
1558140863,10625024
1558140864,17342464
1558140865,14745600
1558140866,18776064
1558140867,12713984
1558140868,17793024
1558140869,11485184
1558140870,19759104
1558140871,12623872
1558140872,20021248
1558140873,20701184
1558140874,12861440
1558140875,17301504
1558140876,22142976
1558140877,15499264
1558140878,19087360
1558140879,8339456
1558140880,19677184
1558140881,20750336
1558140882,14860288
1558140883,17670144
1558140884,11804672
1558140885,14196736
1558140886,12312576
1558140887,19947520
1558140888,20488192
1558140889,13713408
1558140890,18112512
1558140891,20799488
1558140892,14393344
1558140893,17367040
1558140894,11223040
1558140895,16842752
1558140896,10649600
1558140897,18776064
1558140898,20643840
1558140899,13647872
1558140900,17883136
1558140901,10059776
1558140902,19218432
1558140903,12075008
1558140904,13230080
1558140905,18341888
1558140906,10444800
1558140907,18800640
1558140908,20258816
1558140909,13459456
1558140910,18219008
1558140911,8134656
1558140912,14319616
1558140913,17350656
1558140914,11321344
1558140915,18186240
1558140916,12156928
1558140917,18341888
1558140918,11706368
1558140919,18546688
1558140920,19881984
1558140921,13467648
1558140922,15196160
1558140923,20692992
1558140924,20078592
1558140925,14409728
1558140926,18112512
1558140927,7331840
1558140928,15491072
1558140929,18636800
1558140930,12886016
1558140931,4374528
1558140932,12525568
1558140933,19472384
1558140934,12877824
1558140935,17833984
1558140936,22691840
1558140937,15777792
1558140938,18628608
1558140939,12419072
1558140940,18210816
1558140941,11722752
1558140942,19210240
1558140943,10100736
1558140944,13680640
1558140945,17317888
1558140946,11083776
1558140947,17588224
1558140948,22298624
1558140949,14204928
1558140950,18128896
1558140951,12050432
1558140952,19283968
1558140953,12304384
1558140954,16564224
1558140955,19677184
1558140956,12173312
1558140957,19431424
1558140958,21381120
1558140959,12894208
1558140960,19406848
1558140961,12484608
1558140962,13983744
1558140963,18284544
1558140964,11436032
1558140965,15851520
1558140966,18604032
1558140967,14532608
1558140968,14041088
1558140969,19062784
1558140970,11108352
1558140971,18726912
1558140972,19947520
1558140973,13082624
1558140974,18063360
1558140975,11206656
1558140976,17842176
1558140977,11026432
1558140978,19046400
1558140979,19972096
1558140980,13008896
1558140981,17244160
1558140982,19685376
1558140983,21258240
1558140984,7331840
1558140985,15745024
1558140986,18530304
1558140987,12279808
1558140988,18628608
1558140989,11829248
1558140990,19603456
1558140991,12533760
1558140992,16973824
1558140993,20905984
1558140994,12222464
1558140995,19898368
1558140996,21118976
1558140997,13926400
1558140998,19070976
1558140999,11182080
1558141000,15745024
1558141001,18702336
1558141002,12664832
1558141003,18022400
1558141004,11411456
1558141005,19841024
1558141006,12632064
1558141007,17678336
1558141008,15343616
1558141009,13410304
1558141010,18350080
1558141011,11558912
1558141012,20070400
1558141013,12967936
1558141014,12615680
1558141015,17653760
1558141016,10420224
1558141017,17375232
1558141018,22462464
1558141019,12599296
1558141020,19357696
1558141021,11337728
1558141022,19767296
1558141023,20922368
1558141024,10395648
1558141025,13656064
1558141026,18317312
1558141027,11558912
1558141028,19193856
1558141029,10149888
1558141030,14721024
1558141031,18259968
1558141032,12902400
1558141033,18259968
1558141034,12181504
1558141035,11698176
1558141036,12296192
1558141037,19464192
1558141038,20512768
1558141039,13139968
1558141040,18063360
1558141041,19521536
1558141042,12943360
1558141043,4767744
1558141044,19881984
1558141045,11116544
1558141046,15409152
1558141047,24969216
1558141048,18423808
1558141049,19881984
1558141050,12976128
1558141051,16793600
1558141052,20496384
1558141053,14090240
1558141054,16834560
1558141055,11042816
1558141056,18817024
1558141057,11337728
1558141058,19914752
1558141059,19849216
1558141060,13467648
1558141061,17063936
1558141062,10305536
1558141063,17809408
1558141064,21889024
1558141065,15351808
1558141066,18702336
1558141067,8740864
1558141068,20045824
1558141069,20807680
1558141070,14401536
1558141071,19070976
1558141072,12828672
1558141073,13131776
1558141074,17113088
1558141075,10526720
1558141076,17735680
1558141077,11534336
1558141078,16957440
1558141079,19587072
1558141080,12787712
1558141081,17276928
1558141082,10952704
1558141083,18251776
1558141084,19947520
1558141085,15409152
1558141086,13025280
1558141087,19611648
1558141088,21209088
1558141089,13926400
1558141090,10264576
1558141091,12353536
1558141092,18956288
1558141093,11526144
1558141094,11550720
1558141095,10436608
1558141096,11452416
1558141097,19234816
1558141098,21389312
1558141099,12419072
1558141100,19054592
1558141101,20627456
1558141102,13385728
1558141103,18923520
1558141104,19652608
1558141105,20766720
1558141106,14172160
1558141107,18014208
1558141108,12361728
1558141109,18284544
1558141110,8364032
1558141111,18423808
1558141112,21012480
1558141113,13336576
1558141114,18923520
1558141115,11378688
1558141116,17924096
1558141117,20733952
1558141118,13205504
1558141119,19103744
1558141120,10567680
1558141121,14630912
1558141122,19472384
1558141123,12804096
1558141124,18284544
1558141125,12214272
1558141126,20062208
1558141127,12779520
1558141128,18243584
1558141129,11411456
1558141130,15826944
1558141131,14843904
1558141132,11395072
1558141133,18423808
1558141134,20062208
1558141135,12894208
1558141136,17637376
1558141137,22511616
1558141138,15908864
1558141139,19169280
1558141140,12705792
1558141141,18972672
1558141142,11845632
1558141143,20144128
1558141144,12967936
1558141145,17915904
1558141146,22102016
1558141147,10846208
1558141148,19628032
1558141149,21831680
1558141150,15785984
1558141151,19464192
1558141152,8839168
1558141153,19742720
1558141154,21479424
1558141155,14016512
1558141156,18505728
1558141157,12238848
1558141158,17612800
1558141159,20258816
1558141160,14057472
1558141161,18268160
1558141162,11067392
1558141163,19513344
1558141164,16834560
1558141165,19881984
1558141166,12017664
1558141167,19423232
1558141168,19972096
1558141169,12066816
1558141170,17948672
1558141171,10919936
1558141172,18874368
1558141173,20504576
1558141174,21053440
1558141175,14884864
1558141176,18620416
1558141177,12443648
1558141178,18194432
1558141179,12083200
1558141180,19283968
1558141181,12869632
1558141182,10928128
1558141183,25214976
1558141184,18776064
1558141185,18366464
1558141186,20226048
1558141187,13565952
1558141188,18112512
1558141189,11665408
1558141190,18317312
1558141191,10174464
1558141192,15949824
1558141193,5824512
1558141194,13385728
1558141195,5775360
1558141196,11665408
1558141197,18817024
1558141198,12976128
1558141199,17473536
1558141200,25264128
1558141201,14352384
1558141202,15564800
1558141203,18866176
1558141204,13066240
1558141205,4726784
1558141206,8675328
1558141207,19898368
1558141208,20480000
1558141209,13606912
1558141210,17973248
1558141211,11214848
1558141212,18161664
1558141213,25198592
1558141214,18866176
1558141215,19210240
1558141216,12222464
1558141217,17334272
1558141218,20930560
1558141219,12976128
1558141220,19120128
1558141221,10985472
1558141222,11206656
1558141223,18366464
1558141224,19849216
1558141225,12222464
1558141226,17408000
1558141227,22003712
1558141228,14155776
1558141229,17702912
1558141230,12099584
1558141231,18137088
1558141232,12165120
1558141233,17399808
1558141234,20373504
1558141235,13631488
1558141236,17375232
1558141237,10895360
1558141238,14704640
1558141239,21487616
1558141240,15335424
1558141241,18759680
1558141242,12910592
1558141243,17940480
1558141244,10567680
1558141245,18882560
1558141246,11649024
1558141247,19857408
1558141248,20160512
1558141249,9216000
1558141250,18710528
1558141251,20758528
1558141252,13312000
1558141253,18554880
1558141254,21684224
1558141255,14024704
1558141256,18137088
1558141257,11403264
1558141258,18866176
1558141259,11747328
1558141260,18046976
1558141261,14721024
1558141262,12599296
1558141263,19054592
1558141264,17252352
1558141265,12713984
1558141266,15548416
1558141267,4571136
1558141268,13344768
1558141269,19267584
1558141270,13197312
1558141271,19415040
1558141272,13017088
1558141273,18120704
1558141274,25362432
1558141275,18661376
1558141276,20889600
1558141277,12361728
1558141278,15040512
1558141279,18472960
1558141280,12353536
1558141281,16531456
1558141282,21168128
1558141283,14270464
1558141284,16957440
1558141285,19947520
1558141286,12337152
1558141287,19529728
1558141288,13344768
1558141289,13623296
1558141290,18145280
1558141291,11247616
1558141292,17227776
1558141293,11018240
1558141294,12214272
1558141295,16449536
1558141296,9994240
1558141297,20062208
1558141298,20873216
1558141299,12738560
1558141300,18808832
1558141301,24829952
1558141302,18350080
1558141303,18931712
1558141304,20291584
1558141305,13721600
1558141306,18612224
1558141307,11517952
1558141308,18776064
1558141309,11223040
1558141310,15106048
1558141311,18432000
1558141312,12697600
1558141313,17457152
1558141314,10895360
1558141315,18489344
1558141316,11968512
1558141317,17465344
1558141318,22331392
1558141319,11362304
1558141320,19636224
1558141321,24870912
1558141322,18882560
1558141323,20873216
1558141324,10543104
1558141325,14245888
1558141326,3588096
1558141327,12222464
1558141328,19169280
1558141329,12730368
1558141330,19890176
1558141331,12181504
1558141332,15581184
1558141333,19103744
1558141334,13287424
1558141335,19767296
1558141336,12091392
1558141337,18874368
1558141338,20955136
1558141339,14565376
1558141340,18153472
1558141341,11247616
1558141342,19054592
1558141343,11395072
1558141344,21970944
1558141345,13959168
1558141346,11821056
1558141347,21061632
1558141348,14770176
1558141349,18661376
1558141350,13099008
1558141351,17604608
1558141352,11182080
1558141353,19144704
1558141354,11943936
1558141355,18563072
1558141356,21405696
1558141357,12091392
1558141358,18972672
1558141359,20889600
1558141360,14270464
1558141361,18808832
1558141362,10534912
1558141363,14368768
1558141364,18284544
1558141365,12173312
1558141366,18399232
1558141367,11329536
1558141368,18800640
1558141369,25477120
1558141370,18898944
1558141371,21053440
1558141372,14458880
1558141373,16932864
1558141374,6643712
1558141375,13328384
1558141376,5308416
1558141377,13000704
1558141378,15212544
1558141379,25034752
1558141380,18579456
1558141381,20676608
1558141382,12828672
1558141383,20283392
1558141384,21438464
1558141385,12869632
1558141386,20201472
1558141387,19890176
1558141388,13295616
1558141389,17899520
1558141390,20365312
1558141391,13852672
1558141392,7053312
1558141393,11698176
1558141394,18169856
1558141395,22560768
1558141396,15785984
1558141397,18374656
1558141398,12369920
1558141399,7593984
1558141400,9822208
1558141401,18407424
1558141402,21233664
1558141403,12017664
1558141404,22560768
1558141405,14966784
1558141406,19062784
1558141407,11313152
1558141408,19734528
1558141409,25534464
1558141410,18841600
1558141411,19865600
1558141412,20946944
1558141413,18817024
1558141414,18472960
1558141415,11730944
1558141416,19333120
1558141417,25100288
1558141418,19013632
1558141419,18849792
1558141420,13082624
1558141421,18931712
1558141422,20611072
1558141423,12075008
1558141424,18251776
1558141425,10461184
1558141426,18907136
1558141427,20168704
1558141428,12763136
1558141429,18137088
1558141430,10960896
1558141431,15581184
1558141432,6209536
1558141433,11542528
1558141434,20152320
1558141435,19570688
1558141436,12828672
1558141437,17113088
1558141438,10469376
1558141439,18202624
1558141440,21504000
1558141441,14737408
1558141442,18145280
1558141443,10682368
1558141444,18571264
1558141445,11780096
1558141446,18006016
1558141447,11575296
1558141448,13885440
1558141449,18292736
1558141450,11845632
1558141451,19177472
1558141452,12705792
1558141453,16736256
1558141454,19496960
1558141455,12279808
1558141456,17817600
1558141457,11116544
1558141458,20496384
1558141459,15474688
1558141460,13320192
1558141461,17678336
1558141462,22118400
1558141463,14860288
1558141464,14336000
1558141465,19128320
1558141466,11206656
1558141467,20054016
1558141468,21250048
1558141469,11616256
1558141470,15630336
1558141471,19415040
1558141472,13402112
1558141473,19488768
1558141474,13344768
1558141475,19873792
1558141476,13451264
1558141477,18006016
1558141478,11542528
1558141479,18096128
1558141480,20602880
1558141481,12902400
1558141482,17612800
1558141483,10518528
1558141484,17793024
1558141485,11378688
1558141486,19005440
1558141487,20561920
1558141488,13221888
1558141489,18227200
1558141490,11231232
1558141491,19521536
1558141492,21192704
1558141493,12935168
1558141494,20537344
1558141495,20119552
1558141496,10338304
1558141497,15998976
1558141498,19718144
1558141499,13205504
1558141500,6979584
1558141501,11632640
1558141502,19890176
1558141503,11821056
1558141504,20299776
1558141505,13508608
1558141506,14065664
1558141507,18907136
1558141508,20381696
1558141509,13271040
1558141510,18219008
1558141511,11395072
1558141512,21569536
1558141513,19832832
1558141514,21381120
1558141515,13639680
1558141516,19611648
1558141517,12197888
1558141518,22560768
1558141519,21225472
1558141520,13869056
1558141521,19742720
1558141522,22528000
1558141523,13049856
1558141524,16711680
1558141525,20267008
1558141526,21438464
1558141527,14630912
1558141528,18358272
1558141529,11534336
1558141530,20037632
1558141531,12410880
1558141532,19603456
1558141533,21135360
1558141534,11321344
1558141535,15138816
1558141536,19357696
1558141537,13000704
1558141538,19030016
1558141539,12173312
1558141540,19726336
1558141541,12468224
1558141542,18374656
1558141543,21446656
1558141544,14123008
1558141545,18137088
1558141546,11862016
1558141547,18153472
1558141548,22675456
1558141549,13574144
1558141550,12181504
1558141551,12107776
1558141552,19087360
1558141553,20430848
1558141554,14065664
1558141555,18063360
1558141556,11599872
1558141557,20570112
1558141558,20332544
1558141559,13287424
1558141560,11730944
1558141561,10543104
1558141562,19062784
1558141563,20250624
1558141564,13058048
1558141565,16916480
1558141566,9830400
1558141567,19668992
1558141568,20406272
1558141569,12500992
1558141570,17580032
1558141571,15982592
1558141572,13656064
1558141573,17440768
1558141574,11034624
1558141575,18538496
1558141576,12361728
1558141577,17948672
1558141578,21159936
1558141579,13664256
1558141580,18456576
1558141581,11730944
1558141582,15032320
1558141583,12550144
1558141584,20144128
1558141585,12722176
1558141586,17743872
1558141587,11083776
1558141588,19832832
1558141589,20873216
1558141590,13058048
1558141591,19603456
1558141592,13877248
1558141593,12009472
1558141594,18284544
1558141595,10616832
1558141596,17383424
1558141597,10862592
1558141598,18710528
1558141599,20987904
1558141600,12869632
1558141601,20307968
1558141602,21135360
1558141603,11886592
1558141604,19193856
1558141605,20234240
1558141606,13795328
1558141607,18120704
1558141608,10493952
1558141609,18104320
1558141610,19849216
1558141611,13664256
1558141612,18309120
1558141613,11853824
1558141614,6791168
1558141615,10788864
1558141616,18653184
1558141617,11534336
1558141618,18006016
1558141619,20340736
1558141620,20471808
1558141621,14245888
1558141622,18079744
1558141623,11436032
1558141624,17973248
1558141625,11239424
1558141626,20258816
1558141627,20463616
1558141628,12959744
1558141629,20185088
1558141630,21118976
1558141631,12091392
1558141632,19275776
1558141633,19980288
1558141634,13238272
1558141635,18759680
1558141636,9871360
1558141637,15327232
1558141638,19439616
1558141639,12705792
1558141640,18923520
1558141641,8691712
1558141642,19316736
1558141643,20865024
1558141644,20291584
1558141645,11927552
1558141646,20267008
1558141647,21020672
1558141648,13189120
1558141649,18563072
1558141650,22110208
1558141651,15319040
1558141652,19767296
1558141653,22183936
1558141654,15998976
1558141655,18710528
1558141656,12943360
1558141657,18685952
1558141658,11329536
1558141659,19800064
1558141660,12566528
1558141661,20373504
1558141662,21028864
1558141663,9822208
1558141664,14786560
1558141665,18522112
1558141666,12795904
1558141667,18333696
1558141668,10756096
1558141669,18784256
1558141670,11780096
1558141671,19759104
1558141672,12935168
1558141673,12419072
1558141674,18587648
1558141675,11960320
1558141676,13631488
1558141677,17432576
1558141678,11018240
1558141679,17072128
1558141680,10518528
1558141681,20013056
1558141682,20463616
1558141683,13729792
1558141684,18718720
1558141685,10657792
1558141686,14409728
1558141687,17637376
1558141688,11378688
1558141689,17760256
1558141690,10969088
1558141691,17989632
1558141692,11517952
1558141693,17948672
1558141694,11493376
1558141695,17285120
1558141696,20709376
1558141697,13516800
1558141698,12361728
1558141699,22183936
1558141700,14065664
1558141701,18604032
1558141702,10870784
1558141703,18128896
1558141704,20365312
1558141705,20086784
1558141706,13312000
1558141707,14852096
1558141708,22388736
1558141709,15687680
1558141710,6832128
1558141711,10846208
1558141712,18972672
1558141713,25042944
1558141714,18382848
1558141715,21225472
1558141716,12451840
1558141717,15745024
1558141718,19570688
1558141719,12509184
1558141720,18948096
1558141721,12345344
1558141722,19742720
1558141723,10764288
1558141724,18579456
1558141725,19832832
1558141726,13443072
1558141727,17096704
1558141728,10952704
1558141729,17506304
1558141730,21864448
1558141731,14704640
1558141732,18677760
1558141733,11714560
1558141734,19120128
1558141735,12189696
1558141736,21110784
1558141737,20750336
1558141738,12591104
1558141739,19177472
1558141740,21241856
1558141741,14016512
1558141742,19341312
1558141743,25108480
1558141744,18366464
1558141745,20889600
1558141746,12427264
1558141747,18481152
1558141748,21217280
1558141749,12697600
1558141750,19603456
1558141751,19668992
1558141752,13631488
1558141753,6823936
1558141754,10846208
1558141755,19628032
1558141756,20717568
1558141757,12591104
1558141758,11960320
1558141759,24829952
1558141760,18317312
1558141761,20135936
1558141762,25083904
1558141763,17506304
1558141764,12541952
1558141765,15056896
1558141766,8232960
1558141767,12009472
1558141768,18948096
1558141769,10747904
1558141770,15245312
1558141771,18391040
1558141772,12140544
1558141773,13508608
1558141774,12509184
1558141775,19628032
1558141776,14221312
1558141777,13090816
1558141778,18817024
1558141779,11223040
1558141780,14532608
1558141781,17956864
1558141782,10772480
1558141783,18399232
1558141784,21045248
1558141785,22020096
1558141786,15917056
1558141787,19251200
1558141788,12869632
1558141789,18522112
1558141790,12304384
1558141791,19865600
1558141792,12582912
1558141793,18939904
1558141794,21053440
1558141795,14172160
1558141796,19177472
1558141797,16900096
1558141798,16883712
1558141799,19496960
1558141800,13524992
1558141801,18481152
1558141802,11943936
1558141803,19283968
1558141804,21938176
1558141805,15032320
1558141806,19578880
1558141807,11894784
1558141808,19644416
1558141809,20963328
1558141810,14909440
1558141811,8634368
1558141812,11870208
1558141813,18333696
1558141814,11288576
1558141815,14835712
1558141816,17473536
1558141817,10092544
1558141818,18554880
1558141819,11919360
1558141820,19398656
1558141821,15966208
1558141822,13328384
1558141823,19546112
1558141824,17457152
1558141825,20070400
1558141826,11919360
1558141827,19881984
1558141828,21381120
1558141829,12845056
1558141830,18227200
1558141831,15843328
1558141832,12517376
1558141833,18423808
1558141834,21151744
1558141835,12328960
1558141836,14983168
1558141837,18464768
1558141838,10412032
1558141839,18350080
1558141840,11591680
1558141841,18677760
1558141842,20815872
1558141843,12075008
1558141844,19947520
1558141845,20791296
1558141846,12992512
1558141847,17784832
1558141848,10174464
1558141849,20275200
1558141850,20512768
1558141851,13271040
1558141852,18571264
1558141853,11157504
1558141854,19079168
1558141855,21536768
1558141856,14172160
1558141857,18718720
1558141858,10805248
1558141859,14221312
1558141860,18276352
1558141861,12206080
1558141862,13418496
1558141863,25387008
1558141864,17391616
1558141865,20725760
1558141866,20463616
1558141867,14049280
1558141868,18604032
1558141869,11395072
1558141870,17866752
1558141871,10854400
1558141872,17989632
1558141873,22110208
1558141874,15147008
1558141875,17686528
1558141876,11575296
1558141877,18866176
1558141878,11673600
1558141879,18759680
1558141880,21356544
1558141881,12746752
1558141882,18997248
1558141883,17629184
1558141884,20873216
1558141885,20987904
1558141886,14647296
1558141887,18759680
1558141888,13115392
1558141889,19791872
1558141890,12828672
1558141891,19021824
1558141892,20692992
1558141893,13967360
1558141894,18202624
1558141895,11403264
1558141896,20406272
1558141897,21577728
1558141898,12992512
1558141899,19464192
1558141900,21397504
1558141901,13295616
1558141902,19431424
1558141903,20783104
1558141904,14737408
1558141905,17817600
1558141906,11632640
1558141907,16785408
1558141908,10952704
1558141909,18776064
1558141910,22446080
1558141911,15114240
1558141912,19038208
1558141913,11395072
1558141914,20209664
1558141915,11583488
1558141916,15663104
1558141917,18628608
1558141918,13205504
1558141919,7577600
1558141920,11321344
1558141921,19038208
1558141922,12124160
1558141923,13557760
1558141924,18898944
1558141925,15876096
1558141926,14573568
1558141927,18579456
1558141928,11878400
1558141929,7020544
1558141930,22110208
1558141931,15220736
1558141932,18432000
1558141933,11804672
1558141934,19210240
1558141935,12009472
1558141936,18276352
1558141937,21741568
1558141938,14360576
1558141939,17457152
1558141940,11231232
1558141941,18219008
1558141942,22683648
1558141943,14172160
1558141944,17317888
1558141945,20348928
1558141946,21241856
1558141947,15073280
1558141948,12214272
1558141949,11599872
1558141950,18546688
1558141951,21028864
1558141952,22126592
1558141953,15433728
1558141954,19431424
1558141955,12378112
1558141956,20455424
1558141957,12951552
1558141958,18677760
1558141959,20619264
1558141960,13295616
1558141961,17334272
1558141962,10731520
1558141963,18202624
1558141964,20144128
1558141965,12050432
1558141966,19537920
1558141967,20439040
1558141968,13623296
1558141969,18202624
1558141970,11108352
1558141971,18530304
1558141972,11706368
1558141973,19546112
1558141974,21733376
1558141975,25001984
1558141976,18841600
1558141977,21012480
1558141978,11927552
1558141979,15777792
1558141980,18972672
1558141981,12296192
1558141982,20152320
1558141983,12115968
1558141984,20316160
1558141985,20701184
1558141986,12877824
1558141987,18702336
1558141988,22757376
1558141989,15679488
1558141990,19701760
1558141991,10698752
1558141992,20373504
1558141993,21454848
1558141994,13656064
1558141995,19210240
1558141996,11567104
1558141997,18595840
1558141998,20619264
1558141999,13279232
1558142000,18579456
1558142001,22265856
1558142002,14622720
1558142003,18735104
1558142004,19808256
1558142005,12607488
1558142006,20545536
1558142007,21020672
1558142008,12820480
1558142009,18980864
1558142010,21348352
1558142011,13164544
1558142012,18923520
1558142013,24526848
1558142014,17555456
1558142015,20897792
1558142016,12869632
1558142017,19914752
1558142018,20955136
1558142019,13393920
1558142020,18907136
1558142021,22798336
1558142022,16236544
1558142023,19456000
1558142024,12140544
1558142025,20553728
1558142026,13017088
1558142027,18849792
1558142028,22249472
1558142029,13606912
1558142030,19529728
1558142031,11730944
1558142032,19251200
1558142033,11927552
1558142034,13238272
1558142035,12861440
1558142036,11509760
1558142037,19152896
1558142038,20496384
1558142039,13393920
1558142040,10149888
1558142041,10600448
1558142042,20348928
1558142043,20570112
1558142044,12419072
1558142045,19349504
1558142046,21233664
1558142047,12648448
1558142048,20447232
1558142049,21749760
1558142050,13000704
1558142051,19963904
1558142052,21544960
1558142053,14655488
1558142054,18309120
1558142055,10125312
1558142056,20103168
1558142057,20586496
1558142058,13148160
1558142059,18333696
1558142060,9150464
1558142061,13844480
1558142062,17989632
1558142063,10772480
1558142064,22560768
1558142065,14417920
1558142066,19423232
1558142067,12115968
1558142068,19021824
1558142069,11821056
1558142070,19021824
1558142071,20185088
1558142072,12656640
1558142073,19128320
1558142074,22642688
1558142075,15925248
1558142076,19873792
1558142077,11476992
1558142078,19816448
1558142079,21364736
1558142080,14704640
1558142081,18857984
1558142082,11608064
1558142083,18538496
1558142084,10575872
1558142085,14827520
1558142086,19243008
1558142087,11771904
1558142088,19898368
1558142089,12656640
1558142090,20455424
1558142091,20283392
1558142092,12664832
1558142093,17891328
1558142094,10731520
1558142095,18563072
1558142096,20611072
1558142097,13131776
1558142098,18194432
1558142099,10674176
1558142100,14999552
1558142101,5128192
1558142102,12197888
1558142103,15835136
1558142104,22585344
1558142105,18194432
1558142106,18677760
1558142107,12214272
1558142108,19529728
1558142109,12369920
1558142110,20553728
1558142111,13033472
1558142112,13615104
1558142113,17498112
1558142114,9986048
1558142115,18235392
1558142116,21061632
1558142117,14286848
1558142118,17858560
1558142119,10592256
1558142120,17473536
1558142121,10821632
1558142122,17956864
1558142123,21782528
1558142124,21864448
1558142125,14745600
1558142126,19390464
1558142127,11788288
1558142128,18538496
1558142129,25329664
1558142130,17055744
1558142131,19873792
1558142132,20447232
1558142133,14245888
1558142134,18587648
1558142135,11190272
1558142136,19636224
1558142137,11927552
1558142138,19963904
1558142139,21176320
1558142140,13828096
1558142141,18636800
1558142142,22634496
1558142143,15327232
1558142144,19062784
1558142145,11821056
1558142146,19324928
1558142147,20619264
1558142148,14032896
1558142149,18194432
1558142150,11345920
1558142151,18915328
1558142152,21667840
1558142153,13099008
1558142154,20504576
1558142155,21676032
1558142156,13942784
1558142157,20078592
1558142158,20692992
1558142159,13524992
1558142160,18391040
1558142161,11354112
1558142162,19185664
1558142163,20160512
1558142164,13369344
1558142165,17522688
1558142166,11157504
1558142167,17252352
1558142168,20996096
1558142169,21053440
1558142170,15056896
1558142171,18006016
1558142172,11468800
1558142173,19038208
1558142174,12402688
1558142175,18194432
1558142176,22659072
1558142177,15409152
1558142178,18710528
1558142179,12771328
1558142180,18341888
1558142181,15286272
1558142182,18587648
1558142183,21331968
1558142184,21463040
1558142185,14745600
1558142186,18497536
1558142187,11993088
1558142188,19005440
1558142189,11100160
1558142190,18776064
1558142191,19636224
1558142192,12910592
1558142193,18096128
1558142194,23060480
1558142195,15581184
1558142196,20193280
1558142197,11952128
1558142198,19611648
1558142199,20750336
1558142200,14041088
1558142201,17645568
1558142202,11083776
1558142203,17661952
1558142204,10584064
1558142205,14778368
1558142206,18710528
1558142207,12009472
1558142208,10133504
1558142209,12083200
1558142210,18890752
1558142211,20553728
1558142212,14131200
1558142213,17473536
1558142214,10854400
1558142215,17883136
1558142216,11476992
1558142217,19628032
1558142218,17825792
1558142219,17342464
1558142220,16121856
1558142221,18702336
1558142222,12427264
1558142223,16023552
1558142224,11763712
1558142225,17883136
1558142226,19628032
1558142227,11313152
1558142228,14712832
1558142229,18210816
1558142230,11763712
1558142231,15409152
1558142232,12419072
1558142233,18292736
1558142234,21528576
1558142235,12902400
1558142236,19922944
1558142237,21209088
1558142238,13344768
1558142239,19128320
1558142240,21372928
1558142241,14024704
1558142242,6815744
1558142243,10190848
1558142244,22634496
1558142245,14336000
1558142246,18907136
1558142247,11706368
1558142248,19832832
1558142249,12517376
1558142250,19464192
1558142251,19922944
1558142252,21946368
1558142253,14843904
1558142254,19030016
1558142255,11059200
1558142256,20144128
1558142257,11198464
1558142258,14573568
1558142259,4718592
1558142260,12730368
1558142261,18522112
1558142262,11280384
1558142263,18948096
1558142264,11493376
1558142265,18571264
1558142266,20963328
1558142267,13606912
1558142268,18710528
1558142269,10813440
1558142270,19406848
1558142271,20733952
1558142272,12828672
1558142273,18341888
1558142274,9723904
1558142275,14794752
1558142276,18186240
1558142277,11902976
1558142278,19365888
1558142279,11870208
1558142280,19898368
1558142281,20643840
1558142282,13828096
1558142283,17997824
1558142284,10125312
1558142285,19226624
1558142286,20848640
1558142287,22167552
1558142288,15466496
1558142289,19021824
1558142290,12492800
1558142291,18857984
1558142292,12115968
1558142293,19496960
1558142294,12214272
1558142295,20340736
1558142296,21102592
1558142297,12468224
1558142298,19267584
1558142299,21282816
1558142300,12623872
1558142301,20168704
1558142302,21684224
1558142303,24838144
1558142304,21970944
1558142305,14327808
1558142306,18751488
1558142307,11444224
1558142308,18579456
1558142309,22093824
1558142310,15187968
1558142311,18169856
1558142312,12001280
1558142313,18243584
1558142314,11321344
1558142315,18317312
1558142316,25509888
1558142317,18563072
1558142318,20307968
1558142319,12083200
1558142320,19800064
1558142321,20791296
1558142322,21446656
1558142323,14442496
1558142324,18055168
1558142325,11993088
1558142326,19619840
1558142327,12664832
1558142328,18350080
1558142329,22593536
1558142330,15048704
1558142331,18718720
1558142332,11329536
1558142333,14655488
1558142334,10706944
1558142335,18907136
1558142336,21315584
1558142337,21143552
1558142338,14794752
1558142339,5603328
1558142340,12443648
1558142341,19734528
1558142342,12525568
1558142343,19546112
1558142344,21118976
1558142345,13533184
1558142346,19169280
1558142347,11100160
1558142348,14991360
1558142349,18219008
1558142350,11911168
1558142351,8069120
1558142352,12042240
1558142353,18456576
1558142354,21217280
1558142355,13811712
1558142356,17440768
1558142357,10166272
1558142358,16654336
1558142359,10084352
1558142360,15671296
1558142361,18464768
1558142362,12410880
1558142363,19791872
1558142364,19521536
1558142365,11657216
1558142366,17776640
1558142367,21241856
1558142368,13926400
1558142369,18481152
1558142370,11722752
1558142371,19922944
1558142372,20258816
1558142373,12107776
1558142374,20398080
1558142375,21258240
1558142376,13336576
1558142377,19193856
1558142378,21921792
1558142379,15245312
1558142380,18022400
1558142381,11878400
1558142382,18841600
1558142383,11976704
1558142384,18595840
1558142385,20471808
1558142386,13385728
1558142387,19677184
1558142388,21045248
1558142389,14802944
1558142390,18595840
1558142391,11247616
1558142392,18227200
1558142393,11436032
1558142394,18866176
1558142395,21790720
1558142396,13615104
1558142397,18153472
1558142398,10559488
1558142399,19972096
1558142400,20766720
1558142401,12992512
1558142402,19054592
1558142403,10870784
1558142404,14516224
1558142405,18243584
1558142406,11313152
1558142407,19046400
1558142408,12107776
1558142409,18923520
1558142410,21520384
1558142411,11493376
1558142412,15712256
1558142413,19472384
1558142414,13271040
1558142415,19505152
1558142416,13099008
1558142417,19939328
1558142418,12419072
1558142419,18571264
1558142420,20701184
1558142421,13934592
1558142422,15187968
1558142423,20447232
1558142424,20561920
1558142425,14483456
1558142426,18432000
1558142427,12132352
1558142428,19480576
1558142429,20758528
1558142430,14721024
1558142431,17580032
1558142432,11083776
1558142433,18669568
1558142434,12034048
1558142435,19210240
1558142436,21291008
1558142437,13729792
1558142438,18833408
1558142439,19849216
1558142440,12623872
1558142441,18006016
1558142442,22831104
1558142443,15130624
1558142444,19496960
1558142445,11870208
1558142446,19439616
1558142447,12263424
1558142448,19488768
1558142449,20733952
1558142450,21544960
1558142451,14565376
1558142452,18604032
1558142453,11714560
1558142454,16408576
1558142455,20799488
1558142456,14295040
1558142457,18137088
1558142458,12173312
1558142459,18063360
1558142460,15810560
1558142461,3145728
1558142462,12640256
1558142463,4833280
1558142464,10993664
1558142465,17399808
1558142466,10371072
1558142467,15294464
1558142468,5644288
1558142469,12730368
1558142470,19890176
1558142471,21987328
1558142472,15917056
1558142473,18792448
1558142474,12730368
1558142475,18759680
1558142476,12288000
1558142477,19628032
1558142478,12828672
1558142479,17571840
1558142480,24977408
1558142481,15597568
1558142482,19251200
1558142483,20856832
1558142484,20381696
1558142485,12967936
1558142486,16891904
1558142487,25001984
1558142488,17866752
1558142489,20873216
1558142490,12574720
1558142491,18620416
1558142492,21209088
1558142493,12394496
1558142494,14655488
1558142495,5390336
1558142496,12910592
1558142497,19906560
1558142498,12460032
1558142499,19136512
1558142500,20545536
1558142501,13697024
1558142502,6217728
1558142503,9936896
1558142504,18989056
1558142505,20963328
1558142506,13099008
1558142507,19529728
1558142508,20733952
1558142509,13811712
1558142510,17170432
1558142511,11157504
1558142512,18694144
1558142513,11476992
1558142514,18079744
1558142515,11083776
1558142516,19243008
1558142517,20586496
1558142518,12607488
1558142519,19243008
1558142520,20750336
1558142521,12664832
1558142522,19251200
1558142523,20717568
1558142524,13410304
1558142525,18800640
1558142526,11239424
1558142527,15474688
1558142528,19120128
1558142529,11476992
1558142530,19824640
1558142531,21004288
1558142532,14819328
1558142533,4505600
1558142534,12828672
1558142535,17571840
1558142536,11730944
1558142537,18866176
1558142538,12394496
1558142539,17809408
1558142540,23265280
1558142541,15581184
1558142542,19161088
1558142543,10952704
1558142544,14983168
1558142545,17866752
1558142546,20234240
1558142547,12419072
1558142548,18006016
1558142549,11149312
1558142550,19972096
1558142551,18997248
1558142552,12476416
1558142553,18489344
1558142554,20955136
1558142555,13369344
1558142556,18685952
1558142557,21405696
1558142558,15130624
1558142559,5087232
1558142560,12689408
1558142561,19406848
1558142562,12042240
1558142563,19169280
1558142564,20406272
1558142565,13123584
1558142566,18128896
1558142567,22224896
1558142568,15515648
1558142569,19136512
1558142570,12845056
1558142571,5939200
1558142572,11624448
1558142573,19111936
1558142574,14065664
1558142575,20193280
1558142576,21143552
1558142577,11730944
1558142578,17793024
1558142579,20611072
1558142580,21086208
1558142581,15310848
1558142582,6504448
1558142583,10756096
1558142584,20234240
1558142585,20586496
1558142586,14155776
1558142587,18432000
1558142588,11280384
1558142589,17424384
1558142590,10469376
1558142591,14082048
1558142592,5177344
1558142593,11280384
1558142594,16080896
1558142595,21135360
1558142596,14999552
1558142597,17989632
1558142598,10911744
1558142599,18145280
1558142600,11108352
1558142601,17907712
1558142602,22593536
1558142603,12550144
1558142604,14475264
1558142605,20234240
1558142606,21274624
1558142607,13844480
1558142608,18849792
1558142609,10117120
1558142610,15499264
1558142611,18841600
1558142612,13352960
1558142613,19218432
1558142614,12640256
1558142615,20570112
1558142616,13803520
1558142617,18325504
1558142618,11378688
1558142619,17211392
1558142620,19365888
1558142621,20955136
1558142622,14327808
1558142623,18038784
1558142624,11476992
1558142625,8716288
1558142626,12713984
1558142627,17571840
1558142628,10911744
1558142629,18800640
1558142630,19070976
1558142631,20553728
1558142632,14811136
1558142633,18251776
1558142634,12001280
1558142635,17817600
1558142636,10018816
1558142637,19456000
1558142638,21266432
1558142639,13492224
1558142640,20578304
1558142641,19808256
1558142642,12206080
1558142643,18227200
1558142644,21454848
1558142645,13729792
1558142646,19505152
1558142647,21454848
1558142648,15122432
1558142649,18587648
1558142650,12836864
1558142651,4915200
1558142652,8880128
1558142653,19431424
1558142654,21168128
1558142655,14671872
1558142656,18579456
1558142657,12722176
1558142658,19275776
1558142659,12943360
1558142660,18366464
1558142661,11509760
1558142662,20094976
1558142663,18997248
1558142664,14016512
1558142665,18939904
1558142666,12492800
1558142667,9363456
1558142668,13721600
1558142669,17768448
1558142670,11083776
1558142671,18554880
1558142672,20168704
1558142673,13549568
1558142674,18571264
1558142675,11304960
1558142676,19775488
1558142677,20193280
1558142678,12558336
1558142679,17727488
1558142680,21553152
1558142681,14123008
1558142682,18391040
1558142683,12353536
1558142684,19578880
1558142685,12640256
1558142686,18341888
1558142687,11509760
1558142688,15163392
1558142689,19169280
1558142690,11018240
1558142691,18612224
1558142692,19922944
1558142693,13352960
1558142694,17162240
1558142695,11214848
1558142696,18219008
1558142697,12230656
1558142698,18530304
1558142699,24870912
1558142700,17195008
1558142701,19578880
1558142702,11624448
1558142703,12812288
1558142704,17973248
1558142705,10731520
1558142706,20307968
1558142707,20652032
1558142708,13041664
1558142709,17956864
1558142710,11190272
1558142711,19120128
1558142712,20430848
1558142713,13549568
1558142714,18612224
1558142715,11247616
1558142716,17965056
1558142717,19931136
1558142718,11378688
1558142719,14721024
1558142720,18571264
1558142721,12165120
1558142722,19824640
1558142723,11485184
1558142724,16244736
1558142725,15466496
1558142726,18661376
1558142727,10780672
1558142728,18735104
1558142729,21766144
1558142730,15228928
1558142731,18685952
1558142732,10821632
1558142733,19152896
1558142734,20840448
1558142735,14016512
1558142736,17391616
1558142737,11132928
1558142738,18792448
1558142739,24920064
1558142740,18563072
1558142741,21258240
1558142742,12754944
1558142743,16384000
1558142744,19120128
1558142745,12107776
1558142746,19537920
1558142747,12492800
1558142748,19169280
1558142749,20455424
1558142750,14196736
1558142751,17956864
1558142752,11821056
1558142753,19103744
1558142754,11722752
1558142755,17752064
1558142756,21381120
1558142757,14401536
1558142758,18989056
1558142759,10936320
1558142760,18219008
1558142761,20324352
1558142762,12984320
1558142763,18718720
1558142764,22437888
1558142765,14729216
1558142766,18677760
1558142767,11567104
1558142768,20176896
1558142769,12574720
1558142770,19554304
1558142771,20758528
1558142772,12091392
1558142773,14483456
1558142774,18685952
1558142775,12484608
1558142776,19808256
1558142777,12754944
1558142778,18341888
1558142779,11542528
1558142780,14417920
1558142781,17489920
1558142782,10903552
1558142783,18219008
1558142784,19390464
1558142785,20668416
1558142786,12705792
1558142787,18571264
1558142788,20652032
1558142789,13770752
1558142790,17514496
1558142791,10485760
1558142792,17752064
1558142793,11018240
1558142794,18825216
1558142795,19628032
1558142796,12959744
1558142797,16326656
1558142798,9371648
1558142799,2220032
1558142800,10698752
1558142801,18292736
1558142802,11239424
1558142803,18227200
1558142804,19808256
1558142805,12779520
1558142806,17137664
1558142807,10592256
1558142808,17915904
1558142809,22519808
1558142810,15319040
1558142811,19316736
1558142812,13074432
1558142813,18243584
1558142814,11419648
1558142815,19070976
1558142816,13099008
1558142817,17154048
1558142818,10215424
1558142819,19177472
1558142820,21495808
1558142821,25403392
1558142822,19226624
1558142823,19144704
1558142824,21069824
1558142825,14671872
1558142826,19128320
1558142827,11952128
1558142828,20561920
1558142829,11329536
1558142830,15441920
1558142831,19832832
1558142832,13737984
1558142833,19464192
1558142834,12591104
1558142835,20709376
1558142836,13680640
1558142837,18415616
1558142838,11296768
1558142839,13869056
1558142840,19324928
1558142841,12230656
1558142842,18497536
1558142843,21282816
1558142844,20242432
1558142845,13467648
1558142846,17367040
1558142847,11419648
1558142848,4743168
1558142849,11247616
1558142850,18120704
1558142851,22052864
1558142852,14868480
1558142853,5898240
1558142854,10895360
1558142855,15736832
1558142856,11468800
1558142857,18644992
1558142858,20201472
1558142859,13139968
1558142860,17956864
1558142861,10969088
1558142862,14737408
1558142863,17776640
1558142864,11829248
1558142865,17219584
1558142866,10903552
1558142867,18432000
1558142868,11542528
1558142869,18636800
1558142870,20914176
1558142871,10903552
1558142872,15499264
1558142873,18440192
1558142874,12574720
1558142875,18227200
1558142876,12230656
1558142877,18956288
1558142878,12804096
1558142879,17063936
1558142880,10862592
1558142881,16850944
1558142882,12722176
1558142883,12427264
1558142884,18661376
1558142885,22544384
1558142886,15802368
1558142887,18317312
1558142888,11354112
1558142889,19243008
1558142890,13074432
1558142891,17367040
1558142892,20865024
1558142893,12992512
1558142894,17752064
1558142895,10780672
1558142896,18096128
1558142897,24993792
1558142898,17432576
1558142899,20668416
1558142900,11534336
1558142901,18743296
1558142902,20791296
1558142903,12402688
1558142904,13443072
1558142905,19316736
1558142906,20652032
1558142907,12845056
1558142908,18317312
1558142909,20561920
1558142910,13541376
1558142911,17899520
1558142912,11780096
1558142913,17743872
1558142914,23052288
1558142915,15155200
1558142916,19185664
1558142917,12165120
1558142918,18120704
1558142919,10616832
1558142920,19570688
1558142921,11575296
1558142922,14286848
1558142923,18120704
1558142924,9756672
1558142925,18235392
1558142926,20865024
1558142927,13090816
1558142928,19472384
1558142929,11206656
1558142930,14860288
1558142931,18169856
1558142932,11984896
1558142933,18636800
1558142934,12541952
1558142935,17915904
1558142936,22355968
1558142937,14360576
1558142938,18259968
1558142939,12058624
1558142940,19431424
1558142941,12484608
1558142942,19488768
1558142943,20398080
1558142944,13705216
1558142945,18628608
1558142946,11567104
1558142947,18874368
1558142948,20987904
1558142949,12468224
1558142950,19177472
1558142951,21020672
1558142952,12288000
1558142953,18702336
1558142954,20488192
1558142955,13262848
1558142956,18284544
1558142957,11329536
1558142958,19210240
1558142959,13967360
1558142960,13148160
1558142961,18808832
1558142962,21225472
1558142963,13352960
1558142964,15556608
1558142965,13107200
1558142966,11919360
1558142967,18456576
1558142968,21463040
1558142969,12533760
1558142970,20119552
1558142971,20668416
1558142972,13664256
1558142973,18472960
1558142974,11403264
1558142975,19292160
1558142976,21331968
1558142977,12787712
1558142978,20283392
1558142979,20905984
1558142980,12279808
1558142981,19972096
1558142982,21438464
1558142983,25206784
1558142984,18980864
1558142985,21422080
1558142986,12795904
1558142987,18800640
1558142988,21438464
1558142989,12500992
1558142990,20520960
1558142991,21667840
1558142992,13344768
1558142993,19660800
1558142994,22544384
1558142995,15106048
1558142996,19718144
1558142997,11902976
1558142998,19431424
1558142999,25477120
1558143000,18677760
1558143001,21446656
1558143002,12279808
1558143003,18702336
1558143004,20946944
1558143005,12599296
1558143006,19554304
1558143007,20684800
1558143008,14393344
1558143009,18104320
1558143010,11657216
1558143011,18956288
1558143012,12091392
1558143013,19333120
1558143014,20865024
1558143015,11419648
1558143016,15835136
1558143017,18915328
1558143018,12533760
1558143019,19062784
1558143020,12582912
1558143021,19062784
1558143022,12779520
1558143023,19234816
1558143024,15204352
1558143025,19234816
1558143026,11272192
1558143027,14557184
1558143028,18292736
1558143029,11976704
1558143030,18833408
1558143031,22020096
1558143032,14942208
1558143033,18382848
1558143034,11886592
1558143035,17793024
1558143036,11280384
1558143037,18972672
1558143038,12066816
1558143039,20152320
1558143040,21512192
1558143041,21512192
1558143042,15040512
1558143043,18399232
1558143044,12001280
1558143045,19603456
1558143046,12460032
1558143047,20062208
1558143048,21274624
1558143049,13688832
1558143050,18800640
1558143051,10846208
1558143052,18980864
1558143053,21307392
1558143054,13115392
1558143055,19668992
1558143056,21323776
1558143057,12853248
1558143058,19243008
1558143059,21340160
1558143060,14966784
1558143061,18014208
1558143062,11599872
1558143063,18546688
1558143064,11427840
1558143065,14524416
1558143066,18481152
1558143067,11558912
1558143068,19128320
1558143069,15638528
1558143070,15867904
1558143071,4833280
1558143072,12353536
1558143073,17686528
1558143074,11345920
1558143075,17883136
1558143076,22872064
1558143077,15499264
1558143078,19070976
1558143079,12476416
1558143080,4612096
1558143081,11190272
1558143082,18898944
1558143083,11051008
1558143084,12886016
1558143085,19750912
1558143086,21127168
1558143087,12320768
1558143088,19660800
1558143089,20127744
1558143090,12632064
1558143091,19030016
1558143092,20832256
1558143093,14213120
1558143094,17702912
1558143095,10887168
1558143096,18595840
1558143097,25067520
1558143098,18972672
1558143099,20824064
1558143100,12197888
1558143101,18120704
1558143102,13164544
1558143103,11722752
1558143104,14499840
1558143105,6094848
1558143106,11829248
1558143107,19415040
1558143108,11214848
1558143109,15900672
1558143110,5963776
1558143111,13885440
1558143112,20201472
1558143113,12673024
1558143114,20373504
1558143115,20938752
1558143116,13844480
1558143117,19267584
1558143118,11616256
1558143119,15032320
1558143120,18718720
1558143121,12369920
1558143122,19079168
1558143123,13205504
1558143124,16334848
1558143125,18939904
1558143126,11878400
1558143127,17899520
1558143128,11689984
1558143129,20283392
1558143130,13541376
1558143131,5849088
1558143132,10149888
1558143133,19316736
1558143134,21381120
1558143135,12345344
1558143136,18743296
1558143137,20914176
1558143138,12820480
1558143139,20103168
1558143140,21250048
1558143141,13049856
1558143142,19521536
1558143143,20783104
1558143144,20226048
1558143145,14663680
1558143146,17678336
1558143147,11419648
1558143148,18677760
1558143149,12140544
1558143150,17702912
1558143151,10706944
1558143152,14016512
1558143153,6619136
1558143154,10952704
1558143155,20283392
1558143156,20447232
1558143157,13025280
1558143158,17539072
1558143159,9977856
1558143160,18399232
1558143161,11878400
1558143162,18391040
1558143163,20258816
1558143164,20930560
1558143165,14131200
1558143166,18882560
1558143167,11026432
1558143168,18423808
1558143169,22274048
1558143170,15204352
1558143171,19177472
1558143172,13320192
1558143173,19537920
1558143174,12656640
1558143175,18259968
1558143176,11935744
1558143177,15327232
1558143178,19103744
1558143179,11853824
1558143180,19226624
1558143181,22691840
1558143182,15523840
1558143183,18292736
1558143184,12034048
1558143185,18833408
1558143186,11763712
1558143187,18767872
1558143188,12034048
1558143189,17063936
1558143190,20938752
1558143191,12386304
1558143192,14155776
1558143193,18235392
1558143194,11747328
1558143195,17612800
1558143196,10911744
1558143197,18612224
1558143198,12263424
1558143199,17203200
1558143200,22233088
1558143201,13918208
1558143202,18857984
1558143203,9887744
1558143204,22806528
1558143205,13697024
1558143206,19775488
1558143207,11993088
1558143208,20725760
1558143209,20946944
1558143210,14409728
1558143211,19554304
1558143212,22798336
1558143213,15589376
1558143214,19382272
1558143215,12288000
1558143216,20324352
1558143217,12681216
1558143218,19922944
1558143219,20742144
1558143220,13664256
1558143221,18972672
1558143222,11943936
1558143223,15917056
1558143224,18915328
1558143225,11370496
1558143226,17989632
1558143227,20701184
1558143228,11829248
1558143229,14925824
1558143230,18530304
1558143231,11395072
1558143232,18743296
1558143233,11599872
1558143234,18743296
1558143235,25092096
1558143236,17948672
1558143237,20209664
1558143238,20987904
1558143239,13934592
1558143240,18825216
1558143241,11468800
1558143242,19021824
1558143243,18169856
1558143244,13074432
1558143245,17833984
1558143246,10960896
1558143247,18857984
1558143248,21127168
1558143249,25444352
1558143250,19087360
1558143251,14082048
1558143252,12656640
1558143253,18317312
1558143254,20824064
1558143255,12853248
1558143256,18817024
1558143257,10960896
1558143258,17989632
1558143259,20406272
1558143260,12222464
1558143261,19226624
1558143262,21512192
1558143263,10985472
1558143264,22003712
1558143265,14835712
1558143266,19587072
1558143267,12509184
1558143268,19578880
1558143269,21774336
1558143270,15138816
1558143271,19030016
1558143272,13197312
1558143273,18227200
1558143274,12042240
1558143275,19619840
1558143276,13295616
1558143277,17489920
1558143278,11558912
1558143279,17997824
1558143280,22904832
1558143281,15278080
1558143282,18972672
1558143283,16441344
1558143284,19783680
1558143285,11526144
1558143286,19611648
1558143287,20848640
1558143288,13082624
1558143289,18604032
1558143290,22167552
1558143291,14630912
1558143292,7380992
1558143293,12279808
1558143294,19431424
1558143295,22011904
1558143296,15294464
1558143297,5382144
1558143298,12632064
1558143299,18014208
1558143300,11534336
1558143301,17907712
