timestamp,value
1558128780,3547136
1558128781,4243456
1558128782,3604480
1558128783,4276224
1558128784,3579904
1558128785,4186112
1558128786,3653632
1558128787,4276224
1558128788,3645440
1558128789,4292608
1558128790,3538944
1558128791,4210688
1558128792,3571712
1558128793,4235264
1558128794,3604480
1558128795,4251648
1558128796,3637248
1558128797,4292608
1558128798,3670016
1558128799,4349952
1558128800,3588096
1558128801,4292608
1558128802,3629056
1558128803,4358144
1558128804,3645440
1558128805,4325376
1558128806,3612672
1558128807,4259840
1558128808,3563520
1558128809,4268032
1558128810,3588096
1558128811,4243456
1558128812,3596288
1558128813,4325376
1558128814,3538944
1558128815,4251648
1558128816,3538944
1558128817,4308992
1558128818,3645440
1558128819,4259840
1558128820,3547136
1558128821,4235264
1558128822,3547136
1558128823,4259840
1558128824,3670016
1558128825,4292608
1558128826,3563520
1558128827,4276224
1558128828,3457024
1558128829,4128768
1558128830,3612672
1558128831,4251648
1558128832,3538944
1558128833,4210688
1558128834,3612672
1558128835,4251648
1558128836,3588096
1558128837,4292608
1558128838,3563520
1558128839,4341760
1558128840,3522560
1558128841,4366336
1558128842,3547136
1558128843,4308992
1558128844,3588096
1558128845,4268032
1558128846,3571712
1558128847,4259840
1558128848,3670016
1558128849,4358144
1558128850,3514368
1558128851,4259840
1558128852,3522560
1558128853,4243456
1558128854,3555328
1558128855,4243456
1558128856,3579904
1558128857,4259840
1558128858,3514368
1558128859,4218880
1558128860,3604480
1558128861,4308992
1558128862,3596288
1558128863,4259840
1558128864,3645440
1558128865,4300800
1558128866,3538944
1558128867,4325376
1558128868,3538944
1558128869,4259840
1558128870,3522560
1558128871,4243456
1558128872,3563520
1558128873,4251648
1558128874,3588096
1558128875,4259840
1558128876,3645440
1558128877,4333568
1558128878,3555328
1558128879,4341760
1558128880,3514368
1558128881,4284416
1558128882,3571712
1558128883,4341760
1558128884,3522560
1558128885,4284416
1558128886,3563520
1558128887,4349952
1558128888,3514368
1558128889,4317184
1558128890,3555328
1558128891,4259840
1558128892,3497984
1558128893,4333568
1558128894,3579904
1558128895,4333568
1558128896,3555328
1558128897,4276224
1558128898,3530752
1558128899,4259840
1558128900,3661824
1558128901,4317184
1558128902,3563520
1558128903,4284416
1558128904,3555328
1558128905,4292608
1558128906,3612672
1558128907,4374528
1558128908,3563520
1558128909,4284416
1558128910,3629056
1558128911,4308992
1558128912,3571712
1558128913,4259840
1558128914,3596288
1558128915,4235264
1558128916,3620864
1558128917,4259840
1558128918,3538944
1558128919,4218880
1558128920,3555328
1558128921,4276224
1558128922,3506176
1558128923,4218880
1558128924,3538944
1558128925,4161536
1558128926,3670016
1558128927,4308992
1558128928,3579904
1558128929,4251648
1558128930,3547136
1558128931,4259840
1558128932,3710976
1558128933,4333568
1558128934,3563520
1558128935,4259840
1558128936,3694592
1558128937,4382720
1558128938,3604480
1558128939,4259840
1558128940,3596288
1558128941,4300800
1558128942,3702784
1558128943,4317184
1558128944,3481600
1558128945,4202496
1558128946,3571712
1558128947,4259840
1558128948,3735552
1558128949,4382720
1558128950,3661824
1558128951,4349952
1558128952,3571712
1558128953,4202496
1558128954,3620864
1558128955,4259840
1558128956,3637248
1558128957,4251648
1558128958,3694592
1558128959,4366336
1558128960,3522560
1558128961,4276224
1558128962,3522560
1558128963,4308992
1558128964,3530752
1558128965,4308992
1558128966,3604480
1558128967,4259840
1558128968,3555328
1558128969,4251648
1558128970,3596288
1558128971,4308992
1558128972,3612672
1558128973,4366336
1558128974,3653632
1558128975,4292608
1558128976,3629056
1558128977,4300800
1558128978,3555328
1558128979,4235264
1558128980,3579904
1558128981,4210688
1558128982,3612672
1558128983,4259840
1558128984,3506176
1558128985,4308992
1558128986,3686400
1558128987,4374528
1558128988,3629056
1558128989,4284416
1558128990,3497984
1558128991,4227072
1558128992,3702784
1558128993,4382720
1558128994,3579904
1558128995,4317184
1558128996,3465216
1558128997,4300800
1558128998,3571712
1558128999,4300800
1558129000,3596288
1558129001,4251648
1558129002,3481600
1558129003,4308992
1558129004,3670016
1558129005,4251648
1558129006,3751936
1558129007,4415488
1558129008,3563520
1558129009,4251648
1558129010,3612672
1558129011,4276224
1558129012,3547136
1558129013,4243456
1558129014,3555328
1558129015,4333568
1558129016,3612672
1558129017,4317184
1558129018,3538944
1558129019,4308992
1558129020,3538944
1558129021,4259840
1558129022,3678208
1558129023,4325376
1558129024,3612672
1558129025,4292608
1558129026,3547136
1558129027,4268032
1558129028,3620864
1558129029,4308992
1558129030,3637248
1558129031,4268032
1558129032,3489792
1558129033,4243456
1558129034,3637248
1558129035,4349952
1558129036,3538944
1558129037,4243456
1558129038,3563520
1558129039,4251648
1558129040,3563520
1558129041,4243456
1558129042,3514368
1558129043,4284416
1558129044,3645440
1558129045,4358144
1558129046,3538944
1558129047,4366336
1558129048,3563520
1558129049,4349952
1558129050,3555328
1558129051,4268032
1558129052,3555328
1558129053,4325376
1558129054,3522560
1558129055,4210688
1558129056,3604480
1558129057,4284416
1558129058,3506176
1558129059,4251648
1558129060,3530752
1558129061,4210688
1558129062,3735552
1558129063,4317184
1558129064,3547136
1558129065,4243456
1558129066,3522560
1558129067,4292608
1558129068,3538944
1558129069,4251648
1558129070,3571712
1558129071,4276224
1558129072,3629056
1558129073,4268032
1558129074,3588096
1558129075,4251648
1558129076,3465216
1558129077,4210688
1558129078,3670016
1558129079,4317184
1558129080,3563520
1558129081,4235264
1558129082,3596288
1558129083,4259840
1558129084,3637248
1558129085,4292608
1558129086,3588096
1558129087,4284416
1558129088,3481600
1558129089,4300800
1558129090,3555328
1558129091,4218880
1558129092,3645440
1558129093,4292608
1558129094,3571712
1558129095,4268032
1558129096,3645440
1558129097,4276224
1558129098,3547136
1558129099,4268032
1558129100,3637248
1558129101,4268032
1558129102,3571712
1558129103,4243456
1558129104,3481600
1558129105,4227072
1558129106,3579904
1558129107,4243456
1558129108,3555328
1558129109,4276224
1558129110,3538944
1558129111,4317184
1558129112,3702784
1558129113,4390912
1558129114,3522560
1558129115,4341760
1558129116,3620864
1558129117,4317184
1558129118,3588096
1558129119,4268032
1558129120,3604480
1558129121,4284416
1558129122,3579904
1558129123,4358144
1558129124,3563520
1558129125,4284416
1558129126,3563520
1558129127,4308992
1558129128,3588096
1558129129,4235264
1558129130,3620864
1558129131,4268032
1558129132,3661824
1558129133,4341760
1558129134,3563520
1558129135,4308992
1558129136,3563520
1558129137,4259840
1558129138,3702784
1558129139,4341760
1558129140,3571712
1558129141,4349952
1558129142,3497984
1558129143,4300800
1558129144,3637248
1558129145,4251648
1558129146,3579904
1558129147,4251648
1558129148,3555328
1558129149,4218880
1558129150,3719168
1558129151,4366336
1558129152,3629056
1558129153,4341760
1558129154,3473408
1558129155,4292608
1558129156,3530752
1558129157,4227072
1558129158,3538944
1558129159,4227072
1558129160,3563520
1558129161,4333568
1558129162,3506176
1558129163,4259840
1558129164,3506176
1558129165,4259840
1558129166,3465216
1558129167,4177920
1558129168,3678208
1558129169,4358144
1558129170,3563520
1558129171,4325376
1558129172,3538944
1558129173,4259840
1558129174,3710976
1558129175,4374528
1558129176,3620864
1558129177,4235264
1558129178,3530752
1558129179,4317184
1558129180,3612672
1558129181,4259840
1558129182,3620864
1558129183,4292608
1558129184,3530752
1558129185,4300800
1558129186,3563520
1558129187,4308992
1558129188,3661824
1558129189,4366336
1558129190,3588096
1558129191,4251648
1558129192,3497984
1558129193,4308992
1558129194,3604480
1558129195,4366336
1558129196,3645440
1558129197,4308992
1558129198,3678208
1558129199,4325376
1558129200,3579904
1558129201,4325376
1558129202,3629056
1558129203,4325376
1558129204,3465216
1558129205,4227072
1558129206,3547136
1558129207,4341760
1558129208,3579904
1558129209,4341760
1558129210,3555328
1558129211,4259840
1558129212,3514368
1558129213,4268032
1558129214,3588096
1558129215,4259840
1558129216,3530752
1558129217,4300800
1558129218,3579904
1558129219,4317184
1558129220,3530752
1558129221,4349952
1558129222,3514368
1558129223,4317184
1558129224,3596288
1558129225,4308992
1558129226,3530752
1558129227,4300800
1558129228,3579904
1558129229,4292608
1558129230,3604480
1558129231,4251648
1558129232,3588096
1558129233,4235264
1558129234,3571712
1558129235,4243456
1558129236,3694592
1558129237,4358144
1558129238,3661824
1558129239,4292608
1558129240,3506176
1558129241,4251648
1558129242,3522560
1558129243,4276224
1558129244,3563520
1558129245,4235264
1558129246,3497984
1558129247,4251648
1558129248,3735552
1558129249,4366336
1558129250,3563520
1558129251,4251648
1558129252,3629056
1558129253,4341760
1558129254,3514368
1558129255,4202496
1558129256,3555328
1558129257,4202496
1558129258,3522560
1558129259,4268032
1558129260,3506176
1558129261,4251648
1558129262,3555328
1558129263,4251648
1558129264,3694592
1558129265,4325376
1558129266,3588096
1558129267,4284416
1558129268,3506176
1558129269,4227072
1558129270,3555328
1558129271,4235264
1558129272,3538944
1558129273,4218880
1558129274,3555328
1558129275,4243456
1558129276,3588096
1558129277,4325376
1558129278,3547136
1558129279,4284416
1558129280,3604480
1558129281,4276224
1558129282,3604480
1558129283,4243456
1558129284,3653632
1558129285,4317184
1558129286,3465216
1558129287,4235264
1558129288,3571712
1558129289,4268032
1558129290,3588096
1558129291,4251648
1558129292,3653632
1558129293,4284416
1558129294,3497984
1558129295,4308992
1558129296,3620864
1558129297,4308992
1558129298,3637248
1558129299,4333568
1558129300,3596288
1558129301,4292608
1558129302,3661824
1558129303,4325376
1558129304,3596288
1558129305,4276224
1558129306,3604480
1558129307,4300800
1558129308,3670016
1558129309,4333568
1558129310,3579904
1558129311,4292608
1558129312,3506176
1558129313,4227072
1558129314,3719168
1558129315,4333568
1558129316,3686400
1558129317,4349952
1558129318,3579904
1558129319,4333568
1558129320,3506176
1558129321,4317184
1558129322,3571712
1558129323,4259840
1558129324,3670016
1558129325,4358144
1558129326,3547136
1558129327,4325376
1558129328,3506176
1558129329,4341760
1558129330,3571712
1558129331,4218880
1558129332,3588096
1558129333,4259840
1558129334,3506176
1558129335,4251648
1558129336,3629056
1558129337,4292608
1558129338,3596288
1558129339,4227072
1558129340,3563520
1558129341,4276224
1558129342,3563520
1558129343,4292608
1558129344,3604480
1558129345,4276224
1558129346,3489792
1558129347,4292608
1558129348,3530752
1558129349,4268032
1558129350,3637248
1558129351,4390912
1558129352,3694592
1558129353,4415488
1558129354,3596288
1558129355,4407296
1558129356,3522560
1558129357,4333568
1558129358,3596288
1558129359,4259840
1558129360,3653632
1558129361,4284416
1558129362,3710976
1558129363,4366336
1558129364,3506176
1558129365,4251648
1558129366,3661824
1558129367,4292608
1558129368,3563520
1558129369,4268032
1558129370,3653632
1558129371,4300800
1558129372,3653632
1558129373,4341760
1558129374,3547136
1558129375,4333568
1558129376,3588096
1558129377,4300800
1558129378,3588096
1558129379,4325376
1558129380,3563520
1558129381,4268032
1558129382,3604480
1558129383,4349952
1558129384,3497984
1558129385,4284416
1558129386,3588096
1558129387,4366336
1558129388,3629056
1558129389,4333568
1558129390,3670016
1558129391,4333568
1558129392,3555328
1558129393,4349952
1558129394,3538944
1558129395,4325376
1558129396,3686400
1558129397,4366336
1558129398,3530752
1558129399,4268032
1558129400,3514368
1558129401,4292608
1558129402,3555328
1558129403,4341760
1558129404,3596288
1558129405,4341760
1558129406,3612672
1558129407,4341760
1558129408,3653632
1558129409,4300800
1558129410,3596288
1558129411,4259840
1558129412,3497984
1558129413,4227072
1558129414,3489792
1558129415,4243456
1558129416,3596288
1558129417,4243456
1558129418,3481600
1558129419,4235264
1558129420,3563520
1558129421,4317184
1558129422,3653632
1558129423,4341760
1558129424,3547136
1558129425,4292608
1558129426,3547136
1558129427,4300800
1558129428,3637248
1558129429,4325376
1558129430,3563520
1558129431,4333568
1558129432,3588096
1558129433,4268032
1558129434,3489792
1558129435,4333568
1558129436,3522560
1558129437,4259840
1558129438,3629056
1558129439,4300800
1558129440,3661824
1558129441,4317184
1558129442,3579904
1558129443,4325376
1558129444,3538944
1558129445,4349952
1558129446,3497984
1558129447,4276224
1558129448,3604480
1558129449,4276224
1558129450,3579904
1558129451,4268032
1558129452,3588096
1558129453,4300800
1558129454,3637248
1558129455,4333568
1558129456,3686400
1558129457,4382720
1558129458,3604480
1558129459,4382720
1558129460,3547136
1558129461,4341760
1558129462,3555328
1558129463,4308992
1558129464,3588096
1558129465,4358144
1558129466,3555328
1558129467,4317184
1558129468,3596288
1558129469,4366336
1558129470,3579904
1558129471,4341760
1558129472,3629056
1558129473,4325376
1558129474,3637248
1558129475,4374528
1558129476,3506176
1558129477,4284416
1558129478,3629056
1558129479,4325376
1558129480,3670016
1558129481,4374528
1558129482,3563520
1558129483,4194304
1558129484,3588096
1558129485,4210688
1558129486,3547136
1558129487,4292608
1558129488,3596288
1558129489,4268032
1558129490,3670016
1558129491,4333568
1558129492,3620864
1558129493,4358144
1558129494,3489792
1558129495,4259840
1558129496,3555328
1558129497,4300800
1558129498,3530752
1558129499,4308992
1558129500,3612672
1558129501,4284416
1558129502,3555328
1558129503,4317184
1558129504,3522560
1558129505,4317184
1558129506,3530752
1558129507,4317184
1558129508,3547136
1558129509,4259840
1558129510,3538944
1558129511,4235264
1558129512,3645440
1558129513,4317184
1558129514,3596288
1558129515,4259840
1558129516,3637248
1558129517,4268032
1558129518,3612672
1558129519,4251648
1558129520,3473408
1558129521,4235264
1558129522,3670016
1558129523,4317184
1558129524,3702784
1558129525,4317184
1558129526,3604480
1558129527,4390912
1558129528,3522560
1558129529,4259840
1558129530,3612672
1558129531,4358144
1558129532,3522560
1558129533,4276224
1558129534,3530752
1558129535,4259840
1558129536,3555328
1558129537,4276224
1558129538,3620864
1558129539,4251648
1558129540,3604480
1558129541,4390912
1558129542,3514368
1558129543,4317184
1558129544,3530752
1558129545,4292608
1558129546,3751936
1558129547,4366336
1558129548,3719168
1558129549,4325376
1558129550,3489792
1558129551,4235264
1558129552,3629056
1558129553,4284416
1558129554,3547136
1558129555,4300800
1558129556,3653632
1558129557,4251648
1558129558,3686400
1558129559,4341760
1558129560,3506176
1558129561,4251648
1558129562,3547136
1558129563,4333568
1558129564,3579904
1558129565,4292608
1558129566,3629056
1558129567,4235264
1558129568,3538944
1558129569,4300800
1558129570,3571712
1558129571,4268032
1558129572,3506176
1558129573,4169728
1558129574,3506176
1558129575,4276224
1558129576,3604480
1558129577,4276224
1558129578,3497984
1558129579,4202496
1558129580,3563520
1558129581,4284416
1558129582,3571712
1558129583,4276224
1558129584,3670016
1558129585,4341760
1558129586,3563520
1558129587,4284416
1558129588,3579904
1558129589,4317184
1558129590,3588096
1558129591,4259840
1558129592,3563520
1558129593,4300800
1558129594,3489792
1558129595,4243456
1558129596,3710976
1558129597,4382720
1558129598,3661824
1558129599,4349952
1558129600,3547136
1558129601,4341760
1558129602,3596288
1558129603,4399104
1558129604,3538944
1558129605,4317184
1558129606,3547136
1558129607,4308992
1558129608,3571712
1558129609,4251648
1558129610,3596288
1558129611,4292608
1558129612,3596288
1558129613,4276224
1558129614,3538944
1558129615,4268032
1558129616,3522560
1558129617,4300800
1558129618,3637248
1558129619,4317184
1558129620,3522560
1558129621,4292608
1558129622,3563520
1558129623,4333568
1558129624,3563520
1558129625,4333568
1558129626,3538944
1558129627,4308992
1558129628,3522560
1558129629,4308992
1558129630,3612672
1558129631,4276224
1558129632,3563520
1558129633,4333568
1558129634,3547136
1558129635,4243456
1558129636,3629056
1558129637,4276224
1558129638,3530752
1558129639,4227072
1558129640,3481600
1558129641,4243456
1558129642,3637248
1558129643,4251648
1558129644,3588096
1558129645,4243456
1558129646,3538944
1558129647,4218880
1558129648,3563520
1558129649,4259840
1558129650,3571712
1558129651,4317184
1558129652,3522560
1558129653,4325376
1558129654,3694592
1558129655,4358144
1558129656,3555328
1558129657,4218880
1558129658,3547136
1558129659,4268032
1558129660,3579904
1558129661,4333568
1558129662,3678208
1558129663,4325376
1558129664,3661824
1558129665,4349952
1558129666,3604480
1558129667,4308992
1558129668,3588096
1558129669,4300800
1558129670,3678208
1558129671,4300800
1558129672,3538944
1558129673,4259840
1558129674,3514368
1558129675,4251648
1558129676,3678208
1558129677,4366336
1558129678,3604480
1558129679,4333568
1558129680,3612672
1558129681,4308992
1558129682,3538944
1558129683,4300800
1558129684,3588096
1558129685,4284416
1558129686,3506176
1558129687,4300800
1558129688,3563520
1558129689,4284416
1558129690,3530752
1558129691,4276224
1558129692,3506176
1558129693,4251648
1558129694,3538944
1558129695,4268032
1558129696,3489792
1558129697,4243456
1558129698,3555328
1558129699,4292608
1558129700,3637248
1558129701,4341760
1558129702,3661824
1558129703,4308992
1558129704,3440640
1558129705,4161536
1558129706,3604480
1558129707,4284416
1558129708,3514368
1558129709,4227072
1558129710,3547136
1558129711,4292608
1558129712,3514368
1558129713,4235264
1558129714,3538944
1558129715,4218880
1558129716,3522560
1558129717,4218880
1558129718,3465216
1558129719,4186112
1558129720,3629056
1558129721,4259840
1558129722,3563520
1558129723,4284416
1558129724,3555328
1558129725,4243456
1558129726,3547136
1558129727,4210688
1558129728,3604480
1558129729,4308992
1558129730,3448832
1558129731,4210688
1558129732,3563520
1558129733,4235264
1558129734,3751936
1558129735,4407296
1558129736,3547136
1558129737,4218880
1558129738,3670016
1558129739,4300800
1558129740,3514368
1558129741,4308992
1558129742,3645440
1558129743,4284416
1558129744,3596288
1558129745,4235264
1558129746,3522560
1558129747,4292608
1558129748,3506176
1558129749,4210688
1558129750,3604480
1558129751,4276224
1558129752,3530752
1558129753,4251648
1558129754,3530752
1558129755,4227072
1558129756,3563520
1558129757,4227072
1558129758,3555328
1558129759,4210688
1558129760,3522560
1558129761,4300800
1558129762,3530752
1558129763,4268032
1558129764,3637248
1558129765,4308992
1558129766,3629056
1558129767,4349952
1558129768,3514368
1558129769,4259840
1558129770,3604480
1558129771,4317184
1558129772,3751936
1558129773,4423680
1558129774,3620864
1558129775,4268032
1558129776,3547136
1558129777,4268032
1558129778,3579904
1558129779,4325376
1558129780,3645440
1558129781,4325376
1558129782,3555328
1558129783,4276224
1558129784,3694592
1558129785,4333568
1558129786,3661824
1558129787,4308992
1558129788,3547136
1558129789,4292608
1558129790,3522560
1558129791,4300800
1558129792,3563520
1558129793,4333568
1558129794,3629056
1558129795,4325376
1558129796,3465216
1558129797,4268032
1558129798,3579904
1558129799,4284416
1558129800,3670016
1558129801,4333568
1558129802,3538944
1558129803,4300800
1558129804,3465216
1558129805,4235264
1558129806,3555328
1558129807,4292608
1558129808,3514368
1558129809,4194304
1558129810,3506176
1558129811,4284416
1558129812,3522560
1558129813,4284416
1558129814,3571712
1558129815,4284416
1558129816,3637248
1558129817,4333568
1558129818,3604480
1558129819,4276224
1558129820,3497984
1558129821,4235264
1558129822,3538944
1558129823,4243456
1558129824,3612672
1558129825,4317184
1558129826,3596288
1558129827,4227072
1558129828,3612672
1558129829,4325376
1558129830,3497984
1558129831,4243456
1558129832,3571712
1558129833,4268032
1558129834,3538944
1558129835,4268032
1558129836,3612672
1558129837,4251648
1558129838,3571712
1558129839,4268032
1558129840,3563520
1558129841,4284416
1558129842,3629056
1558129843,4374528
1558129844,3538944
1558129845,4308992
1558129846,3530752
1558129847,4300800
1558129848,3620864
1558129849,4366336
1558129850,3596288
1558129851,4227072
1558129852,3694592
1558129853,4349952
1558129854,3596288
1558129855,4325376
1558129856,3530752
1558129857,4259840
1558129858,3694592
1558129859,4358144
1558129860,3629056
1558129861,4268032
1558129862,3555328
1558129863,4268032
1558129864,3686400
1558129865,4382720
1558129866,3727360
1558129867,4382720
1558129868,3506176
1558129869,4292608
1558129870,3588096
1558129871,4235264
1558129872,3661824
1558129873,4276224
1558129874,3530752
1558129875,4341760
1558129876,3645440
1558129877,4259840
1558129878,3588096
1558129879,4276224
1558129880,3637248
1558129881,4341760
1558129882,3629056
1558129883,4358144
1558129884,3620864
1558129885,4243456
1558129886,3645440
1558129887,4284416
1558129888,3514368
1558129889,4218880
1558129890,3579904
1558129891,4358144
1558129892,3612672
1558129893,4349952
1558129894,3514368
1558129895,4218880
1558129896,3686400
1558129897,4341760
1558129898,3563520
1558129899,4259840
1558129900,3530752
1558129901,4300800
1558129902,3653632
1558129903,4300800
1558129904,3686400
1558129905,4374528
1558129906,3547136
1558129907,4276224
1558129908,3604480
1558129909,4276224
1558129910,3571712
1558129911,4300800
1558129912,3473408
1558129913,4259840
1558129914,3571712
1558129915,4317184
1558129916,3506176
1558129917,4251648
1558129918,3538944
1558129919,4341760
1558129920,3465216
1558129921,4308992
1558129922,3563520
1558129923,4292608
1558129924,3497984
1558129925,4243456
1558129926,3579904
1558129927,4325376
1558129928,3588096
1558129929,4276224
1558129930,3555328
1558129931,4292608
1558129932,3555328
1558129933,4284416
1558129934,3612672
1558129935,4300800
1558129936,3538944
1558129937,4169728
1558129938,3571712
1558129939,4243456
1558129940,3473408
1558129941,4300800
1558129942,3547136
1558129943,4284416
1558129944,3514368
1558129945,4251648
1558129946,3588096
1558129947,4177920
1558129948,3547136
1558129949,4292608
1558129950,3645440
1558129951,4325376
1558129952,3678208
1558129953,4374528
1558129954,3530752
1558129955,4210688
1558129956,3547136
1558129957,4284416
1558129958,3555328
1558129959,4300800
1558129960,3497984
1558129961,4243456
1558129962,3506176
1558129963,4243456
1558129964,3538944
1558129965,4210688
1558129966,3710976
1558129967,4358144
1558129968,3596288
1558129969,4276224
1558129970,3678208
1558129971,4292608
1558129972,3579904
1558129973,4251648
1558129974,3645440
1558129975,4292608
1558129976,3670016
1558129977,4325376
1558129978,3465216
1558129979,4300800
1558129980,3555328
1558129981,4268032
1558129982,3653632
1558129983,4300800
1558129984,3563520
1558129985,4218880
1558129986,3555328
1558129987,4251648
1558129988,3481600
1558129989,4210688
1558129990,3522560
1558129991,4243456
1558129992,3465216
1558129993,4251648
1558129994,3588096
1558129995,4251648
1558129996,3481600
1558129997,4227072
1558129998,3514368
1558129999,4300800
1558130000,3538944
1558130001,4251648
1558130002,3473408
1558130003,4218880
1558130004,3530752
1558130005,4227072
1558130006,3563520
1558130007,4235264
1558130008,3555328
1558130009,4235264
1558130010,3637248
1558130011,4276224
1558130012,3637248
1558130013,4325376
1558130014,3588096
1558130015,4243456
1558130016,3678208
1558130017,4325376
1558130018,3588096
1558130019,4227072
1558130020,3514368
1558130021,4186112
1558130022,3653632
1558130023,4259840
1558130024,3612672
1558130025,4259840
1558130026,3481600
1558130027,4276224
1558130028,3571712
1558130029,4243456
1558130030,3547136
1558130031,4227072
1558130032,3579904
1558130033,4276224
1558130034,3547136
1558130035,4227072
1558130036,3497984
1558130037,4202496
1558130038,3522560
1558130039,4210688
1558130040,3571712
1558130041,4300800
1558130042,3555328
1558130043,4202496
1558130044,3596288
1558130045,4276224
1558130046,3588096
1558130047,4235264
1558130048,3571712
1558130049,4259840
1558130050,3522560
1558130051,4243456
1558130052,3645440
1558130053,4284416
1558130054,3530752
1558130055,4276224
1558130056,3506176
1558130057,4276224
1558130058,3579904
1558130059,4325376
1558130060,3645440
1558130061,4300800
1558130062,3612672
1558130063,4292608
1558130064,3604480
1558130065,4218880
1558130066,3555328
1558130067,4251648
1558130068,3530752
1558130069,4218880
1558130070,3555328
1558130071,4268032
1558130072,3653632
1558130073,4292608
1558130074,3514368
1558130075,4259840
1558130076,3588096
1558130077,4235264
1558130078,3629056
1558130079,4284416
1558130080,3579904
1558130081,4251648
1558130082,3563520
1558130083,4243456
1558130084,3612672
1558130085,4300800
1558130086,3563520
1558130087,4243456
1558130088,3547136
1558130089,4292608
1558130090,3481600
1558130091,4235264
1558130092,3637248
1558130093,4284416
1558130094,3555328
1558130095,4308992
1558130096,3522560
1558130097,4268032
1558130098,3530752
1558130099,4177920
1558130100,3514368
1558130101,4218880
1558130102,3489792
1558130103,4210688
1558130104,3547136
1558130105,4218880
1558130106,3604480
1558130107,4251648
1558130108,3694592
1558130109,4292608
1558130110,3547136
1558130111,4300800
1558130112,3637248
1558130113,4268032
1558130114,3653632
1558130115,4268032
1558130116,3637248
1558130117,4333568
1558130118,3506176
1558130119,4259840
1558130120,3612672
1558130121,4308992
1558130122,3637248
1558130123,4358144
1558130124,3538944
1558130125,4243456
1558130126,3514368
1558130127,4251648
1558130128,3588096
1558130129,4268032
1558130130,3571712
1558130131,4333568
1558130132,3497984
1558130133,4276224
1558130134,3588096
1558130135,4243456
1558130136,3596288
1558130137,4268032
1558130138,3522560
1558130139,4251648
1558130140,3448832
1558130141,4268032
1558130142,3547136
1558130143,4284416
1558130144,3555328
1558130145,4227072
1558130146,3538944
1558130147,4202496
1558130148,3645440
1558130149,4358144
1558130150,3670016
1558130151,4300800
1558130152,3579904
1558130153,4259840
1558130154,3596288
1558130155,4341760
1558130156,3604480
1558130157,4300800
1558130158,3604480
1558130159,4276224
1558130160,3678208
1558130161,4292608
1558130162,3604480
1558130163,4251648
1558130164,3522560
1558130165,4251648
1558130166,3547136
1558130167,4259840
1558130168,3588096
1558130169,4276224
1558130170,3678208
1558130171,4300800
1558130172,3547136
1558130173,4251648
1558130174,3555328
1558130175,4300800
1558130176,3563520
1558130177,4341760
1558130178,3522560
1558130179,4317184
1558130180,3530752
1558130181,4333568
1558130182,3579904
1558130183,4284416
1558130184,3686400
1558130185,4333568
1558130186,3645440
1558130187,4251648
1558130188,3547136
1558130189,4259840
1558130190,3538944
1558130191,4276224
1558130192,3530752
1558130193,4251648
1558130194,3538944
1558130195,4251648
1558130196,3678208
1558130197,4292608
1558130198,3547136
1558130199,4358144
1558130200,3563520
1558130201,4349952
1558130202,3678208
1558130203,4366336
1558130204,3571712
1558130205,4308992
1558130206,3522560
1558130207,4317184
1558130208,3588096
1558130209,4317184
1558130210,3538944
1558130211,4268032
1558130212,3588096
1558130213,4341760
1558130214,3555328
1558130215,4300800
1558130216,3538944
1558130217,4300800
1558130218,3547136
1558130219,4300800
1558130220,3588096
1558130221,4268032
1558130222,3538944
1558130223,4251648
1558130224,3604480
1558130225,4292608
1558130226,3588096
1558130227,4300800
1558130228,3596288
1558130229,4300800
1558130230,3645440
1558130231,4308992
1558130232,3506176
1558130233,4325376
1558130234,3522560
1558130235,4292608
1558130236,3637248
1558130237,4300800
1558130238,3530752
1558130239,4227072
1558130240,3637248
1558130241,4349952
1558130242,3612672
1558130243,4358144
1558130244,3604480
1558130245,4308992
1558130246,3637248
1558130247,4300800
1558130248,3506176
1558130249,4145152
1558130250,3604480
1558130251,4243456
1558130252,3670016
1558130253,4341760
1558130254,3678208
1558130255,4317184
1558130256,3497984
1558130257,4292608
1558130258,3563520
1558130259,4333568
1558130260,3473408
1558130261,4268032
1558130262,3596288
1558130263,4292608
1558130264,3538944
1558130265,4292608
1558130266,3538944
1558130267,4210688
1558130268,3571712
1558130269,4243456
1558130270,3514368
1558130271,4169728
1558130272,3547136
1558130273,4210688
1558130274,3506176
1558130275,4186112
1558130276,3637248
1558130277,4251648
1558130278,3760128
1558130279,4407296
1558130280,3530752
1558130281,4227072
1558130282,3588096
1558130283,4243456
1558130284,3678208
1558130285,4276224
1558130286,3604480
1558130287,4308992
1558130288,3547136
1558130289,4276224
1558130290,3612672
1558130291,4276224
1558130292,3670016
1558130293,4284416
1558130294,3620864
1558130295,4300800
1558130296,3555328
1558130297,4251648
1558130298,3596288
1558130299,4251648
1558130300,3555328
1558130301,4300800
1558130302,3620864
1558130303,4276224
1558130304,3604480
1558130305,4333568
1558130306,3489792
1558130307,4202496
1558130308,3522560
1558130309,4243456
1558130310,3579904
1558130311,4284416
1558130312,3571712
1558130313,4284416
1558130314,3629056
1558130315,4227072
1558130316,3506176
1558130317,4259840
1558130318,3547136
1558130319,4186112
1558130320,3571712
1558130321,4235264
1558130322,3678208
1558130323,4325376
1558130324,3629056
1558130325,4284416
1558130326,3514368
1558130327,4292608
1558130328,3530752
1558130329,4284416
1558130330,3612672
1558130331,4366336
1558130332,3596288
1558130333,4317184
1558130334,3514368
1558130335,4276224
1558130336,3637248
1558130337,4349952
1558130338,3571712
1558130339,4210688
1558130340,3481600
1558130341,4227072
1558130342,3522560
1558130343,4227072
1558130344,3497984
1558130345,4235264
1558130346,3563520
1558130347,4259840
1558130348,3612672
1558130349,4268032
1558130350,3596288
1558130351,4292608
1558130352,3579904
1558130353,4358144
1558130354,3645440
1558130355,4358144
1558130356,3538944
1558130357,4268032
1558130358,3612672
1558130359,4308992
1558130360,3596288
1558130361,4300800
1558130362,3547136
1558130363,4235264
1558130364,3604480
1558130365,4325376
1558130366,3686400
1558130367,4358144
1558130368,3563520
1558130369,4317184
1558130370,3612672
1558130371,4300800
1558130372,3547136
1558130373,4227072
1558130374,3571712
1558130375,4243456
1558130376,3579904
1558130377,4251648
1558130378,3538944
1558130379,4235264
1558130380,3506176
1558130381,4186112
1558130382,3596288
1558130383,4259840
1558130384,3596288
1558130385,4251648
1558130386,3555328
1558130387,4300800
1558130388,3637248
1558130389,4300800
1558130390,3629056
1558130391,4308992
1558130392,3538944
1558130393,4308992
1558130394,3620864
1558130395,4358144
1558130396,3645440
1558130397,4374528
1558130398,3522560
1558130399,4268032
1558130400,3612672
1558130401,4268032
1558130402,3530752
1558130403,4268032
1558130404,3604480
1558130405,4251648
1558130406,3661824
1558130407,4300800
1558130408,3489792
1558130409,4218880
1558130410,3719168
1558130411,4374528
1558130412,3604480
1558130413,4292608
1558130414,3497984
1558130415,4227072
1558130416,3612672
1558130417,4341760
1558130418,3563520
1558130419,4218880
1558130420,3588096
1558130421,4333568
1558130422,3588096
1558130423,4276224
1558130424,3522560
1558130425,4292608
1558130426,3530752
1558130427,4341760
1558130428,3596288
1558130429,4268032
1558130430,3686400
1558130431,4300800
1558130432,3530752
1558130433,4308992
1558130434,3604480
1558130435,4268032
1558130436,3547136
1558130437,4325376
1558130438,3457024
1558130439,4292608
1558130440,3489792
1558130441,4235264
1558130442,3563520
1558130443,4300800
1558130444,3579904
1558130445,4276224
1558130446,3571712
1558130447,4341760
1558130448,3670016
1558130449,4358144
1558130450,3661824
1558130451,4325376
1558130452,3596288
1558130453,4325376
1558130454,3604480
1558130455,4292608
1558130456,3596288
1558130457,4284416
1558130458,3489792
1558130459,4186112
1558130460,3620864
1558130461,4268032
1558130462,3547136
1558130463,4251648
1558130464,3555328
1558130465,4251648
1558130466,3596288
1558130467,4358144
1558130468,3596288
1558130469,4300800
1558130470,3555328
1558130471,4349952
1558130472,3694592
1558130473,4325376
1558130474,3629056
1558130475,4292608
1558130476,3522560
1558130477,4259840
1558130478,3612672
1558130479,4349952
1558130480,3547136
1558130481,4251648
1558130482,3547136
1558130483,4333568
1558130484,3645440
1558130485,4333568
1558130486,3571712
1558130487,4292608
1558130488,3530752
1558130489,4227072
1558130490,3678208
1558130491,4284416
1558130492,3661824
1558130493,4366336
1558130494,3538944
1558130495,4325376
1558130496,3620864
1558130497,4308992
1558130498,3555328
1558130499,4268032
1558130500,3530752
1558130501,4194304
1558130502,3530752
1558130503,4227072
1558130504,3686400
1558130505,4251648
1558130506,3571712
1558130507,4300800
1558130508,3506176
1558130509,4259840
1558130510,3694592
1558130511,4341760
1558130512,3530752
1558130513,4251648
1558130514,3563520
1558130515,4251648
1558130516,3538944
1558130517,4284416
1558130518,3645440
1558130519,4292608
1558130520,3661824
1558130521,4374528
1558130522,3506176
1558130523,4268032
1558130524,3522560
1558130525,4300800
1558130526,3604480
1558130527,4284416
1558130528,3571712
1558130529,4235264
1558130530,3571712
1558130531,4259840
1558130532,3604480
1558130533,4325376
1558130534,3538944
1558130535,4284416
1558130536,3555328
1558130537,4243456
1558130538,3661824
1558130539,4300800
1558130540,3563520
1558130541,4259840
1558130542,3620864
1558130543,4284416
1558130544,3588096
1558130545,4243456
1558130546,3645440
1558130547,4317184
1558130548,3620864
1558130549,4300800
1558130550,3588096
1558130551,4341760
1558130552,3555328
1558130553,4341760
1558130554,3563520
1558130555,4325376
1558130556,3563520
1558130557,4308992
1558130558,3563520
1558130559,4317184
1558130560,3538944
1558130561,4300800
1558130562,3686400
1558130563,4349952
1558130564,3620864
1558130565,4284416
1558130566,3563520
1558130567,4276224
1558130568,3563520
1558130569,4268032
1558130570,3670016
1558130571,4341760
1558130572,3563520
1558130573,4292608
1558130574,3506176
1558130575,4227072
1558130576,3653632
1558130577,4268032
1558130578,3620864
1558130579,4308992
1558130580,3629056
1558130581,4317184
1558130582,3547136
1558130583,4333568
1558130584,3538944
1558130585,4243456
1558130586,3612672
1558130587,4292608
1558130588,3563520
1558130589,4333568
1558130590,3637248
1558130591,4358144
1558130592,3612672
1558130593,4325376
1558130594,3538944
1558130595,4300800
1558130596,3579904
1558130597,4300800
1558130598,3579904
1558130599,4227072
1558130600,3645440
1558130601,4292608
1558130602,3629056
1558130603,4325376
1558130604,3579904
1558130605,4341760
1558130606,3530752
1558130607,4317184
1558130608,3522560
1558130609,4325376
1558130610,3522560
1558130611,4235264
1558130612,3645440
1558130613,4300800
1558130614,3612672
1558130615,4284416
1558130616,3686400
1558130617,4349952
1558130618,3588096
1558130619,4300800
1558130620,3670016
1558130621,4366336
1558130622,3637248
1558130623,4317184
1558130624,3596288
1558130625,4284416
1558130626,3579904
1558130627,4284416
1558130628,3579904
1558130629,4333568
1558130630,3612672
1558130631,4341760
1558130632,3588096
1558130633,4317184
1558130634,3596288
1558130635,4333568
1558130636,3555328
1558130637,4259840
1558130638,3645440
1558130639,4292608
1558130640,3604480
1558130641,4333568
1558130642,3653632
1558130643,4341760
1558130644,3629056
1558130645,4284416
1558130646,3661824
1558130647,4317184
1558130648,3514368
1558130649,4235264
1558130650,3686400
1558130651,4325376
1558130652,3653632
1558130653,4268032
1558130654,3620864
1558130655,4317184
1558130656,3563520
1558130657,4333568
1558130658,3596288
1558130659,4284416
1558130660,3670016
1558130661,4333568
1558130662,3571712
1558130663,4259840
1558130664,3563520
1558130665,4259840
1558130666,3604480
1558130667,4292608
1558130668,3612672
1558130669,4325376
1558130670,3530752
1558130671,4325376
1558130672,3555328
1558130673,4210688
1558130674,3710976
1558130675,4374528
1558130676,3522560
1558130677,4235264
1558130678,3596288
1558130679,4317184
1558130680,3588096
1558130681,4300800
1558130682,3538944
1558130683,4333568
1558130684,3530752
1558130685,4333568
1558130686,3620864
1558130687,4276224
1558130688,3538944
1558130689,4259840
1558130690,3579904
1558130691,4243456
1558130692,3678208
1558130693,4333568
1558130694,3629056
1558130695,4268032
1558130696,3604480
1558130697,4333568
1558130698,3645440
1558130699,4366336
1558130700,3579904
1558130701,4259840
1558130702,3620864
1558130703,4341760
1558130704,3547136
1558130705,4243456
1558130706,3637248
1558130707,4341760
1558130708,3547136
1558130709,4276224
1558130710,3530752
1558130711,4259840
1558130712,3686400
1558130713,4349952
1558130714,3612672
1558130715,4333568
1558130716,3596288
1558130717,4292608
1558130718,3670016
1558130719,4349952
1558130720,3678208
1558130721,4341760
1558130722,3571712
1558130723,4325376
1558130724,3563520
1558130725,4259840
1558130726,3620864
1558130727,4268032
1558130728,3596288
1558130729,4366336
1558130730,3588096
1558130731,4308992
1558130732,3637248
1558130733,4259840
1558130734,3522560
1558130735,4243456
1558130736,3596288
1558130737,4292608
1558130738,3588096
1558130739,4300800
1558130740,3678208
1558130741,4325376
1558130742,3579904
1558130743,4374528
1558130744,3579904
1558130745,4358144
1558130746,3678208
1558130747,4317184
1558130748,3637248
1558130749,4268032
1558130750,3612672
1558130751,4268032
1558130752,3637248
1558130753,4325376
1558130754,3645440
1558130755,4268032
1558130756,3596288
1558130757,4268032
1558130758,3588096
1558130759,4268032
1558130760,3629056
1558130761,4268032
1558130762,3579904
1558130763,4284416
1558130764,3653632
1558130765,4325376
1558130766,3612672
1558130767,4341760
1558130768,3530752
1558130769,4235264
1558130770,3596288
1558130771,4268032
1558130772,3547136
1558130773,4300800
1558130774,3653632
1558130775,4325376
1558130776,3571712
1558130777,4308992
1558130778,3506176
1558130779,4259840
1558130780,3547136
1558130781,4268032
1558130782,3727360
1558130783,4358144
1558130784,3579904
1558130785,4366336
1558130786,3538944
1558130787,4333568
1558130788,3522560
1558130789,4251648
1558130790,3604480
1558130791,4276224
1558130792,3612672
1558130793,4284416
1558130794,3547136
1558130795,4292608
1558130796,3547136
1558130797,4292608
1558130798,3481600
1558130799,4292608
1558130800,3530752
1558130801,4259840
1558130802,3538944
1558130803,4251648
1558130804,3645440
1558130805,4325376
1558130806,3555328
1558130807,4292608
1558130808,3620864
1558130809,4349952
1558130810,3555328
1558130811,4243456
1558130812,3604480
1558130813,4259840
1558130814,3530752
1558130815,4333568
1558130816,3547136
1558130817,4276224
1558130818,3702784
1558130819,4374528
1558130820,3473408
1558130821,4251648
1558130822,3686400
1558130823,4308992
1558130824,3596288
1558130825,4292608
1558130826,3588096
1558130827,4317184
1558130828,3563520
1558130829,4276224
1558130830,3702784
1558130831,4349952
1558130832,3522560
1558130833,4284416
1558130834,3530752
1558130835,4333568
1558130836,3547136
1558130837,4251648
1558130838,3563520
1558130839,4268032
1558130840,3522560
1558130841,4210688
1558130842,3686400
1558130843,4333568
1558130844,3620864
1558130845,4268032
1558130846,3637248
1558130847,4268032
1558130848,3661824
1558130849,4284416
1558130850,3653632
1558130851,4325376
1558130852,3612672
1558130853,4300800
1558130854,3571712
1558130855,4268032
1558130856,3596288
1558130857,4276224
1558130858,3579904
1558130859,4292608
1558130860,3645440
1558130861,4358144
1558130862,3588096
1558130863,4358144
1558130864,3497984
1558130865,4268032
1558130866,3563520
1558130867,4243456
1558130868,3604480
1558130869,4284416
1558130870,3579904
1558130871,4276224
1558130872,3555328
1558130873,4227072
1558130874,3571712
1558130875,4300800
1558130876,3506176
1558130877,4218880
1558130878,3489792
1558130879,4202496
1558130880,3653632
1558130881,4341760
1558130882,3497984
1558130883,4243456
1558130884,3620864
1558130885,4284416
1558130886,3596288
1558130887,4268032
1558130888,3522560
1558130889,4243456
1558130890,3538944
1558130891,4235264
1558130892,3555328
1558130893,4218880
1558130894,3563520
1558130895,4235264
1558130896,3661824
1558130897,4308992
1558130898,3596288
1558130899,4243456
1558130900,3489792
1558130901,4218880
1558130902,3596288
1558130903,4284416
1558130904,3710976
1558130905,4415488
1558130906,3522560
1558130907,4268032
1558130908,3579904
1558130909,4284416
1558130910,3497984
1558130911,4235264
1558130912,3579904
1558130913,4251648
1558130914,3579904
1558130915,4259840
1558130916,3620864
1558130917,4284416
1558130918,3588096
1558130919,4292608
1558130920,3596288
1558130921,4341760
1558130922,3538944
1558130923,4218880
1558130924,3538944
1558130925,4276224
1558130926,3547136
1558130927,4235264
1558130928,3579904
1558130929,4284416
1558130930,3571712
1558130931,4235264
1558130932,3538944
1558130933,4210688
1558130934,3563520
1558130935,4243456
1558130936,3489792
1558130937,4218880
1558130938,3530752
1558130939,4317184
1558130940,3604480
1558130941,4259840
1558130942,3522560
1558130943,4235264
1558130944,3596288
1558130945,4317184
1558130946,3678208
1558130947,4308992
1558130948,3719168
1558130949,4325376
1558130950,3596288
1558130951,4358144
1558130952,3637248
1558130953,4325376
1558130954,3620864
1558130955,4251648
1558130956,3563520
1558130957,4235264
1558130958,3555328
1558130959,4235264
1558130960,3612672
1558130961,4276224
1558130962,3571712
1558130963,4227072
1558130964,3571712
1558130965,4276224
1558130966,3653632
1558130967,4341760
1558130968,3645440
1558130969,4358144
1558130970,3497984
1558130971,4259840
1558130972,3555328
1558130973,4268032
1558130974,3588096
1558130975,4300800
1558130976,3588096
1558130977,4292608
1558130978,3538944
1558130979,4259840
1558130980,3645440
1558130981,4325376
1558130982,3563520
1558130983,4325376
1558130984,3530752
1558130985,4259840
1558130986,3612672
1558130987,4284416
1558130988,3596288
1558130989,4243456
1558130990,3522560
1558130991,4251648
1558130992,3645440
1558130993,4349952
1558130994,3579904
1558130995,4218880
1558130996,3645440
1558130997,4284416
1558130998,3629056
1558130999,4284416
1558131000,3579904
1558131001,4268032
1558131002,3547136
1558131003,4276224
1558131004,3538944
1558131005,4292608
1558131006,3514368
1558131007,4243456
1558131008,3678208
1558131009,4308992
1558131010,3588096
1558131011,4300800
1558131012,3547136
1558131013,4251648
1558131014,3530752
1558131015,4218880
1558131016,3653632
1558131017,4284416
1558131018,3514368
1558131019,4227072
1558131020,3547136
1558131021,4268032
1558131022,3670016
1558131023,4308992
1558131024,3645440
1558131025,4284416
1558131026,3555328
1558131027,4202496
1558131028,3588096
1558131029,4308992
1558131030,3710976
1558131031,4341760
1558131032,3661824
1558131033,4300800
1558131034,3661824
1558131035,4268032
1558131036,3547136
1558131037,4243456
1558131038,3620864
1558131039,4300800
1558131040,3555328
1558131041,4227072
1558131042,3579904
1558131043,4284416
1558131044,3547136
1558131045,4259840
1558131046,3538944
1558131047,4300800
1558131048,3670016
1558131049,4317184
1558131050,3719168
1558131051,4366336
1558131052,3530752
1558131053,4308992
1558131054,3710976
1558131055,4349952
1558131056,3538944
1558131057,4292608
1558131058,3555328
1558131059,4276224
1558131060,3571712
1558131061,4317184
1558131062,3563520
1558131063,4268032
1558131064,3514368
1558131065,4292608
1558131066,3645440
1558131067,4292608
1558131068,3530752
1558131069,4300800
1558131070,3596288
1558131071,4259840
1558131072,3547136
1558131073,4194304
1558131074,3538944
1558131075,4251648
1558131076,3571712
1558131077,4259840
1558131078,3629056
1558131079,4333568
1558131080,3547136
1558131081,4317184
1558131082,3719168
1558131083,4366336
1558131084,3596288
1558131085,4284416
1558131086,3596288
1558131087,4268032
1558131088,3653632
1558131089,4325376
1558131090,3596288
1558131091,4292608
1558131092,3506176
1558131093,4218880
1558131094,3497984
1558131095,4227072
1558131096,3629056
1558131097,4284416
1558131098,3522560
1558131099,4186112
1558131100,3620864
1558131101,4325376
1558131102,3579904
1558131103,4358144
1558131104,3588096
1558131105,4268032
1558131106,3620864
1558131107,4243456
1558131108,3497984
1558131109,4243456
1558131110,3571712
1558131111,4308992
1558131112,3571712
1558131113,4333568
1558131114,3588096
1558131115,4333568
1558131116,3629056
1558131117,4276224
1558131118,3555328
1558131119,4218880
1558131120,3579904
1558131121,4333568
1558131122,3645440
1558131123,4300800
1558131124,3670016
1558131125,4325376
1558131126,3522560
1558131127,4284416
1558131128,3604480
1558131129,4235264
1558131130,3579904
1558131131,4251648
1558131132,3579904
1558131133,4292608
1558131134,3579904
1558131135,4276224
1558131136,3637248
1558131137,4292608
1558131138,3522560
1558131139,4259840
1558131140,3629056
1558131141,4308992
1558131142,3620864
1558131143,4292608
1558131144,3563520
1558131145,4317184
1558131146,3547136
1558131147,4243456
1558131148,3604480
1558131149,4268032
1558131150,3620864
1558131151,4276224
1558131152,3596288
1558131153,4268032
1558131154,3530752
1558131155,4284416
1558131156,3686400
1558131157,4374528
1558131158,3555328
1558131159,4308992
1558131160,3645440
1558131161,4300800
1558131162,3719168
1558131163,4333568
1558131164,3670016
1558131165,4300800
1558131166,3522560
1558131167,4243456
1558131168,3579904
1558131169,4259840
1558131170,3571712
1558131171,4284416
1558131172,3563520
1558131173,4268032
1558131174,3588096
1558131175,4276224
1558131176,3686400
1558131177,4358144
1558131178,3620864
1558131179,4300800
1558131180,3489792
1558131181,4259840
1558131182,3612672
1558131183,4251648
1558131184,3571712
1558131185,4259840
1558131186,3612672
1558131187,4210688
1558131188,3563520
1558131189,4276224
1558131190,3506176
1558131191,4300800
1558131192,3506176
1558131193,4292608
1558131194,3522560
1558131195,4268032
1558131196,3506176
1558131197,4235264
1558131198,3579904
1558131199,4259840
1558131200,3604480
1558131201,4235264
1558131202,3530752
1558131203,4218880
1558131204,3612672
1558131205,4292608
1558131206,3555328
1558131207,4243456
1558131208,3596288
1558131209,4292608
1558131210,3653632
1558131211,4341760
1558131212,3530752
1558131213,4276224
1558131214,3579904
1558131215,4243456
1558131216,3457024
1558131217,4218880
1558131218,3612672
1558131219,4268032
1558131220,3473408
1558131221,4218880
1558131222,3522560
1558131223,4186112
1558131224,3596288
1558131225,4243456
1558131226,3538944
1558131227,4227072
1558131228,3563520
1558131229,4218880
1558131230,3497984
1558131231,4227072
1558131232,3514368
1558131233,4243456
1558131234,3547136
1558131235,4243456
1558131236,3538944
1558131237,4218880
1558131238,3555328
1558131239,4210688
1558131240,3481600
1558131241,4235264
1558131242,3727360
1558131243,4415488
1558131244,3571712
1558131245,4325376
1558131246,3448832
1558131247,4235264
1558131248,3481600
1558131249,4276224
1558131250,3514368
1558131251,4243456
1558131252,3514368
1558131253,4276224
1558131254,3555328
1558131255,4227072
1558131256,3514368
1558131257,4177920
1558131258,3571712
1558131259,4243456
1558131260,3530752
1558131261,4235264
1558131262,3497984
1558131263,4210688
1558131264,3629056
1558131265,4317184
1558131266,3514368
1558131267,4276224
1558131268,3588096
1558131269,4276224
1558131270,3612672
1558131271,4259840
1558131272,3538944
1558131273,4227072
1558131274,3547136
1558131275,4227072
1558131276,3571712
1558131277,4218880
1558131278,3612672
1558131279,4317184
1558131280,3563520
1558131281,4268032
1558131282,3547136
1558131283,4218880
1558131284,3571712
1558131285,4227072
1558131286,3645440
1558131287,4284416
1558131288,3604480
1558131289,4300800
1558131290,3538944
1558131291,4300800
1558131292,3497984
1558131293,4235264
1558131294,3571712
1558131295,4349952
1558131296,3596288
1558131297,4259840
1558131298,3629056
1558131299,4358144
1558131300,3530752
1558131301,4308992
1558131302,3547136
1558131303,4251648
1558131304,3571712
1558131305,4251648
1558131306,3596288
1558131307,4349952
1558131308,3620864
1558131309,4268032
1558131310,3653632
1558131311,4317184
1558131312,3670016
1558131313,4308992
1558131314,3637248
1558131315,4292608
1558131316,3522560
1558131317,4292608
1558131318,3645440
1558131319,4300800
1558131320,3579904
1558131321,4317184
1558131322,3489792
1558131323,4325376
1558131324,3555328
1558131325,4300800
1558131326,3645440
1558131327,4300800
1558131328,3620864
1558131329,4251648
1558131330,3563520
1558131331,4292608
1558131332,3530752
1558131333,4308992
1558131334,3596288
1558131335,4284416
1558131336,3579904
1558131337,4292608
1558131338,3629056
1558131339,4300800
1558131340,3571712
1558131341,4308992
1558131342,3538944
1558131343,4276224
1558131344,3571712
1558131345,4218880
1558131346,3522560
1558131347,4235264
1558131348,3514368
1558131349,4259840
1558131350,3481600
1558131351,4186112
1558131352,3620864
1558131353,4292608
1558131354,3596288
1558131355,4251648
1558131356,3506176
1558131357,4227072
1558131358,3538944
1558131359,4243456
1558131360,3555328
1558131361,4268032
1558131362,3596288
1558131363,4259840
1558131364,3481600
1558131365,4317184
1558131366,3653632
1558131367,4292608
1558131368,3612672
1558131369,4300800
1558131370,3555328
1558131371,4325376
1558131372,3604480
1558131373,4333568
1558131374,3571712
1558131375,4284416
1558131376,3571712
1558131377,4243456
1558131378,3530752
1558131379,4251648
1558131380,3661824
1558131381,4358144
1558131382,3538944
1558131383,4325376
1558131384,3596288
1558131385,4341760
1558131386,3678208
1558131387,4374528
1558131388,3612672
1558131389,4292608
1558131390,3579904
1558131391,4358144
1558131392,3571712
1558131393,4276224
1558131394,3530752
1558131395,4268032
1558131396,3678208
1558131397,4308992
1558131398,3604480
1558131399,4325376
1558131400,3563520
1558131401,4341760
1558131402,3612672
1558131403,4349952
1558131404,3653632
1558131405,4366336
1558131406,3612672
1558131407,4284416
1558131408,3620864
1558131409,4317184
1558131410,3670016
1558131411,4308992
1558131412,3579904
1558131413,4308992
1558131414,3555328
1558131415,4325376
1558131416,3653632
1558131417,4300800
1558131418,3563520
1558131419,4341760
1558131420,3530752
1558131421,4292608
1558131422,3522560
1558131423,4308992
1558131424,3637248
1558131425,4325376
1558131426,3571712
1558131427,4325376
1558131428,3547136
1558131429,4341760
1558131430,3637248
1558131431,4349952
1558131432,3579904
1558131433,4268032
1558131434,3694592
1558131435,4349952
1558131436,3596288
1558131437,4284416
1558131438,3555328
1558131439,4268032
1558131440,3678208
1558131441,4382720
1558131442,3612672
1558131443,4358144
1558131444,3497984
1558131445,4251648
1558131446,3629056
1558131447,4308992
1558131448,3555328
1558131449,4333568
1558131450,3530752
1558131451,4308992
1558131452,3538944
1558131453,4292608
1558131454,3596288
1558131455,4308992
1558131456,3629056
1558131457,4333568
1558131458,3579904
1558131459,4284416
1558131460,3547136
1558131461,4243456
1558131462,3612672
1558131463,4292608
1558131464,3514368
1558131465,4202496
1558131466,3571712
1558131467,4276224
1558131468,3538944
1558131469,4341760
1558131470,3530752
1558131471,4317184
1558131472,3497984
1558131473,4227072
1558131474,3645440
1558131475,4308992
1558131476,3555328
1558131477,4276224
1558131478,3588096
1558131479,4259840
1558131480,3645440
1558131481,4259840
1558131482,3612672
1558131483,4276224
1558131484,3604480
1558131485,4259840
1558131486,3530752
1558131487,4243456
1558131488,3571712
1558131489,4251648
1558131490,3629056
1558131491,4276224
1558131492,3563520
1558131493,4227072
1558131494,3612672
1558131495,4268032
1558131496,3555328
1558131497,4210688
1558131498,3530752
1558131499,4227072
1558131500,3530752
1558131501,4210688
1558131502,3563520
1558131503,4218880
1558131504,3612672
1558131505,4284416
1558131506,3555328
1558131507,4292608
1558131508,3604480
1558131509,4366336
1558131510,3522560
1558131511,4300800
1558131512,3563520
1558131513,4300800
1558131514,3538944
1558131515,4259840
1558131516,3563520
1558131517,4325376
1558131518,3538944
1558131519,4333568
1558131520,3563520
1558131521,4300800
1558131522,3629056
1558131523,4284416
1558131524,3637248
1558131525,4300800
1558131526,3555328
1558131527,4349952
1558131528,3604480
1558131529,4317184
1558131530,3547136
1558131531,4358144
1558131532,3538944
1558131533,4317184
1558131534,3547136
1558131535,4317184
1558131536,3522560
1558131537,4227072
1558131538,3530752
1558131539,4276224
1558131540,3555328
1558131541,4292608
1558131542,3588096
1558131543,4251648
1558131544,3579904
1558131545,4243456
1558131546,3530752
1558131547,4292608
1558131548,3555328
1558131549,4251648
1558131550,3612672
1558131551,4284416
1558131552,3596288
1558131553,4317184
1558131554,3506176
1558131555,4259840
1558131556,3588096
1558131557,4276224
1558131558,3579904
1558131559,4284416
1558131560,3620864
1558131561,4325376
1558131562,3555328
1558131563,4366336
1558131564,3522560
1558131565,4268032
1558131566,3506176
1558131567,4251648
1558131568,3670016
1558131569,4284416
1558131570,3661824
1558131571,4284416
1558131572,3629056
1558131573,4251648
1558131574,3506176
1558131575,4194304
1558131576,3547136
1558131577,4227072
1558131578,3563520
1558131579,4292608
1558131580,3506176
1558131581,4243456
1558131582,3620864
1558131583,4308992
1558131584,3620864
1558131585,4300800
1558131586,3686400
1558131587,4292608
1558131588,3522560
1558131589,4292608
1558131590,3538944
1558131591,4284416
1558131592,3588096
1558131593,4292608
1558131594,3489792
1558131595,4259840
1558131596,3555328
1558131597,4284416
1558131598,3637248
1558131599,4300800
1558131600,3620864
1558131601,4300800
1558131602,3571712
1558131603,4284416
1558131604,3522560
1558131605,4292608
1558131606,3629056
1558131607,4308992
1558131608,3604480
1558131609,4341760
1558131610,3563520
1558131611,4366336
1558131612,3661824
1558131613,4333568
1558131614,3637248
1558131615,4308992
1558131616,3629056
1558131617,4284416
1558131618,3710976
1558131619,4390912
1558131620,3514368
1558131621,4251648
1558131622,3579904
1558131623,4268032
1558131624,3555328
1558131625,4308992
1558131626,3612672
1558131627,4325376
1558131628,3588096
1558131629,4284416
1558131630,3555328
1558131631,4292608
1558131632,3694592
1558131633,4382720
1558131634,3555328
1558131635,4194304
1558131636,3547136
1558131637,4243456
1558131638,3653632
1558131639,4325376
1558131640,3612672
1558131641,4292608
1558131642,3563520
1558131643,4284416
1558131644,3653632
1558131645,4349952
1558131646,3588096
1558131647,4300800
1558131648,3588096
1558131649,4268032
1558131650,3604480
1558131651,4243456
1558131652,3604480
1558131653,4268032
1558131654,3497984
1558131655,4235264
1558131656,3629056
1558131657,4300800
1558131658,3743744
1558131659,4382720
1558131660,3579904
1558131661,4268032
1558131662,3563520
1558131663,4235264
1558131664,3563520
1558131665,4235264
1558131666,3555328
1558131667,4284416
1558131668,3522560
1558131669,4268032
1558131670,3506176
1558131671,4308992
1558131672,3563520
1558131673,4227072
1558131674,3637248
1558131675,4349952
1558131676,3620864
1558131677,4341760
1558131678,3588096
1558131679,4366336
1558131680,3530752
1558131681,4366336
1558131682,3604480
1558131683,4284416
1558131684,3637248
1558131685,4243456
1558131686,3653632
1558131687,4284416
1558131688,3579904
1558131689,4333568
1558131690,3465216
1558131691,4194304
1558131692,3686400
1558131693,4349952
1558131694,3661824
1558131695,4317184
1558131696,3547136
1558131697,4259840
1558131698,3522560
1558131699,4268032
1558131700,3571712
1558131701,4341760
1558131702,3497984
1558131703,4227072
1558131704,3579904
1558131705,4251648
1558131706,3563520
1558131707,4235264
1558131708,3555328
1558131709,4235264
1558131710,3686400
1558131711,4325376
1558131712,3653632
1558131713,4308992
1558131714,3629056
1558131715,4325376
1558131716,3694592
1558131717,4374528
1558131718,3588096
1558131719,4243456
1558131720,3506176
1558131721,4227072
1558131722,3661824
1558131723,4308992
1558131724,3579904
1558131725,4349952
1558131726,3555328
1558131727,4292608
1558131728,3653632
1558131729,4333568
1558131730,3645440
1558131731,4317184
1558131732,3571712
1558131733,4210688
1558131734,3612672
1558131735,4284416
1558131736,3645440
1558131737,4259840
1558131738,3481600
1558131739,4268032
1558131740,3563520
1558131741,4300800
1558131742,3522560
1558131743,4251648
1558131744,3547136
1558131745,4349952
1558131746,3596288
1558131747,4341760
1558131748,3612672
1558131749,4276224
1558131750,3596288
1558131751,4243456
1558131752,3547136
1558131753,4300800
1558131754,3702784
1558131755,4390912
1558131756,3629056
1558131757,4325376
1558131758,3555328
1558131759,4284416
1558131760,3514368
1558131761,4259840
1558131762,3596288
1558131763,4317184
1558131764,3547136
1558131765,4259840
1558131766,3481600
1558131767,4210688
1558131768,3571712
1558131769,4243456
1558131770,3563520
1558131771,4227072
1558131772,3596288
1558131773,4276224
1558131774,3629056
1558131775,4292608
1558131776,3563520
1558131777,4259840
1558131778,3588096
1558131779,4259840
1558131780,3653632
1558131781,4259840
1558131782,3530752
1558131783,4292608
1558131784,3620864
1558131785,4268032
1558131786,3522560
1558131787,4227072
1558131788,3596288
1558131789,4292608
1558131790,3588096
1558131791,4259840
1558131792,3538944
1558131793,4268032
1558131794,3538944
1558131795,4276224
1558131796,3596288
1558131797,4308992
1558131798,3596288
1558131799,4268032
1558131800,3563520
1558131801,4300800
1558131802,3604480
1558131803,4317184
1558131804,3645440
1558131805,4341760
1558131806,3489792
1558131807,4243456
1558131808,3645440
1558131809,4235264
1558131810,3670016
1558131811,4325376
1558131812,3457024
1558131813,4243456
1558131814,3530752
1558131815,4243456
1558131816,3670016
1558131817,4317184
1558131818,3530752
1558131819,4284416
1558131820,3563520
1558131821,4333568
1558131822,3530752
1558131823,4251648
1558131824,3522560
1558131825,4235264
1558131826,3670016
1558131827,4349952
1558131828,3522560
1558131829,4268032
1558131830,3661824
1558131831,4292608
1558131832,3497984
1558131833,4218880
1558131834,3522560
1558131835,4292608
1558131836,3489792
1558131837,4194304
1558131838,3588096
1558131839,4308992
1558131840,3538944
1558131841,4259840
1558131842,3489792
1558131843,4202496
1558131844,3489792
1558131845,4202496
1558131846,3563520
1558131847,4284416
1558131848,3522560
1558131849,4325376
1558131850,3489792
1558131851,4235264
1558131852,3588096
1558131853,4268032
1558131854,3530752
1558131855,4259840
1558131856,3547136
1558131857,4308992
1558131858,3579904
1558131859,4325376
1558131860,3514368
1558131861,4284416
1558131862,3645440
1558131863,4308992
1558131864,3538944
1558131865,4251648
1558131866,3563520
1558131867,4341760
1558131868,3497984
1558131869,4284416
1558131870,3555328
1558131871,4284416
1558131872,3506176
1558131873,4227072
1558131874,3588096
1558131875,4259840
1558131876,3563520
1558131877,4235264
1558131878,3538944
1558131879,4210688
1558131880,3538944
1558131881,4268032
1558131882,3506176
1558131883,4292608
1558131884,3432448
1558131885,4243456
1558131886,3555328
1558131887,4259840
1558131888,3547136
1558131889,4243456
1558131890,3686400
1558131891,4317184
1558131892,3547136
1558131893,4259840
1558131894,3563520
1558131895,4284416
1558131896,3579904
1558131897,4259840
1558131898,3579904
1558131899,4284416
1558131900,3547136
1558131901,4317184
1558131902,3547136
1558131903,4218880
1558131904,3522560
1558131905,4243456
1558131906,3579904
1558131907,4268032
1558131908,3579904
1558131909,4243456
1558131910,3538944
1558131911,4243456
1558131912,3547136
1558131913,4300800
1558131914,3547136
1558131915,4243456
1558131916,3596288
1558131917,4300800
1558131918,3735552
1558131919,4390912
1558131920,3538944
1558131921,4251648
1558131922,3596288
1558131923,4251648
1558131924,3629056
1558131925,4276224
1558131926,3563520
1558131927,4202496
1558131928,3588096
1558131929,4259840
1558131930,3506176
1558131931,4194304
1558131932,3547136
1558131933,4292608
1558131934,3620864
1558131935,4284416
1558131936,3563520
1558131937,4243456
1558131938,3751936
1558131939,4366336
1558131940,3596288
1558131941,4276224
1558131942,3563520
1558131943,4227072
1558131944,3710976
1558131945,4382720
1558131946,3629056
1558131947,4268032
1558131948,3645440
1558131949,4308992
1558131950,3653632
1558131951,4308992
1558131952,3571712
1558131953,4300800
1558131954,3579904
1558131955,4284416
1558131956,3596288
1558131957,4259840
1558131958,3555328
1558131959,4300800
1558131960,3514368
1558131961,4243456
1558131962,3645440
1558131963,4349952
1558131964,3637248
1558131965,4276224
1558131966,3579904
1558131967,4333568
1558131968,3538944
1558131969,4243456
1558131970,3604480
1558131971,4251648
1558131972,3678208
1558131973,4341760
1558131974,3497984
1558131975,4308992
1558131976,3579904
1558131977,4325376
1558131978,3563520
1558131979,4341760
1558131980,3596288
1558131981,4292608
1558131982,3571712
1558131983,4325376
1558131984,3694592
1558131985,4390912
1558131986,3538944
1558131987,4349952
1558131988,3489792
1558131989,4243456
1558131990,3612672
1558131991,4259840
1558131992,3588096
1558131993,4259840
1558131994,3547136
1558131995,4243456
1558131996,3563520
1558131997,4227072
1558131998,3473408
1558131999,4243456
1558132000,3547136
1558132001,4243456
1558132002,3563520
1558132003,4333568
1558132004,3563520
1558132005,4300800
1558132006,3555328
1558132007,4259840
1558132008,3620864
1558132009,4268032
1558132010,3629056
1558132011,4358144
1558132012,3497984
1558132013,4251648
1558132014,3612672
1558132015,4308992
1558132016,3661824
1558132017,4374528
1558132018,3604480
1558132019,4268032
1558132020,3588096
1558132021,4243456
1558132022,3514368
1558132023,4292608
1558132024,3661824
1558132025,4317184
1558132026,3596288
1558132027,4276224
1558132028,3555328
1558132029,4235264
1558132030,3629056
1558132031,4259840
1558132032,3637248
1558132033,4251648
1558132034,3620864
1558132035,4292608
1558132036,3555328
1558132037,4308992
1558132038,3579904
1558132039,4308992
1558132040,3612672
1558132041,4325376
1558132042,3629056
1558132043,4308992
1558132044,3514368
1558132045,4251648
1558132046,3596288
1558132047,4292608
1558132048,3596288
1558132049,4333568
1558132050,3702784
1558132051,4341760
1558132052,3604480
1558132053,4284416
1558132054,3547136
1558132055,4259840
1558132056,3538944
1558132057,4300800
1558132058,3612672
1558132059,4325376
1558132060,3497984
1558132061,4243456
1558132062,3547136
1558132063,4227072
1558132064,3588096
1558132065,4268032
1558132066,3538944
1558132067,4218880
1558132068,3588096
1558132069,4300800
1558132070,3571712
1558132071,4333568
1558132072,3555328
1558132073,4276224
1558132074,3604480
1558132075,4268032
1558132076,3506176
1558132077,4259840
1558132078,3645440
1558132079,4300800
1558132080,3653632
1558132081,4268032
1558132082,3612672
1558132083,4341760
1558132084,3670016
1558132085,4358144
1558132086,3678208
1558132087,4366336
1558132088,3645440
1558132089,4366336
1558132090,3620864
1558132091,4317184
1558132092,3538944
1558132093,4292608
1558132094,3579904
1558132095,4243456
1558132096,3530752
1558132097,4268032
1558132098,3497984
1558132099,4210688
1558132100,3563520
1558132101,4308992
1558132102,3719168
1558132103,4349952
1558132104,3563520
1558132105,4317184
1558132106,3612672
1558132107,4268032
1558132108,3612672
1558132109,4284416
1558132110,3506176
1558132111,4276224
1558132112,3481600
1558132113,4243456
1558132114,3547136
1558132115,4292608
1558132116,3497984
1558132117,4194304
1558132118,3489792
1558132119,4202496
1558132120,3563520
1558132121,4284416
1558132122,3555328
1558132123,4308992
1558132124,3497984
1558132125,4251648
1558132126,3661824
1558132127,4292608
1558132128,3645440
1558132129,4292608
1558132130,3588096
1558132131,4308992
1558132132,3514368
1558132133,4251648
1558132134,3555328
1558132135,4259840
1558132136,3555328
1558132137,4284416
1558132138,3620864
1558132139,4284416
1558132140,3686400
1558132141,4308992
1558132142,3645440
1558132143,4284416
1558132144,3563520
1558132145,4349952
1558132146,3727360
1558132147,4390912
1558132148,3588096
1558132149,4374528
1558132150,3604480
1558132151,4333568
1558132152,3579904
1558132153,4259840
1558132154,3538944
1558132155,4186112
1558132156,3571712
1558132157,4308992
1558132158,3620864
1558132159,4325376
1558132160,3596288
1558132161,4284416
1558132162,3596288
1558132163,4349952
1558132164,3563520
1558132165,4349952
1558132166,3727360
1558132167,4399104
1558132168,3596288
1558132169,4300800
1558132170,3555328
1558132171,4325376
1558132172,3596288
1558132173,4227072
1558132174,3588096
1558132175,4194304
1558132176,3530752
1558132177,4276224
1558132178,3530752
1558132179,4325376
1558132180,3588096
1558132181,4276224
1558132182,3596288
1558132183,4235264
1558132184,3522560
1558132185,4235264
1558132186,3645440
1558132187,4276224
1558132188,3604480
1558132189,4268032
1558132190,3555328
1558132191,4325376
1558132192,3637248
1558132193,4300800
1558132194,3579904
1558132195,4227072
1558132196,3506176
1558132197,4235264
1558132198,3678208
1558132199,4292608
1558132200,3637248
1558132201,4251648
1558132202,3620864
1558132203,4292608
1558132204,3530752
1558132205,4235264
1558132206,3547136
1558132207,4284416
1558132208,3538944
1558132209,4268032
1558132210,3547136
1558132211,4276224
1558132212,3579904
1558132213,4325376
1558132214,3588096
1558132215,4325376
1558132216,3555328
1558132217,4325376
1558132218,3588096
1558132219,4366336
1558132220,3473408
1558132221,4243456
1558132222,3629056
1558132223,4251648
1558132224,3629056
1558132225,4292608
1558132226,3538944
1558132227,4194304
1558132228,3506176
1558132229,4284416
1558132230,3678208
1558132231,4341760
1558132232,3489792
1558132233,4276224
1558132234,3579904
1558132235,4284416
1558132236,3637248
1558132237,4308992
1558132238,3571712
1558132239,4243456
1558132240,3579904
1558132241,4292608
1558132242,3530752
1558132243,4292608
1558132244,3506176
1558132245,4292608
1558132246,3612672
1558132247,4358144
1558132248,3670016
1558132249,4325376
1558132250,3686400
1558132251,4423680
1558132252,3620864
1558132253,4308992
1558132254,3645440
1558132255,4325376
1558132256,3661824
1558132257,4358144
1558132258,3620864
1558132259,4382720
1558132260,3571712
1558132261,4292608
1558132262,3547136
1558132263,4227072
1558132264,3661824
1558132265,4341760
1558132266,3653632
1558132267,4284416
1558132268,3547136
1558132269,4268032
1558132270,3489792
1558132271,4235264
1558132272,3563520
1558132273,4210688
1558132274,3555328
1558132275,4227072
1558132276,3506176
1558132277,4218880
1558132278,3563520
1558132279,4308992
1558132280,3530752
1558132281,4251648
1558132282,3612672
1558132283,4284416
1558132284,3522560
1558132285,4259840
1558132286,3465216
1558132287,4292608
1558132288,3473408
1558132289,4194304
1558132290,3579904
1558132291,4300800
1558132292,3645440
1558132293,4276224
1558132294,3571712
1558132295,4235264
1558132296,3538944
1558132297,4227072
1558132298,3571712
1558132299,4284416
1558132300,3489792
1558132301,4259840
1558132302,3588096
1558132303,4341760
1558132304,3497984
1558132305,4308992
1558132306,3547136
1558132307,4284416
1558132308,3596288
1558132309,4333568
1558132310,3538944
1558132311,4341760
1558132312,3522560
1558132313,4317184
1558132314,3530752
1558132315,4243456
1558132316,3506176
1558132317,4284416
1558132318,3620864
1558132319,4292608
1558132320,3612672
1558132321,4243456
1558132322,3555328
1558132323,4251648
1558132324,3547136
1558132325,4210688
1558132326,3596288
1558132327,4210688
1558132328,3506176
1558132329,4268032
1558132330,3563520
1558132331,4292608
1558132332,3547136
1558132333,4259840
1558132334,3694592
1558132335,4308992
1558132336,3588096
1558132337,4243456
1558132338,3629056
1558132339,4341760
1558132340,3522560
1558132341,4218880
1558132342,3563520
1558132343,4243456
1558132344,3579904
1558132345,4308992
1558132346,3547136
1558132347,4259840
1558132348,3604480
1558132349,4333568
1558132350,3710976
1558132351,4349952
1558132352,3620864
1558132353,4284416
1558132354,3538944
1558132355,4284416
1558132356,3489792
1558132357,4268032
1558132358,3661824
1558132359,4349952
1558132360,3629056
1558132361,4268032
1558132362,3629056
1558132363,4317184
1558132364,3612672
1558132365,4227072
1558132366,3547136
1558132367,4341760
1558132368,3547136
1558132369,4317184
1558132370,3514368
1558132371,4292608
1558132372,3694592
1558132373,4366336
1558132374,3588096
1558132375,4308992
1558132376,3522560
1558132377,4259840
1558132378,3588096
1558132379,4268032
1558132380,3555328
1558132381,4349952
1558132382,3571712
1558132383,4243456
1558132384,3670016
1558132385,4317184
1558132386,3629056
1558132387,4341760
1558132388,3612672
1558132389,4284416
1558132390,3538944
1558132391,4300800
1558132392,3620864
1558132393,4292608
1558132394,3670016
1558132395,4333568
1558132396,3547136
1558132397,4243456
1558132398,3661824
1558132399,4358144
1558132400,3538944
1558132401,4317184
1558132402,3497984
1558132403,4218880
1558132404,3694592
1558132405,4341760
1558132406,3702784
1558132407,4317184
1558132408,3563520
1558132409,4235264
1558132410,3604480
1558132411,4284416
1558132412,3571712
1558132413,4366336
1558132414,3604480
1558132415,4308992
1558132416,3588096
1558132417,4268032
1558132418,3547136
1558132419,4284416
1558132420,3670016
1558132421,4333568
1558132422,3678208
1558132423,4366336
1558132424,3645440
1558132425,4358144
1558132426,3547136
1558132427,4276224
1558132428,3563520
1558132429,4349952
1558132430,3497984
1558132431,4292608
1558132432,3686400
1558132433,4349952
1558132434,3563520
1558132435,4317184
1558132436,3530752
1558132437,4349952
1558132438,3538944
1558132439,4284416
1558132440,3522560
1558132441,4276224
1558132442,3571712
1558132443,4268032
1558132444,3571712
1558132445,4276224
1558132446,3579904
1558132447,4317184
1558132448,3596288
1558132449,4333568
1558132450,3653632
1558132451,4276224
1558132452,3530752
1558132453,4259840
1558132454,3604480
1558132455,4259840
1558132456,3588096
1558132457,4259840
1558132458,3694592
1558132459,4333568
1558132460,3612672
1558132461,4325376
1558132462,3497984
1558132463,4308992
1558132464,3588096
1558132465,4308992
1558132466,3547136
1558132467,4317184
1558132468,3497984
1558132469,4276224
1558132470,3547136
1558132471,4284416
1558132472,3555328
1558132473,4243456
1558132474,3530752
1558132475,4251648
1558132476,3620864
1558132477,4268032
1558132478,3596288
1558132479,4333568
1558132480,3661824
1558132481,4374528
1558132482,3637248
1558132483,4358144
1558132484,3547136
1558132485,4227072
1558132486,3497984
1558132487,4243456
1558132488,3743744
1558132489,4399104
1558132490,3555328
1558132491,4284416
1558132492,3563520
1558132493,4259840
1558132494,3596288
1558132495,4325376
1558132496,3547136
1558132497,4358144
1558132498,3579904
1558132499,4308992
1558132500,3612672
1558132501,4308992
1558132502,3538944
1558132503,4325376
1558132504,3514368
1558132505,4268032
1558132506,3530752
1558132507,4268032
1558132508,3670016
1558132509,4308992
1558132510,3653632
1558132511,4308992
1558132512,3522560
1558132513,4235264
1558132514,3670016
1558132515,4358144
1558132516,3653632
1558132517,4366336
1558132518,3604480
1558132519,4292608
1558132520,3522560
1558132521,4317184
1558132522,3596288
1558132523,4251648
1558132524,3604480
1558132525,4317184
1558132526,3702784
1558132527,4399104
1558132528,3612672
1558132529,4308992
1558132530,3620864
1558132531,4284416
1558132532,3702784
1558132533,4382720
1558132534,3530752
1558132535,4292608
1558132536,3686400
1558132537,4374528
1558132538,3653632
1558132539,4317184
1558132540,3530752
1558132541,4284416
1558132542,3571712
1558132543,4218880
1558132544,3563520
1558132545,4251648
1558132546,3571712
1558132547,4366336
1558132548,3637248
1558132549,4390912
1558132550,3506176
1558132551,4268032
1558132552,3620864
1558132553,4251648
1558132554,3588096
1558132555,4243456
1558132556,3522560
1558132557,4259840
1558132558,3653632
1558132559,4349952
1558132560,3645440
1558132561,4358144
1558132562,3506176
1558132563,4251648
1558132564,3563520
1558132565,4259840
1558132566,3571712
1558132567,4243456
1558132568,3547136
1558132569,4325376
1558132570,3579904
1558132571,4284416
1558132572,3579904
1558132573,4243456
1558132574,3571712
1558132575,4276224
1558132576,3571712
1558132577,4276224
1558132578,3530752
1558132579,4268032
1558132580,3571712
1558132581,4308992
1558132582,3637248
1558132583,4292608
1558132584,3579904
1558132585,4243456
1558132586,3604480
1558132587,4300800
1558132588,3596288
1558132589,4284416
1558132590,3735552
1558132591,4407296
1558132592,3629056
1558132593,4382720
1558132594,3506176
1558132595,4341760
1558132596,3604480
1558132597,4325376
1558132598,3645440
1558132599,4325376
1558132600,3719168
1558132601,4358144
1558132602,3514368
1558132603,4251648
1558132604,3588096
1558132605,4284416
1558132606,3637248
1558132607,4308992
1558132608,3588096
1558132609,4341760
1558132610,3497984
1558132611,4292608
1558132612,3538944
1558132613,4292608
1558132614,3555328
1558132615,4317184
1558132616,3678208
1558132617,4276224
1558132618,3596288
1558132619,4317184
1558132620,3678208
1558132621,4308992
1558132622,3563520
1558132623,4358144
1558132624,3579904
1558132625,4341760
1558132626,3653632
1558132627,4325376
1558132628,3661824
1558132629,4284416
1558132630,3629056
1558132631,4284416
1558132632,3612672
1558132633,4284416
1558132634,3604480
1558132635,4251648
1558132636,3555328
1558132637,4243456
1558132638,3522560
1558132639,4268032
1558132640,3571712
1558132641,4292608
1558132642,3579904
1558132643,4300800
1558132644,3547136
1558132645,4300800
1558132646,3678208
1558132647,4382720
1558132648,3530752
1558132649,4251648
1558132650,3588096
1558132651,4317184
1558132652,3563520
1558132653,4325376
1558132654,3588096
1558132655,4284416
1558132656,3604480
1558132657,4276224
1558132658,3571712
1558132659,4325376
1558132660,3538944
1558132661,4259840
1558132662,3686400
1558132663,4407296
1558132664,3629056
1558132665,4325376
1558132666,3555328
1558132667,4284416
1558132668,3727360
1558132669,4349952
1558132670,3637248
1558132671,4341760
1558132672,3579904
1558132673,4399104
1558132674,3588096
1558132675,4382720
1558132676,3596288
1558132677,4358144
1558132678,3620864
1558132679,4382720
1558132680,3604480
1558132681,4292608
1558132682,3612672
1558132683,4284416
1558132684,3514368
1558132685,4202496
1558132686,3571712
1558132687,4227072
1558132688,3547136
1558132689,4235264
1558132690,3514368
1558132691,4276224
1558132692,3538944
1558132693,4308992
1558132694,3522560
1558132695,4259840
1558132696,3538944
1558132697,4210688
1558132698,3588096
1558132699,4284416
1558132700,3555328
1558132701,4210688
1558132702,3497984
1558132703,4276224
1558132704,3530752
1558132705,4210688
1558132706,3637248
1558132707,4284416
1558132708,3563520
1558132709,4251648
1558132710,3547136
1558132711,4227072
1558132712,3678208
1558132713,4308992
1558132714,3637248
1558132715,4349952
1558132716,3571712
1558132717,4284416
1558132718,3547136
1558132719,4292608
1558132720,3391488
1558132721,4169728
1558132722,3579904
1558132723,4268032
1558132724,3497984
1558132725,4308992
1558132726,3579904
1558132727,4276224
1558132728,3579904
1558132729,4276224
1558132730,3571712
1558132731,4243456
1558132732,3645440
1558132733,4292608
1558132734,3530752
1558132735,4251648
1558132736,3497984
1558132737,4227072
1558132738,3637248
1558132739,4308992
1558132740,3588096
1558132741,4284416
1558132742,3514368
1558132743,4276224
1558132744,3522560
1558132745,4325376
1558132746,3506176
1558132747,4235264
1558132748,3686400
1558132749,4317184
1558132750,3629056
1558132751,4259840
1558132752,3629056
1558132753,4308992
1558132754,3596288
1558132755,4333568
1558132756,3612672
1558132757,4358144
1558132758,3604480
1558132759,4308992
1558132760,3522560
1558132761,4333568
1558132762,3579904
1558132763,4259840
1558132764,3514368
1558132765,4284416
1558132766,3547136
1558132767,4243456
1558132768,3522560
1558132769,4325376
1558132770,3588096
1558132771,4300800
1558132772,3596288
1558132773,4349952
1558132774,3538944
1558132775,4349952
1558132776,3530752
1558132777,4276224
1558132778,3489792
1558132779,4243456
1558132780,3538944
1558132781,4259840
1558132782,3530752
1558132783,4227072
1558132784,3497984
1558132785,4243456
1558132786,3571712
1558132787,4284416
1558132788,3620864
1558132789,4292608
1558132790,3588096
1558132791,4259840
1558132792,3555328
1558132793,4284416
1558132794,3588096
1558132795,4300800
1558132796,3645440
1558132797,4292608
1558132798,3555328
1558132799,4251648
1558132800,3629056
1558132801,4390912
1558132802,3653632
1558132803,4374528
1558132804,3645440
1558132805,4284416
1558132806,3530752
1558132807,4243456
1558132808,3661824
1558132809,4333568
1558132810,3588096
1558132811,4276224
1558132812,3702784
1558132813,4399104
1558132814,3522560
1558132815,4268032
1558132816,3604480
1558132817,4308992
1558132818,3530752
1558132819,4300800
1558132820,3538944
1558132821,4276224
1558132822,3604480
1558132823,4308992
1558132824,3694592
1558132825,4407296
1558132826,3579904
1558132827,4374528
1558132828,3522560
1558132829,4308992
1558132830,3612672
1558132831,4300800
1558132832,3547136
1558132833,4276224
1558132834,3604480
1558132835,4268032
1558132836,3678208
1558132837,4333568
1558132838,3604480
1558132839,4325376
1558132840,3596288
1558132841,4325376
1558132842,3538944
1558132843,4292608
1558132844,3547136
1558132845,4235264
1558132846,3653632
1558132847,4317184
1558132848,3555328
1558132849,4243456
1558132850,3653632
1558132851,4349952
1558132852,3588096
1558132853,4276224
1558132854,3522560
1558132855,4308992
1558132856,3522560
1558132857,4276224
1558132858,3612672
1558132859,4235264
1558132860,3637248
1558132861,4358144
1558132862,3530752
1558132863,4276224
1558132864,3686400
1558132865,4366336
1558132866,3629056
1558132867,4284416
1558132868,3596288
1558132869,4341760
1558132870,3694592
1558132871,4325376
1558132872,3645440
1558132873,4333568
1558132874,3514368
1558132875,4325376
1558132876,3588096
1558132877,4235264
1558132878,3596288
1558132879,4300800
1558132880,3506176
1558132881,4227072
1558132882,3637248
1558132883,4284416
1558132884,3538944
1558132885,4243456
1558132886,3547136
1558132887,4284416
1558132888,3489792
1558132889,4218880
1558132890,3620864
1558132891,4276224
1558132892,3645440
1558132893,4276224
1558132894,3604480
1558132895,4284416
1558132896,3547136
1558132897,4218880
1558132898,3563520
1558132899,4251648
1558132900,3547136
1558132901,4243456
1558132902,3645440
1558132903,4308992
1558132904,3571712
1558132905,4317184
1558132906,3604480
1558132907,4268032
1558132908,3571712
1558132909,4341760
1558132910,3604480
1558132911,4292608
1558132912,3653632
1558132913,4333568
1558132914,3620864
1558132915,4251648
1558132916,3547136
1558132917,4308992
1558132918,3514368
1558132919,4276224
1558132920,3547136
1558132921,4308992
1558132922,3547136
1558132923,4292608
1558132924,3555328
1558132925,4300800
1558132926,3547136
1558132927,4210688
1558132928,3629056
1558132929,4268032
1558132930,3719168
1558132931,4349952
1558132932,3629056
1558132933,4292608
1558132934,3563520
1558132935,4243456
1558132936,3448832
1558132937,4218880
1558132938,3678208
1558132939,4308992
1558132940,3596288
1558132941,4300800
1558132942,3596288
1558132943,4333568
1558132944,3588096
1558132945,4300800
1558132946,3465216
1558132947,4243456
1558132948,3670016
1558132949,4308992
1558132950,3661824
1558132951,4300800
1558132952,3538944
1558132953,4325376
1558132954,3596288
1558132955,4308992
1558132956,3612672
1558132957,4268032
1558132958,3506176
1558132959,4218880
1558132960,3530752
1558132961,4251648
1558132962,3694592
1558132963,4333568
1558132964,3547136
1558132965,4259840
1558132966,3620864
1558132967,4284416
1558132968,3604480
1558132969,4333568
1558132970,3514368
1558132971,4243456
1558132972,3596288
1558132973,4333568
1558132974,3571712
1558132975,4300800
1558132976,3547136
1558132977,4268032
1558132978,3571712
1558132979,4317184
1558132980,3530752
1558132981,4177920
1558132982,3686400
1558132983,4308992
1558132984,3547136
1558132985,4308992
1558132986,3547136
1558132987,4259840
1558132988,3678208
1558132989,4341760
1558132990,3653632
1558132991,4325376
1558132992,3637248
1558132993,4317184
1558132994,3661824
1558132995,4358144
1558132996,3538944
1558132997,4317184
1558132998,3596288
1558132999,4276224
1558133000,3588096
1558133001,4259840
1558133002,3702784
1558133003,4325376
1558133004,3497984
1558133005,4202496
1558133006,3637248
1558133007,4366336
1558133008,3489792
1558133009,4268032
1558133010,3563520
1558133011,4259840
1558133012,3571712
1558133013,4259840
1558133014,3506176
1558133015,4243456
1558133016,3522560
1558133017,4259840
1558133018,3497984
1558133019,4186112
1558133020,3588096
1558133021,4284416
1558133022,3588096
1558133023,4341760
1558133024,3547136
1558133025,4317184
1558133026,3694592
1558133027,4374528
1558133028,3522560
1558133029,4284416
1558133030,3645440
1558133031,4276224
1558133032,3563520
1558133033,4276224
1558133034,3571712
1558133035,4268032
1558133036,3547136
1558133037,4308992
1558133038,3514368
1558133039,4259840
1558133040,3563520
1558133041,4300800
1558133042,3653632
1558133043,4317184
1558133044,3530752
1558133045,4284416
1558133046,3604480
1558133047,4276224
1558133048,3538944
1558133049,4341760
1558133050,3629056
1558133051,4276224
1558133052,3547136
1558133053,4317184
1558133054,3563520
1558133055,4341760
1558133056,3563520
1558133057,4308992
1558133058,3604480
1558133059,4292608
1558133060,3547136
1558133061,4292608
1558133062,3563520
1558133063,4227072
1558133064,3661824
1558133065,4341760
1558133066,3497984
1558133067,4210688
1558133068,3620864
1558133069,4259840
1558133070,3579904
1558133071,4268032
1558133072,3604480
1558133073,4276224
1558133074,3670016
1558133075,4325376
1558133076,3596288
1558133077,4268032
1558133078,3653632
1558133079,4325376
1558133080,3612672
1558133081,4284416
1558133082,3620864
1558133083,4325376
1558133084,3506176
1558133085,4243456
1558133086,3530752
1558133087,4243456
1558133088,3530752
1558133089,4235264
1558133090,3629056
1558133091,4333568
1558133092,3579904
1558133093,4284416
1558133094,3538944
1558133095,4251648
1558133096,3604480
1558133097,4300800
1558133098,3670016
1558133099,4308992
1558133100,3538944
1558133101,4284416
1558133102,3620864
1558133103,4349952
1558133104,3538944
1558133105,4276224
1558133106,3596288
1558133107,4218880
1558133108,3497984
1558133109,4251648
1558133110,3596288
1558133111,4268032
1558133112,3563520
1558133113,4341760
1558133114,3538944
1558133115,4243456
1558133116,3670016
1558133117,4333568
1558133118,3694592
1558133119,4317184
1558133120,3686400
1558133121,4300800
1558133122,3596288
1558133123,4235264
1558133124,3555328
1558133125,4292608
1558133126,3670016
1558133127,4366336
1558133128,3571712
1558133129,4317184
1558133130,3629056
1558133131,4358144
1558133132,3620864
1558133133,4349952
1558133134,3596288
1558133135,4358144
1558133136,3481600
1558133137,4251648
1558133138,3710976
1558133139,4399104
1558133140,3563520
1558133141,4268032
1558133142,3678208
1558133143,4399104
1558133144,3579904
1558133145,4358144
1558133146,3629056
1558133147,4358144
1558133148,3530752
1558133149,4284416
1558133150,3563520
1558133151,4333568
1558133152,3547136
1558133153,4292608
1558133154,3645440
1558133155,4333568
1558133156,3588096
1558133157,4259840
1558133158,3710976
1558133159,4382720
1558133160,3555328
1558133161,4268032
1558133162,3579904
1558133163,4259840
1558133164,3538944
1558133165,4300800
1558133166,3563520
1558133167,4268032
1558133168,3571712
1558133169,4284416
1558133170,3588096
1558133171,4358144
1558133172,3571712
1558133173,4259840
1558133174,3620864
1558133175,4284416
1558133176,3555328
1558133177,4210688
1558133178,3620864
1558133179,4284416
1558133180,3571712
1558133181,4227072
1558133182,3653632
1558133183,4341760
1558133184,3563520
1558133185,4284416
1558133186,3538944
1558133187,4308992
1558133188,3596288
1558133189,4292608
1558133190,3653632
1558133191,4308992
1558133192,3588096
1558133193,4235264
1558133194,3547136
1558133195,4227072
1558133196,3604480
1558133197,4268032
1558133198,3563520
1558133199,4259840
1558133200,3563520
1558133201,4308992
1558133202,3579904
1558133203,4251648
1558133204,3637248
1558133205,4333568
1558133206,3506176
1558133207,4259840
1558133208,3645440
1558133209,4268032
1558133210,3645440
1558133211,4259840
1558133212,3637248
1558133213,4349952
1558133214,3686400
1558133215,4325376
1558133216,3571712
1558133217,4276224
1558133218,3530752
1558133219,4268032
1558133220,3678208
1558133221,4374528
1558133222,3596288
1558133223,4292608
1558133224,3481600
1558133225,4276224
1558133226,3588096
1558133227,4259840
1558133228,3588096
1558133229,4349952
1558133230,3506176
1558133231,4284416
1558133232,3629056
1558133233,4243456
1558133234,3743744
1558133235,4374528
1558133236,3571712
1558133237,4235264
1558133238,3612672
1558133239,4284416
1558133240,3571712
1558133241,4276224
1558133242,3555328
1558133243,4308992
1558133244,3514368
1558133245,4276224
1558133246,3579904
1558133247,4341760
1558133248,3612672
1558133249,4292608
1558133250,3538944
1558133251,4308992
1558133252,3538944
1558133253,4325376
1558133254,3620864
1558133255,4308992
1558133256,3588096
1558133257,4333568
1558133258,3735552
1558133259,4374528
1558133260,3645440
1558133261,4317184
1558133262,3612672
1558133263,4276224
1558133264,3571712
1558133265,4243456
1558133266,3555328
1558133267,4308992
1558133268,3563520
1558133269,4284416
1558133270,3514368
1558133271,4276224
1558133272,3530752
1558133273,4276224
1558133274,3604480
1558133275,4317184
1558133276,3563520
1558133277,4341760
1558133278,3538944
1558133279,4259840
1558133280,3637248
1558133281,4349952
1558133282,3670016
1558133283,4423680
1558133284,3530752
1558133285,4341760
1558133286,3547136
1558133287,4308992
1558133288,3555328
1558133289,4243456
1558133290,3702784
1558133291,4382720
1558133292,3555328
1558133293,4308992
1558133294,3457024
1558133295,4227072
1558133296,3555328
1558133297,4251648
1558133298,3563520
1558133299,4251648
1558133300,3555328
1558133301,4292608
1558133302,3506176
1558133303,4235264
1558133304,3530752
1558133305,4251648
1558133306,3563520
1558133307,4300800
1558133308,3522560
1558133309,4284416
1558133310,3661824
1558133311,4349952
1558133312,3637248
1558133313,4325376
1558133314,3522560
1558133315,4243456
1558133316,3686400
1558133317,4333568
1558133318,3555328
1558133319,4268032
1558133320,3473408
1558133321,4259840
1558133322,3538944
1558133323,4276224
1558133324,3653632
1558133325,4292608
1558133326,3604480
1558133327,4268032
1558133328,3571712
1558133329,4292608
1558133330,3604480
1558133331,4284416
1558133332,3538944
1558133333,4276224
1558133334,3555328
1558133335,4292608
1558133336,3653632
1558133337,4292608
1558133338,3579904
1558133339,4317184
1558133340,3522560
1558133341,4276224
1558133342,3555328
1558133343,4268032
1558133344,3497984
1558133345,4300800
1558133346,3571712
1558133347,4284416
1558133348,3555328
1558133349,4300800
1558133350,3547136
1558133351,4300800
1558133352,3588096
1558133353,4325376
1558133354,3489792
1558133355,4259840
1558133356,3653632
1558133357,4300800
1558133358,3620864
1558133359,4317184
1558133360,3555328
1558133361,4227072
1558133362,3629056
1558133363,4292608
1558133364,3604480
1558133365,4227072
1558133366,3514368
1558133367,4300800
1558133368,3620864
1558133369,4259840
1558133370,3596288
1558133371,4292608
1558133372,3661824
1558133373,4349952
1558133374,3661824
1558133375,4341760
1558133376,3604480
1558133377,4251648
1558133378,3489792
1558133379,4210688
1558133380,3563520
1558133381,4259840
1558133382,3588096
1558133383,4243456
1558133384,3579904
1558133385,4235264
1558133386,3653632
1558133387,4341760
1558133388,3506176
1558133389,4251648
1558133390,3547136
1558133391,4341760
1558133392,3637248
1558133393,4341760
1558133394,3522560
1558133395,4276224
1558133396,3629056
1558133397,4292608
1558133398,3563520
1558133399,4308992
1558133400,3489792
1558133401,4218880
1558133402,3489792
1558133403,4194304
1558133404,3612672
1558133405,4284416
1558133406,3473408
1558133407,4308992
1558133408,3686400
1558133409,4382720
1558133410,3612672
1558133411,4292608
1558133412,3457024
1558133413,4218880
1558133414,3522560
1558133415,4218880
1558133416,3612672
1558133417,4235264
1558133418,3645440
1558133419,4292608
1558133420,3530752
1558133421,4227072
1558133422,3506176
1558133423,4317184
1558133424,3596288
1558133425,4251648
1558133426,3555328
1558133427,4292608
1558133428,3604480
1558133429,4341760
1558133430,3579904
1558133431,4390912
1558133432,3555328
1558133433,4341760
1558133434,3506176
1558133435,4284416
1558133436,3579904
1558133437,4235264
1558133438,3620864
1558133439,4300800
1558133440,3555328
1558133441,4300800
1558133442,3465216
1558133443,4268032
1558133444,3563520
1558133445,4268032
1558133446,3629056
1558133447,4284416
1558133448,3612672
1558133449,4300800
1558133450,3571712
1558133451,4284416
1558133452,3571712
1558133453,4284416
1558133454,3588096
1558133455,4333568
1558133456,3506176
1558133457,4243456
1558133458,3473408
1558133459,4202496
1558133460,3579904
1558133461,4227072
1558133462,3522560
1558133463,4194304
1558133464,3522560
1558133465,4259840
1558133466,3604480
1558133467,4300800
1558133468,3571712
1558133469,4235264
1558133470,3481600
1558133471,4177920
1558133472,3579904
1558133473,4333568
1558133474,3620864
1558133475,4268032
1558133476,3653632
1558133477,4292608
1558133478,3530752
1558133479,4276224
1558133480,3555328
1558133481,4210688
1558133482,3530752
1558133483,4235264
1558133484,3743744
1558133485,4349952
1558133486,3506176
1558133487,4259840
1558133488,3506176
1558133489,4259840
1558133490,3579904
1558133491,4259840
1558133492,3571712
1558133493,4259840
1558133494,3571712
1558133495,4308992
1558133496,3661824
1558133497,4292608
1558133498,3547136
1558133499,4292608
1558133500,3596288
1558133501,4251648
1558133502,3604480
1558133503,4276224
1558133504,3506176
1558133505,4300800
1558133506,3563520
1558133507,4235264
1558133508,3538944
1558133509,4227072
1558133510,3514368
1558133511,4210688
1558133512,3489792
1558133513,4227072
1558133514,3604480
1558133515,4276224
1558133516,3522560
1558133517,4268032
1558133518,3530752
1558133519,4317184
1558133520,3538944
1558133521,4276224
1558133522,3530752
1558133523,4325376
1558133524,3620864
1558133525,4358144
1558133526,3530752
1558133527,4268032
1558133528,3629056
1558133529,4300800
1558133530,3588096
1558133531,4268032
1558133532,3571712
1558133533,4292608
1558133534,3514368
1558133535,4268032
1558133536,3653632
1558133537,4358144
1558133538,3596288
1558133539,4349952
1558133540,3547136
1558133541,4308992
1558133542,3547136
1558133543,4259840
1558133544,3645440
1558133545,4276224
1558133546,3612672
1558133547,4235264
1558133548,3555328
1558133549,4341760
1558133550,3555328
1558133551,4268032
1558133552,3645440
1558133553,4358144
1558133554,3645440
1558133555,4358144
1558133556,3588096
1558133557,4317184
1558133558,3571712
1558133559,4268032
1558133560,3579904
1558133561,4284416
1558133562,3538944
1558133563,4268032
1558133564,3645440
1558133565,4218880
1558133566,3645440
1558133567,4268032
1558133568,3653632
1558133569,4333568
1558133570,3694592
1558133571,4358144
1558133572,3555328
1558133573,4308992
1558133574,3596288
1558133575,4325376
1558133576,3686400
1558133577,4358144
1558133578,3506176
1558133579,4243456
1558133580,3620864
1558133581,4366336
1558133582,3661824
1558133583,4358144
1558133584,3522560
1558133585,4308992
1558133586,3547136
1558133587,4308992
1558133588,3547136
1558133589,4292608
1558133590,3637248
1558133591,4276224
1558133592,3571712
1558133593,4243456
1558133594,3473408
1558133595,4210688
1558133596,3497984
1558133597,4243456
1558133598,3579904
1558133599,4235264
1558133600,3530752
1558133601,4276224
1558133602,3579904
1558133603,4251648
1558133604,3694592
1558133605,4308992
1558133606,3563520
1558133607,4276224
1558133608,3522560
1558133609,4317184
1558133610,3620864
1558133611,4268032
1558133612,3555328
1558133613,4218880
1558133614,3629056
1558133615,4243456
1558133616,3604480
1558133617,4284416
1558133618,3489792
1558133619,4210688
1558133620,3588096
1558133621,4218880
1558133622,3571712
1558133623,4235264
1558133624,3588096
1558133625,4259840
1558133626,3588096
1558133627,4317184
1558133628,3530752
1558133629,4325376
1558133630,3563520
1558133631,4308992
1558133632,3612672
1558133633,4317184
1558133634,3612672
1558133635,4259840
1558133636,3629056
1558133637,4317184
1558133638,3571712
1558133639,4259840
1558133640,3547136
1558133641,4235264
1558133642,3563520
1558133643,4284416
1558133644,3555328
1558133645,4341760
1558133646,3661824
1558133647,4341760
1558133648,3604480
1558133649,4251648
1558133650,3596288
1558133651,4333568
1558133652,3620864
1558133653,4333568
1558133654,3686400
1558133655,4341760
1558133656,3579904
1558133657,4284416
1558133658,3506176
1558133659,4276224
1558133660,3579904
1558133661,4259840
1558133662,3612672
1558133663,4333568
1558133664,3637248
1558133665,4284416
1558133666,3604480
1558133667,4251648
1558133668,3629056
1558133669,4284416
1558133670,3481600
1558133671,4251648
1558133672,3604480
1558133673,4317184
1558133674,3555328
1558133675,4358144
1558133676,3694592
1558133677,4317184
1558133678,3645440
1558133679,4325376
1558133680,3555328
1558133681,4259840
1558133682,3497984
1558133683,4284416
1558133684,3604480
1558133685,4251648
1558133686,3670016
1558133687,4284416
1558133688,3620864
1558133689,4210688
1558133690,3547136
1558133691,4210688
1558133692,3563520
1558133693,4284416
1558133694,3530752
1558133695,4218880
1558133696,3620864
1558133697,4325376
1558133698,3694592
1558133699,4399104
1558133700,3530752
1558133701,4251648
1558133702,3579904
1558133703,4308992
1558133704,3645440
1558133705,4317184
1558133706,3547136
1558133707,4308992
1558133708,3686400
1558133709,4341760
1558133710,3522560
1558133711,4325376
1558133712,3620864
1558133713,4333568
1558133714,3612672
1558133715,4292608
1558133716,3604480
1558133717,4382720
1558133718,3637248
1558133719,4284416
1558133720,3604480
1558133721,4292608
1558133722,3579904
1558133723,4292608
1558133724,3604480
1558133725,4358144
1558133726,3506176
1558133727,4333568
1558133728,3653632
1558133729,4292608
1558133730,3604480
1558133731,4333568
1558133732,3596288
1558133733,4284416
1558133734,3579904
1558133735,4276224
1558133736,3596288
1558133737,4284416
1558133738,3661824
1558133739,4366336
1558133740,3694592
1558133741,4366336
1558133742,3588096
1558133743,4259840
1558133744,3620864
1558133745,4276224
1558133746,3489792
1558133747,4202496
1558133748,3530752
1558133749,4218880
1558133750,3530752
1558133751,4235264
1558133752,3588096
1558133753,4268032
1558133754,3530752
1558133755,4284416
1558133756,3530752
1558133757,4308992
1558133758,3563520
1558133759,4268032
1558133760,3547136
1558133761,4268032
1558133762,3497984
1558133763,4276224
1558133764,3727360
1558133765,4358144
1558133766,3571712
1558133767,4317184
1558133768,3612672
1558133769,4390912
1558133770,3588096
1558133771,4358144
1558133772,3629056
1558133773,4308992
1558133774,3653632
1558133775,4284416
1558133776,3661824
1558133777,4276224
1558133778,3579904
1558133779,4268032
1558133780,3538944
1558133781,4251648
1558133782,3547136
1558133783,4235264
1558133784,3506176
1558133785,4259840
1558133786,3571712
1558133787,4341760
1558133788,3522560
1558133789,4317184
1558133790,3670016
1558133791,4390912
1558133792,3629056
1558133793,4308992
1558133794,3686400
1558133795,4382720
1558133796,3497984
1558133797,4284416
1558133798,3497984
1558133799,4268032
1558133800,3612672
1558133801,4284416
1558133802,3538944
1558133803,4333568
1558133804,3506176
1558133805,4227072
1558133806,3670016
1558133807,4300800
1558133808,3629056
1558133809,4341760
1558133810,3645440
1558133811,4268032
1558133812,3620864
1558133813,4235264
1558133814,3612672
1558133815,4259840
1558133816,3530752
1558133817,4194304
1558133818,3538944
1558133819,4292608
1558133820,3694592
1558133821,4341760
1558133822,3530752
1558133823,4292608
1558133824,3588096
1558133825,4268032
1558133826,3670016
1558133827,4325376
1558133828,3604480
1558133829,4341760
1558133830,3538944
1558133831,4268032
1558133832,3678208
1558133833,4358144
1558133834,3514368
1558133835,4161536
1558133836,3735552
1558133837,4399104
1558133838,3661824
1558133839,4308992
1558133840,3686400
1558133841,4366336
1558133842,3555328
1558133843,4268032
1558133844,3571712
1558133845,4292608
1558133846,3530752
1558133847,4259840
1558133848,3645440
1558133849,4292608
1558133850,3563520
1558133851,4243456
1558133852,3555328
1558133853,4317184
1558133854,3506176
1558133855,4259840
1558133856,3547136
1558133857,4259840
1558133858,3506176
1558133859,4186112
1558133860,3571712
1558133861,4235264
1558133862,3596288
1558133863,4292608
1558133864,3538944
1558133865,4251648
1558133866,3645440
1558133867,4325376
1558133868,3579904
1558133869,4300800
1558133870,3538944
1558133871,4218880
1558133872,3538944
1558133873,4268032
1558133874,3604480
1558133875,4349952
1558133876,3612672
1558133877,4292608
1558133878,3670016
1558133879,4341760
1558133880,3497984
1558133881,4268032
1558133882,3588096
1558133883,4251648
1558133884,3579904
1558133885,4308992
1558133886,3547136
1558133887,4218880
1558133888,3620864
1558133889,4333568
1558133890,3686400
1558133891,4349952
1558133892,3661824
1558133893,4341760
1558133894,3579904
1558133895,4308992
1558133896,3555328
1558133897,4259840
1558133898,3473408
1558133899,4161536
1558133900,3473408
1558133901,4202496
1558133902,3604480
1558133903,4308992
1558133904,3555328
1558133905,4341760
1558133906,3604480
1558133907,4268032
1558133908,3604480
1558133909,4317184
1558133910,3547136
1558133911,4227072
1558133912,3596288
1558133913,4317184
1558133914,3522560
1558133915,4276224
1558133916,3538944
1558133917,4259840
1558133918,3645440
1558133919,4276224
1558133920,3612672
1558133921,4341760
1558133922,3481600
1558133923,4300800
1558133924,3555328
1558133925,4243456
1558133926,3555328
1558133927,4333568
1558133928,3645440
1558133929,4300800
1558133930,3571712
1558133931,4292608
1558133932,3604480
1558133933,4374528
1558133934,3514368
1558133935,4259840
1558133936,3702784
1558133937,4390912
1558133938,3604480
1558133939,4243456
1558133940,3555328
1558133941,4235264
1558133942,3620864
1558133943,4341760
1558133944,3547136
1558133945,4308992
1558133946,3604480
1558133947,4292608
1558133948,3604480
1558133949,4276224
1558133950,3588096
1558133951,4317184
1558133952,3653632
1558133953,4399104
1558133954,3670016
1558133955,4382720
1558133956,3579904
1558133957,4276224
1558133958,3563520
1558133959,4325376
1558133960,3629056
1558133961,4382720
1558133962,3555328
1558133963,4308992
1558133964,3604480
1558133965,4308992
1558133966,3678208
1558133967,4374528
1558133968,3661824
1558133969,4292608
1558133970,3661824
1558133971,4325376
1558133972,3489792
1558133973,4259840
1558133974,3506176
1558133975,4268032
1558133976,3522560
1558133977,4292608
1558133978,3596288
1558133979,4300800
1558133980,3612672
1558133981,4308992
1558133982,3579904
1558133983,4259840
1558133984,3661824
1558133985,4366336
1558133986,3522560
1558133987,4292608
1558133988,3637248
1558133989,4243456
1558133990,3629056
1558133991,4325376
1558133992,3538944
1558133993,4218880
1558133994,3612672
1558133995,4243456
1558133996,3555328
1558133997,4227072
1558133998,3612672
1558133999,4268032
1558134000,3538944
1558134001,4317184
1558134002,3588096
1558134003,4276224
1558134004,3686400
1558134005,4341760
1558134006,3538944
1558134007,4292608
1558134008,3637248
1558134009,4349952
1558134010,3727360
1558134011,4423680
1558134012,3612672
1558134013,4349952
1558134014,3735552
1558134015,4366336
1558134016,3596288
1558134017,4333568
1558134018,3538944
1558134019,4268032
1558134020,3514368
1558134021,4251648
1558134022,3604480
1558134023,4308992
1558134024,3547136
1558134025,4308992
1558134026,3538944
1558134027,4317184
1558134028,3686400
1558134029,4349952
1558134030,3653632
1558134031,4399104
1558134032,3489792
1558134033,4292608
1558134034,3489792
1558134035,4317184
1558134036,3645440
1558134037,4333568
1558134038,3588096
1558134039,4251648
1558134040,3579904
1558134041,4243456
1558134042,3579904
1558134043,4259840
1558134044,3588096
1558134045,4251648
1558134046,3530752
1558134047,4268032
1558134048,3465216
1558134049,4243456
1558134050,3563520
1558134051,4243456
1558134052,3514368
1558134053,4292608
1558134054,3506176
1558134055,4243456
1558134056,3588096
1558134057,4358144
1558134058,3538944
1558134059,4333568
1558134060,3612672
1558134061,4366336
1558134062,3571712
1558134063,4308992
1558134064,3702784
1558134065,4341760
1558134066,3743744
1558134067,4423680
1558134068,3612672
1558134069,4308992
1558134070,3596288
1558134071,4276224
1558134072,3629056
1558134073,4317184
1558134074,3481600
1558134075,4227072
1558134076,3579904
1558134077,4259840
1558134078,3571712
1558134079,4218880
1558134080,3530752
1558134081,4317184
1558134082,3678208
1558134083,4333568
1558134084,3555328
1558134085,4325376
1558134086,3596288
1558134087,4251648
1558134088,3637248
1558134089,4358144
1558134090,3481600
1558134091,4218880
1558134092,3481600
1558134093,4210688
1558134094,3514368
1558134095,4251648
1558134096,3596288
1558134097,4243456
1558134098,3579904
1558134099,4243456
1558134100,3596288
1558134101,4276224
1558134102,3522560
1558134103,4333568
1558134104,3661824
1558134105,4341760
1558134106,3547136
1558134107,4300800
1558134108,3522560
1558134109,4276224
1558134110,3629056
1558134111,4276224
1558134112,3596288
1558134113,4259840
1558134114,3538944
1558134115,4227072
1558134116,3579904
1558134117,4325376
1558134118,3538944
1558134119,4292608
1558134120,3588096
1558134121,4235264
1558134122,3514368
1558134123,4300800
1558134124,3514368
1558134125,4235264
1558134126,3620864
1558134127,4251648
1558134128,3563520
1558134129,4317184
1558134130,3563520
1558134131,4259840
1558134132,3661824
1558134133,4317184
1558134134,3612672
1558134135,4300800
1558134136,3588096
1558134137,4292608
1558134138,3538944
1558134139,4227072
1558134140,3710976
1558134141,4358144
1558134142,3629056
1558134143,4300800
1558134144,3497984
1558134145,4202496
1558134146,3678208
1558134147,4317184
1558134148,3694592
1558134149,4358144
1558134150,3522560
1558134151,4251648
1558134152,3661824
1558134153,4358144
1558134154,3579904
1558134155,4317184
1558134156,3465216
1558134157,4210688
1558134158,3555328
1558134159,4251648
1558134160,3530752
1558134161,4292608
1558134162,3506176
1558134163,4227072
1558134164,3530752
1558134165,4284416
1558134166,3612672
1558134167,4308992
1558134168,3530752
1558134169,4259840
1558134170,3522560
1558134171,4218880
1558134172,3563520
1558134173,4218880
1558134174,3481600
1558134175,4218880
1558134176,3596288
1558134177,4268032
1558134178,3612672
1558134179,4284416
1558134180,3481600
1558134181,4194304
1558134182,3506176
1558134183,4235264
1558134184,3620864
1558134185,4268032
1558134186,3538944
1558134187,4243456
1558134188,3547136
1558134189,4325376
1558134190,3547136
1558134191,4300800
1558134192,3719168
1558134193,4399104
1558134194,3629056
1558134195,4349952
1558134196,3514368
1558134197,4276224
1558134198,3661824
1558134199,4333568
1558134200,3506176
1558134201,4317184
1558134202,3416064
1558134203,4268032
1558134204,3694592
1558134205,4341760
1558134206,3514368
1558134207,4227072
1558134208,3514368
1558134209,4210688
1558134210,3694592
1558134211,4349952
1558134212,3637248
1558134213,4259840
1558134214,3547136
1558134215,4227072
1558134216,3719168
1558134217,4341760
1558134218,3776512
1558134219,4407296
1558134220,3547136
1558134221,4317184
1558134222,3538944
1558134223,4259840
1558134224,3555328
1558134225,4292608
1558134226,3571712
1558134227,4268032
1558134228,3555328
1558134229,4317184
1558134230,3530752
1558134231,4251648
1558134232,3719168
1558134233,4366336
1558134234,3563520
1558134235,4300800
1558134236,3522560
1558134237,4276224
1558134238,3579904
1558134239,4300800
1558134240,3629056
1558134241,4374528
1558134242,3629056
1558134243,4366336
1558134244,3588096
1558134245,4317184
1558134246,3678208
1558134247,4308992
1558134248,3588096
1558134249,4227072
1558134250,3530752
1558134251,4251648
1558134252,3530752
1558134253,4235264
1558134254,3530752
1558134255,4243456
1558134256,3579904
1558134257,4268032
1558134258,3530752
1558134259,4194304
1558134260,3604480
1558134261,4268032
1558134262,3506176
1558134263,4243456
1558134264,3678208
1558134265,4276224
1558134266,3686400
1558134267,4349952
1558134268,3629056
1558134269,4292608
1558134270,3538944
1558134271,4251648
1558134272,3620864
1558134273,4333568
1558134274,3538944
1558134275,4284416
1558134276,3563520
1558134277,4292608
1558134278,3579904
1558134279,4317184
1558134280,3620864
1558134281,4292608
1558134282,3637248
1558134283,4284416
1558134284,3563520
1558134285,4325376
1558134286,3637248
1558134287,4284416
1558134288,3579904
1558134289,4308992
1558134290,3514368
1558134291,4276224
1558134292,3522560
1558134293,4243456
1558134294,3506176
1558134295,4243456
1558134296,3563520
1558134297,4292608
1558134298,3530752
1558134299,4284416
1558134300,3571712
1558134301,4341760
1558134302,3538944
1558134303,4325376
1558134304,3555328
1558134305,4333568
1558134306,3612672
1558134307,4317184
1558134308,3694592
1558134309,4374528
1558134310,3571712
1558134311,4358144
1558134312,3588096
1558134313,4268032
1558134314,3620864
1558134315,4276224
1558134316,3522560
1558134317,4243456
1558134318,3563520
1558134319,4251648
1558134320,3530752
1558134321,4243456
1558134322,3653632
1558134323,4325376
1558134324,3547136
1558134325,4341760
1558134326,3538944
1558134327,4243456
1558134328,3629056
1558134329,4325376
1558134330,3612672
1558134331,4308992
1558134332,3719168
1558134333,4341760
1558134334,3694592
1558134335,4341760
1558134336,3555328
1558134337,4243456
1558134338,3670016
1558134339,4300800
1558134340,3596288
1558134341,4251648
1558134342,3620864
1558134343,4276224
1558134344,3530752
1558134345,4259840
1558134346,3612672
1558134347,4317184
1558134348,3579904
1558134349,4284416
1558134350,3579904
1558134351,4251648
1558134352,3727360
1558134353,4399104
1558134354,3661824
1558134355,4358144
1558134356,3555328
1558134357,4292608
1558134358,3645440
1558134359,4358144
1558134360,3620864
1558134361,4374528
1558134362,3530752
1558134363,4300800
1558134364,3547136
1558134365,4300800
1558134366,3629056
1558134367,4317184
1558134368,3710976
1558134369,4333568
1558134370,3530752
1558134371,4227072
1558134372,3563520
1558134373,4259840
1558134374,3637248
1558134375,4276224
1558134376,3571712
1558134377,4292608
1558134378,3547136
1558134379,4341760
1558134380,3571712
1558134381,4259840
1558134382,3522560
1558134383,4251648
1558134384,3571712
1558134385,4259840
1558134386,3563520
1558134387,4308992
1558134388,3588096
1558134389,4333568
1558134390,3538944
1558134391,4317184
1558134392,3571712
1558134393,4276224
1558134394,3604480
1558134395,4308992
1558134396,3547136
1558134397,4251648
1558134398,3604480
1558134399,4235264
1558134400,3596288
1558134401,4268032
1558134402,3604480
1558134403,4292608
1558134404,3547136
1558134405,4341760
1558134406,3481600
1558134407,4243456
1558134408,3547136
1558134409,4243456
1558134410,3538944
1558134411,4210688
1558134412,3522560
1558134413,4251648
1558134414,3629056
1558134415,4308992
1558134416,3530752
1558134417,4325376
1558134418,3538944
1558134419,4292608
1558134420,3514368
1558134421,4227072
1558134422,3473408
1558134423,4227072
1558134424,3538944
1558134425,4276224
1558134426,3514368
1558134427,4235264
1558134428,3497984
1558134429,4218880
1558134430,3473408
1558134431,4177920
1558134432,3596288
1558134433,4276224
1558134434,3571712
1558134435,4300800
1558134436,3514368
1558134437,4300800
1558134438,3497984
1558134439,4259840
1558134440,3579904
1558134441,4325376
1558134442,3661824
1558134443,4308992
1558134444,3579904
1558134445,4317184
1558134446,3563520
1558134447,4317184
1558134448,3588096
1558134449,4292608
1558134450,3653632
1558134451,4308992
1558134452,3620864
1558134453,4333568
1558134454,3497984
1558134455,4300800
1558134456,3530752
1558134457,4317184
1558134458,3596288
1558134459,4276224
1558134460,3555328
1558134461,4276224
1558134462,3497984
1558134463,4259840
1558134464,3588096
1558134465,4333568
1558134466,3579904
1558134467,4308992
1558134468,3506176
1558134469,4284416
1558134470,3538944
1558134471,4308992
1558134472,3563520
1558134473,4308992
1558134474,3547136
1558134475,4235264
1558134476,3530752
1558134477,4317184
1558134478,3645440
1558134479,4325376
1558134480,3555328
1558134481,4210688
1558134482,3645440
1558134483,4276224
1558134484,3514368
1558134485,4300800
1558134486,3588096
1558134487,4251648
1558134488,3645440
1558134489,4333568
1558134490,3547136
1558134491,4349952
1558134492,3481600
1558134493,4235264
1558134494,3596288
1558134495,4284416
1558134496,3604480
1558134497,4308992
1558134498,3579904
1558134499,4284416
1558134500,3686400
1558134501,4325376
1558134502,3506176
1558134503,4308992
1558134504,3506176
1558134505,4235264
1558134506,3719168
1558134507,4358144
1558134508,3563520
1558134509,4268032
1558134510,3670016
1558134511,4366336
1558134512,3612672
1558134513,4341760
1558134514,3555328
1558134515,4317184
1558134516,3629056
1558134517,4300800
1558134518,3563520
1558134519,4341760
1558134520,3571712
1558134521,4251648
1558134522,3563520
1558134523,4268032
1558134524,3481600
1558134525,4227072
1558134526,3596288
1558134527,4325376
1558134528,3604480
1558134529,4317184
1558134530,3637248
1558134531,4300800
1558134532,3620864
1558134533,4300800
1558134534,3563520
1558134535,4268032
1558134536,3522560
1558134537,4243456
1558134538,3629056
1558134539,4308992
1558134540,3620864
1558134541,4349952
1558134542,3620864
1558134543,4308992
1558134544,3588096
1558134545,4333568
1558134546,3555328
1558134547,4259840
1558134548,3604480
1558134549,4300800
1558134550,3571712
1558134551,4227072
1558134552,3563520
1558134553,4259840
1558134554,3514368
1558134555,4227072
1558134556,3563520
1558134557,4333568
1558134558,3555328
1558134559,4292608
1558134560,3555328
1558134561,4276224
1558134562,3596288
1558134563,4300800
1558134564,3547136
1558134565,4227072
1558134566,3547136
1558134567,4251648
1558134568,3579904
1558134569,4268032
1558134570,3522560
1558134571,4268032
1558134572,3588096
1558134573,4259840
1558134574,3645440
1558134575,4333568
1558134576,3588096
1558134577,4325376
1558134578,3629056
1558134579,4317184
1558134580,3629056
1558134581,4349952
1558134582,3530752
1558134583,4300800
1558134584,3547136
1558134585,4251648
1558134586,3661824
1558134587,4325376
1558134588,3588096
1558134589,4268032
1558134590,3604480
1558134591,4292608
1558134592,3563520
1558134593,4300800
1558134594,3530752
1558134595,4276224
1558134596,3596288
1558134597,4292608
1558134598,3612672
1558134599,4276224
1558134600,3645440
1558134601,4317184
1558134602,3555328
1558134603,4243456
1558134604,3547136
1558134605,4227072
1558134606,3579904
1558134607,4243456
1558134608,3514368
1558134609,4243456
1558134610,3596288
1558134611,4235264
1558134612,3555328
1558134613,4358144
1558134614,3555328
1558134615,4333568
1558134616,3522560
1558134617,4284416
1558134618,3538944
1558134619,4259840
1558134620,3514368
1558134621,4268032
1558134622,3563520
1558134623,4268032
1558134624,3620864
1558134625,4317184
1558134626,3719168
1558134627,4382720
1558134628,3522560
1558134629,4251648
1558134630,3538944
1558134631,4333568
1558134632,3563520
1558134633,4317184
1558134634,3645440
1558134635,4300800
1558134636,3522560
1558134637,4292608
1558134638,3579904
1558134639,4243456
1558134640,3629056
1558134641,4218880
1558134642,3653632
1558134643,4341760
1558134644,3497984
1558134645,4243456
1558134646,3604480
1558134647,4325376
1558134648,3612672
1558134649,4284416
1558134650,3571712
1558134651,4268032
1558134652,3629056
1558134653,4317184
1558134654,3620864
1558134655,4317184
1558134656,3620864
1558134657,4333568
1558134658,3629056
1558134659,4308992
1558134660,3694592
1558134661,4349952
1558134662,3694592
1558134663,4399104
1558134664,3538944
1558134665,4325376
1558134666,3629056
1558134667,4358144
1558134668,3686400
1558134669,4341760
1558134670,3670016
1558134671,4317184
1558134672,3579904
1558134673,4284416
1558134674,3571712
1558134675,4308992
1558134676,3620864
1558134677,4292608
1558134678,3645440
1558134679,4349952
1558134680,3604480
1558134681,4227072
1558134682,3596288
1558134683,4341760
1558134684,3571712
1558134685,4259840
1558134686,3670016
1558134687,4300800
1558134688,3612672
1558134689,4292608
1558134690,3612672
1558134691,4268032
1558134692,3743744
1558134693,4399104
1558134694,3710976
1558134695,4300800
1558134696,3579904
1558134697,4333568
1558134698,3579904
1558134699,4292608
1558134700,3588096
1558134701,4358144
1558134702,3514368
1558134703,4259840
1558134704,3629056
1558134705,4317184
1558134706,3571712
1558134707,4276224
1558134708,3473408
1558134709,4235264
1558134710,3612672
1558134711,4243456
1558134712,3629056
1558134713,4284416
1558134714,3579904
1558134715,4243456
1558134716,3686400
1558134717,4308992
1558134718,3620864
1558134719,4227072
1558134720,3670016
1558134721,4325376
1558134722,3538944
1558134723,4276224
1558134724,3620864
1558134725,4349952
1558134726,3555328
1558134727,4268032
1558134728,3547136
1558134729,4300800
1558134730,3547136
1558134731,4308992
1558134732,3579904
1558134733,4227072
1558134734,3645440
1558134735,4268032
1558134736,3506176
1558134737,4251648
1558134738,3530752
1558134739,4292608
1558134740,3596288
1558134741,4300800
1558134742,3547136
1558134743,4308992
1558134744,3563520
1558134745,4325376
1558134746,3571712
1558134747,4341760
1558134748,3555328
1558134749,4317184
1558134750,3555328
1558134751,4341760
1558134752,3563520
1558134753,4366336
1558134754,3620864
1558134755,4333568
1558134756,3604480
1558134757,4292608
1558134758,3612672
1558134759,4251648
1558134760,3489792
1558134761,4243456
1558134762,3547136
1558134763,4210688
1558134764,3637248
1558134765,4333568
1558134766,3555328
1558134767,4235264
1558134768,3661824
1558134769,4341760
1558134770,3579904
1558134771,4243456
1558134772,3571712
1558134773,4358144
1558134774,3571712
1558134775,4341760
1558134776,3637248
1558134777,4317184
1558134778,3702784
1558134779,4366336
1558134780,3522560
1558134781,4284416
1558134782,3620864
1558134783,4259840
1558134784,3555328
1558134785,4276224
1558134786,3538944
1558134787,4243456
1558134788,3538944
1558134789,4227072
1558134790,3497984
1558134791,4210688
1558134792,3596288
1558134793,4308992
1558134794,3506176
1558134795,4194304
1558134796,3645440
1558134797,4333568
1558134798,3579904
1558134799,4218880
1558134800,3620864
1558134801,4276224
1558134802,3538944
1558134803,4292608
1558134804,3538944
1558134805,4308992
1558134806,3645440
1558134807,4333568
1558134808,3596288
1558134809,4251648
1558134810,3588096
1558134811,4317184
1558134812,3538944
1558134813,4268032
1558134814,3604480
1558134815,4308992
1558134816,3448832
1558134817,4284416
1558134818,3596288
1558134819,4276224
1558134820,3579904
1558134821,4268032
1558134822,3538944
1558134823,4218880
1558134824,3563520
1558134825,4300800
1558134826,3629056
1558134827,4268032
1558134828,3538944
1558134829,4259840
1558134830,3596288
1558134831,4292608
1558134832,3661824
1558134833,4317184
1558134834,3522560
1558134835,4251648
1558134836,3579904
1558134837,4243456
1558134838,3661824
1558134839,4292608
1558134840,3555328
1558134841,4333568
1558134842,3604480
1558134843,4292608
1558134844,3670016
1558134845,4317184
1558134846,3596288
1558134847,4300800
1558134848,3571712
1558134849,4259840
1558134850,3694592
1558134851,4300800
1558134852,3620864
1558134853,4382720
1558134854,3538944
1558134855,4358144
1558134856,3620864
1558134857,4341760
1558134858,3678208
1558134859,4374528
1558134860,3547136
1558134861,4284416
1558134862,3637248
1558134863,4333568
1558134864,3596288
1558134865,4292608
1558134866,3588096
1558134867,4317184
1558134868,3465216
1558134869,4284416
1558134870,3579904
1558134871,4358144
1558134872,3579904
1558134873,4284416
1558134874,3579904
1558134875,4276224
1558134876,3547136
1558134877,4251648
1558134878,3547136
1558134879,4268032
1558134880,3555328
1558134881,4259840
1558134882,3563520
1558134883,4243456
1558134884,3506176
1558134885,4251648
1558134886,3555328
1558134887,4243456
1558134888,3547136
1558134889,4243456
1558134890,3473408
1558134891,4227072
1558134892,3563520
1558134893,4218880
1558134894,3563520
1558134895,4210688
1558134896,3522560
1558134897,4251648
1558134898,3604480
1558134899,4243456
1558134900,3604480
1558134901,4259840
1558134902,3522560
1558134903,4194304
1558134904,3588096
1558134905,4243456
1558134906,3547136
1558134907,4325376
1558134908,3547136
1558134909,4317184
1558134910,3588096
1558134911,4292608
1558134912,3522560
1558134913,4325376
1558134914,3481600
1558134915,4251648
1558134916,3555328
1558134917,4349952
1558134918,3522560
1558134919,4251648
1558134920,3588096
1558134921,4292608
1558134922,3620864
1558134923,4292608
1558134924,3596288
1558134925,4276224
1558134926,3620864
1558134927,4268032
1558134928,3612672
1558134929,4292608
1558134930,3629056
1558134931,4243456
1558134932,3629056
1558134933,4300800
1558134934,3571712
1558134935,4235264
1558134936,3514368
1558134937,4227072
1558134938,3506176
1558134939,4300800
1558134940,3588096
1558134941,4308992
1558134942,3522560
1558134943,4292608
1558134944,3489792
1558134945,4202496
1558134946,3686400
1558134947,4308992
1558134948,3596288
1558134949,4235264
1558134950,3596288
1558134951,4251648
1558134952,3579904
1558134953,4243456
1558134954,3555328
1558134955,4268032
1558134956,3571712
1558134957,4259840
1558134958,3547136
1558134959,4276224
1558134960,3653632
1558134961,4284416
1558134962,3612672
1558134963,4268032
1558134964,3579904
1558134965,4300800
1558134966,3563520
1558134967,4276224
1558134968,3497984
1558134969,4218880
1558134970,3596288
1558134971,4259840
1558134972,3661824
1558134973,4308992
1558134974,3604480
1558134975,4292608
1558134976,3530752
1558134977,4251648
1558134978,3473408
1558134979,4186112
1558134980,3579904
1558134981,4243456
1558134982,3522560
1558134983,4235264
1558134984,3588096
1558134985,4235264
1558134986,3604480
1558134987,4300800
1558134988,3604480
1558134989,4358144
1558134990,3612672
1558134991,4300800
1558134992,3563520
1558134993,4325376
1558134994,3678208
1558134995,4358144
1558134996,3571712
1558134997,4235264
1558134998,3629056
1558134999,4308992
1558135000,3637248
1558135001,4366336
1558135002,3522560
1558135003,4276224
1558135004,3629056
1558135005,4259840
1558135006,3661824
1558135007,4300800
1558135008,3547136
1558135009,4235264
1558135010,3620864
1558135011,4333568
1558135012,3457024
1558135013,4235264
1558135014,3661824
1558135015,4292608
1558135016,3571712
1558135017,4268032
1558135018,3530752
1558135019,4235264
1558135020,3571712
1558135021,4292608
1558135022,3538944
1558135023,4235264
1558135024,3620864
1558135025,4308992
1558135026,3645440
1558135027,4317184
1558135028,3538944
1558135029,4333568
1558135030,3653632
1558135031,4349952
1558135032,3670016
1558135033,4382720
1558135034,3653632
1558135035,4333568
1558135036,3530752
1558135037,4300800
1558135038,3588096
1558135039,4276224
1558135040,3670016
1558135041,4374528
1558135042,3481600
1558135043,4243456
1558135044,3579904
1558135045,4259840
1558135046,3612672
1558135047,4300800
1558135048,3489792
1558135049,4317184
1558135050,3514368
1558135051,4276224
1558135052,3432448
1558135053,4194304
1558135054,3620864
1558135055,4308992
1558135056,3645440
1558135057,4276224
1558135058,3440640
1558135059,4227072
1558135060,3481600
1558135061,4227072
1558135062,3547136
1558135063,4276224
1558135064,3547136
1558135065,4317184
1558135066,3571712
1558135067,4259840
1558135068,3588096
1558135069,4268032
1558135070,3522560
1558135071,4317184
1558135072,3588096
1558135073,4259840
1558135074,3629056
1558135075,4292608
1558135076,3661824
1558135077,4292608
1558135078,3497984
1558135079,4251648
1558135080,3506176
1558135081,4243456
1558135082,3579904
1558135083,4243456
1558135084,3678208
1558135085,4292608
1558135086,3588096
1558135087,4292608
1558135088,3530752
1558135089,4308992
1558135090,3547136
1558135091,4284416
1558135092,3579904
1558135093,4349952
1558135094,3579904
1558135095,4276224
1558135096,3612672
1558135097,4243456
1558135098,3563520
1558135099,4243456
1558135100,3555328
1558135101,4284416
1558135102,3555328
1558135103,4153344
1558135104,3555328
1558135105,4251648
1558135106,3579904
1558135107,4268032
1558135108,3604480
1558135109,4300800
1558135110,3645440
1558135111,4358144
1558135112,3555328
1558135113,4308992
1558135114,3530752
1558135115,4251648
1558135116,3538944
1558135117,4251648
1558135118,3563520
1558135119,4341760
1558135120,3530752
1558135121,4300800
1558135122,3629056
1558135123,4292608
1558135124,3637248
1558135125,4276224
1558135126,3629056
1558135127,4292608
1558135128,3588096
1558135129,4243456
1558135130,3637248
1558135131,4292608
1558135132,3538944
1558135133,4235264
1558135134,3612672
1558135135,4268032
1558135136,3538944
1558135137,4259840
1558135138,3588096
1558135139,4259840
1558135140,3547136
1558135141,4177920
1558135142,3571712
1558135143,4276224
1558135144,3645440
1558135145,4358144
1558135146,3637248
1558135147,4259840
1558135148,3612672
1558135149,4284416
1558135150,3563520
1558135151,4325376
1558135152,3530752
1558135153,4333568
1558135154,3620864
1558135155,4251648
1558135156,3571712
1558135157,4308992
1558135158,3530752
1558135159,4300800
1558135160,3686400
1558135161,4341760
1558135162,3604480
1558135163,4374528
1558135164,3497984
1558135165,4300800
1558135166,3637248
1558135167,4300800
1558135168,3678208
1558135169,4317184
1558135170,3637248
1558135171,4276224
1558135172,3530752
1558135173,4243456
1558135174,3661824
1558135175,4358144
1558135176,3514368
1558135177,4308992
1558135178,3588096
1558135179,4284416
1558135180,3637248
1558135181,4284416
1558135182,3579904
1558135183,4259840
1558135184,3661824
1558135185,4349952
1558135186,3596288
1558135187,4325376
1558135188,3579904
1558135189,4341760
1558135190,3563520
1558135191,4308992
1558135192,3604480
1558135193,4333568
1558135194,3645440
1558135195,4333568
1558135196,3694592
1558135197,4382720
1558135198,3571712
1558135199,4292608
1558135200,3538944
1558135201,4251648
1558135202,3555328
1558135203,4276224
1558135204,3522560
1558135205,4243456
1558135206,3612672
1558135207,4268032
1558135208,3612672
1558135209,4276224
1558135210,3555328
1558135211,4202496
1558135212,3571712
1558135213,4235264
1558135214,3555328
1558135215,4268032
1558135216,3653632
1558135217,4366336
1558135218,3555328
1558135219,4358144
1558135220,3637248
1558135221,4317184
1558135222,3604480
1558135223,4284416
1558135224,3489792
1558135225,4227072
1558135226,3563520
1558135227,4276224
1558135228,3645440
1558135229,4366336
1558135230,3596288
1558135231,4317184
1558135232,3506176
1558135233,4259840
1558135234,3719168
1558135235,4382720
1558135236,3555328
1558135237,4268032
1558135238,3538944
1558135239,4227072
1558135240,3637248
1558135241,4382720
1558135242,3547136
1558135243,4243456
1558135244,3596288
1558135245,4341760
1558135246,3547136
1558135247,4292608
1558135248,3538944
1558135249,4284416
1558135250,3579904
1558135251,4292608
1558135252,3629056
1558135253,4243456
1558135254,3604480
1558135255,4276224
1558135256,3538944
1558135257,4227072
1558135258,3473408
1558135259,4235264
1558135260,3579904
1558135261,4349952
1558135262,3538944
1558135263,4284416
1558135264,3514368
1558135265,4235264
1558135266,3563520
1558135267,4235264
1558135268,3547136
1558135269,4284416
1558135270,3555328
1558135271,4268032
1558135272,3653632
1558135273,4333568
1558135274,3604480
1558135275,4210688
1558135276,3588096
1558135277,4268032
1558135278,3579904
1558135279,4308992
1558135280,3563520
1558135281,4251648
1558135282,3571712
1558135283,4308992
1558135284,3514368
1558135285,4284416
1558135286,3571712
1558135287,4268032
1558135288,3604480
1558135289,4268032
1558135290,3604480
1558135291,4268032
1558135292,3579904
1558135293,4325376
1558135294,3571712
1558135295,4292608
1558135296,3522560
1558135297,4292608
1558135298,3588096
1558135299,4300800
1558135300,3538944
1558135301,4308992
1558135302,3670016
1558135303,4325376
1558135304,3694592
1558135305,4317184
1558135306,3629056
1558135307,4243456
1558135308,3506176
1558135309,4235264
1558135310,3563520
1558135311,4227072
1558135312,3514368
1558135313,4227072
1558135314,3506176
1558135315,4227072
1558135316,3547136
1558135317,4227072
1558135318,3612672
1558135319,4317184
1558135320,3538944
1558135321,4268032
1558135322,3604480
1558135323,4358144
1558135324,3629056
1558135325,4284416
1558135326,3620864
1558135327,4358144
1558135328,3440640
1558135329,4202496
1558135330,3637248
1558135331,4292608
1558135332,3563520
1558135333,4202496
1558135334,3629056
1558135335,4333568
1558135336,3547136
1558135337,4333568
1558135338,3538944
1558135339,4284416
1558135340,3637248
1558135341,4366336
1558135342,3629056
1558135343,4341760
1558135344,3514368
1558135345,4251648
1558135346,3661824
1558135347,4333568
1558135348,3604480
1558135349,4382720
1558135350,3563520
1558135351,4284416
1558135352,3563520
1558135353,4268032
1558135354,3547136
1558135355,4325376
1558135356,3555328
1558135357,4235264
1558135358,3522560
1558135359,4210688
1558135360,3629056
1558135361,4243456
1558135362,3571712
1558135363,4202496
1558135364,3555328
1558135365,4227072
1558135366,3538944
1558135367,4186112
1558135368,3530752
1558135369,4227072
1558135370,3506176
1558135371,4227072
1558135372,3563520
1558135373,4276224
1558135374,3538944
1558135375,4268032
1558135376,3555328
1558135377,4243456
1558135378,3629056
1558135379,4259840
1558135380,3563520
1558135381,4243456
1558135382,3522560
1558135383,4218880
1558135384,3547136
1558135385,4227072
1558135386,3661824
1558135387,4317184
1558135388,3588096
1558135389,4333568
1558135390,3571712
1558135391,4317184
1558135392,3538944
1558135393,4268032
1558135394,3670016
1558135395,4308992
1558135396,3629056
1558135397,4292608
1558135398,3538944
1558135399,4292608
1558135400,3629056
1558135401,4333568
1558135402,3629056
1558135403,4268032
1558135404,3555328
1558135405,4268032
1558135406,3563520
1558135407,4251648
1558135408,3637248
1558135409,4300800
1558135410,3530752
1558135411,4268032
1558135412,3571712
1558135413,4268032
1558135414,3571712
1558135415,4349952
1558135416,3661824
1558135417,4374528
1558135418,3596288
1558135419,4374528
1558135420,3563520
1558135421,4251648
1558135422,3547136
1558135423,4251648
1558135424,3629056
1558135425,4300800
1558135426,3596288
1558135427,4276224
1558135428,3579904
1558135429,4268032
1558135430,3588096
1558135431,4317184
1558135432,3604480
1558135433,4349952
1558135434,3522560
1558135435,4349952
1558135436,3538944
1558135437,4259840
1558135438,3612672
1558135439,4259840
1558135440,3530752
1558135441,4218880
1558135442,3588096
1558135443,4284416
1558135444,3530752
1558135445,4276224
1558135446,3612672
1558135447,4333568
1558135448,3604480
1558135449,4259840
1558135450,3555328
1558135451,4284416
1558135452,3489792
1558135453,4268032
1558135454,3555328
1558135455,4259840
1558135456,3538944
1558135457,4227072
1558135458,3571712
1558135459,4259840
1558135460,3555328
1558135461,4235264
1558135462,3604480
1558135463,4259840
1558135464,3620864
1558135465,4276224
1558135466,3538944
1558135467,4308992
1558135468,3653632
1558135469,4308992
1558135470,3547136
1558135471,4300800
1558135472,3530752
1558135473,4341760
1558135474,3547136
1558135475,4259840
1558135476,3563520
1558135477,4243456
1558135478,3538944
1558135479,4218880
1558135480,3563520
1558135481,4292608
1558135482,3514368
1558135483,4251648
1558135484,3538944
1558135485,4243456
1558135486,3547136
1558135487,4210688
1558135488,3530752
1558135489,4169728
1558135490,3457024
1558135491,4235264
1558135492,3612672
1558135493,4349952
1558135494,3596288
1558135495,4276224
1558135496,3588096
1558135497,4292608
1558135498,3670016
1558135499,4325376
1558135500,3538944
1558135501,4227072
1558135502,3473408
1558135503,4227072
1558135504,3547136
1558135505,4259840
1558135506,3661824
1558135507,4349952
1558135508,3571712
1558135509,4317184
1558135510,3563520
1558135511,4284416
1558135512,3547136
1558135513,4300800
1558135514,3538944
1558135515,4227072
1558135516,3620864
1558135517,4259840
1558135518,3604480
1558135519,4276224
1558135520,3497984
1558135521,4202496
1558135522,3481600
1558135523,4259840
1558135524,3588096
1558135525,4243456
1558135526,3604480
1558135527,4292608
1558135528,3489792
1558135529,4259840
1558135530,3555328
1558135531,4268032
1558135532,3719168
1558135533,4349952
1558135534,3661824
1558135535,4308992
1558135536,3547136
1558135537,4341760
1558135538,3522560
1558135539,4276224
1558135540,3735552
1558135541,4366336
1558135542,3538944
1558135543,4284416
1558135544,3522560
1558135545,4259840
1558135546,3588096
1558135547,4235264
1558135548,3538944
1558135549,4153344
1558135550,3555328
1558135551,4243456
1558135552,3629056
1558135553,4284416
1558135554,3612672
1558135555,4276224
1558135556,3481600
1558135557,4202496
1558135558,3538944
1558135559,4292608
1558135560,3530752
1558135561,4235264
1558135562,3579904
1558135563,4268032
1558135564,3555328
1558135565,4333568
1558135566,3571712
1558135567,4317184
1558135568,3563520
1558135569,4268032
1558135570,3514368
1558135571,4276224
1558135572,3514368
1558135573,4227072
1558135574,3571712
1558135575,4243456
1558135576,3604480
1558135577,4259840
1558135578,3727360
1558135579,4317184
1558135580,3538944
1558135581,4333568
1558135582,3547136
1558135583,4268032
1558135584,3645440
1558135585,4292608
1558135586,3489792
1558135587,4202496
1558135588,3497984
1558135589,4292608
1558135590,3506176
1558135591,4227072
1558135592,3563520
1558135593,4284416
1558135594,3530752
1558135595,4325376
1558135596,3514368
1558135597,4292608
1558135598,3579904
1558135599,4259840
1558135600,3620864
1558135601,4276224
1558135602,3514368
1558135603,4235264
1558135604,3670016
1558135605,4349952
1558135606,3661824
1558135607,4300800
1558135608,3555328
1558135609,4235264
1558135610,3522560
1558135611,4292608
1558135612,3538944
1558135613,4243456
1558135614,3579904
1558135615,4292608
1558135616,3538944
1558135617,4202496
1558135618,3514368
1558135619,4202496
1558135620,3579904
1558135621,4292608
1558135622,3489792
1558135623,4284416
1558135624,3514368
1558135625,4243456
1558135626,3629056
1558135627,4333568
1558135628,3555328
1558135629,4292608
1558135630,3489792
1558135631,4308992
1558135632,3604480
1558135633,4341760
1558135634,3555328
1558135635,4251648
1558135636,3514368
1558135637,4349952
1558135638,3596288
1558135639,4284416
1558135640,3612672
1558135641,4349952
1558135642,3522560
1558135643,4284416
1558135644,3563520
1558135645,4308992
1558135646,3563520
1558135647,4300800
1558135648,3604480
1558135649,4284416
1558135650,3489792
1558135651,4341760
1558135652,3579904
1558135653,4317184
1558135654,3686400
1558135655,4366336
1558135656,3538944
1558135657,4268032
1558135658,3604480
1558135659,4259840
1558135660,3547136
1558135661,4284416
1558135662,3481600
1558135663,4227072
1558135664,3530752
1558135665,4218880
1558135666,3497984
1558135667,4243456
1558135668,3653632
1558135669,4308992
1558135670,3571712
1558135671,4268032
1558135672,3514368
1558135673,4300800
1558135674,3555328
1558135675,4227072
1558135676,3588096
1558135677,4243456
1558135678,3670016
1558135679,4317184
1558135680,3514368
1558135681,4268032
1558135682,3588096
1558135683,4325376
1558135684,3571712
1558135685,4251648
1558135686,3481600
1558135687,4243456
1558135688,3612672
1558135689,4243456
1558135690,3637248
1558135691,4308992
1558135692,3497984
1558135693,4259840
1558135694,3547136
1558135695,4300800
1558135696,3588096
1558135697,4317184
1558135698,3522560
1558135699,4243456
1558135700,3457024
1558135701,4169728
1558135702,3530752
1558135703,4243456
1558135704,3538944
1558135705,4218880
1558135706,3637248
1558135707,4227072
1558135708,3612672
1558135709,4284416
1558135710,3604480
1558135711,4284416
1558135712,3530752
1558135713,4210688
1558135714,3596288
1558135715,4243456
1558135716,3637248
1558135717,4292608
1558135718,3645440
1558135719,4317184
1558135720,3571712
1558135721,4227072
1558135722,3538944
1558135723,4218880
1558135724,3653632
1558135725,4366336
1558135726,3563520
1558135727,4243456
1558135728,3612672
1558135729,4292608
1558135730,3547136
1558135731,4284416
1558135732,3596288
1558135733,4276224
1558135734,3547136
1558135735,4308992
1558135736,3555328
1558135737,4317184
1558135738,3571712
1558135739,4366336
1558135740,3571712
1558135741,4243456
1558135742,3612672
1558135743,4276224
1558135744,3481600
1558135745,4227072
1558135746,3547136
1558135747,4325376
1558135748,3530752
1558135749,4268032
1558135750,3506176
1558135751,4276224
1558135752,3506176
1558135753,4259840
1558135754,3612672
1558135755,4276224
1558135756,3547136
1558135757,4292608
1558135758,3530752
1558135759,4259840
1558135760,3530752
1558135761,4292608
1558135762,3530752
1558135763,4268032
1558135764,3514368
1558135765,4235264
1558135766,3522560
1558135767,4259840
1558135768,3538944
1558135769,4235264
1558135770,3588096
1558135771,4276224
1558135772,3604480
1558135773,4276224
1558135774,3555328
1558135775,4251648
1558135776,3571712
1558135777,4243456
1558135778,3588096
1558135779,4235264
1558135780,3481600
1558135781,4227072
1558135782,3555328
1558135783,4210688
1558135784,3563520
1558135785,4227072
1558135786,3489792
1558135787,4194304
1558135788,3497984
1558135789,4136960
1558135790,3555328
1558135791,4268032
1558135792,3530752
1558135793,4218880
1558135794,3588096
1558135795,4341760
1558135796,3670016
1558135797,4333568
1558135798,3563520
1558135799,4268032
1558135800,3547136
1558135801,4210688
1558135802,3604480
1558135803,4284416
1558135804,3596288
1558135805,4194304
1558135806,3596288
1558135807,4259840
1558135808,3555328
1558135809,4333568
1558135810,3563520
1558135811,4382720
1558135812,3620864
1558135813,4268032
1558135814,3538944
1558135815,4317184
1558135816,3538944
1558135817,4276224
1558135818,3629056
1558135819,4284416
1558135820,3612672
1558135821,4251648
1558135822,3588096
1558135823,4276224
1558135824,3522560
1558135825,4235264
1558135826,3514368
1558135827,4227072
1558135828,3637248
1558135829,4300800
1558135830,3710976
1558135831,4374528
1558135832,3571712
1558135833,4300800
1558135834,3547136
1558135835,4243456
1558135836,3555328
1558135837,4300800
1558135838,3416064
1558135839,4210688
1558135840,3588096
1558135841,4259840
1558135842,3579904
1558135843,4284416
1558135844,3506176
1558135845,4243456
1558135846,3588096
1558135847,4243456
1558135848,3506176
1558135849,4300800
1558135850,3530752
1558135851,4308992
1558135852,3588096
1558135853,4374528
1558135854,3612672
1558135855,4276224
1558135856,3497984
1558135857,4268032
1558135858,3670016
1558135859,4308992
1558135860,3596288
1558135861,4259840
1558135862,3530752
1558135863,4268032
1558135864,3563520
1558135865,4218880
1558135866,3653632
1558135867,4268032
1558135868,3629056
1558135869,4341760
1558135870,3670016
1558135871,4349952
1558135872,3637248
1558135873,4366336
1558135874,3506176
1558135875,4276224
1558135876,3612672
1558135877,4333568
1558135878,3538944
1558135879,4284416
1558135880,3588096
1558135881,4259840
1558135882,3694592
1558135883,4300800
1558135884,3588096
1558135885,4259840
1558135886,3538944
1558135887,4276224
1558135888,3686400
1558135889,4333568
1558135890,3538944
1558135891,4259840
1558135892,3522560
1558135893,4251648
1558135894,3571712
1558135895,4251648
1558135896,3702784
1558135897,4382720
1558135898,3645440
1558135899,4292608
1558135900,3571712
1558135901,4333568
1558135902,3604480
1558135903,4259840
1558135904,3686400
1558135905,4333568
1558135906,3579904
1558135907,4317184
1558135908,3645440
1558135909,4300800
1558135910,3465216
1558135911,4251648
1558135912,3522560
1558135913,4259840
1558135914,3555328
1558135915,4268032
1558135916,3637248
1558135917,4284416
1558135918,3489792
1558135919,4308992
1558135920,3579904
1558135921,4341760
1558135922,3620864
1558135923,4382720
1558135924,3579904
1558135925,4349952
1558135926,3555328
1558135927,4341760
1558135928,3571712
1558135929,4268032
1558135930,3555328
1558135931,4259840
1558135932,3596288
1558135933,4284416
1558135934,3629056
1558135935,4259840
1558135936,3670016
1558135937,4349952
1558135938,3620864
1558135939,4358144
1558135940,3645440
1558135941,4284416
1558135942,3604480
1558135943,4349952
1558135944,3530752
1558135945,4276224
1558135946,3530752
1558135947,4333568
1558135948,3522560
1558135949,4300800
1558135950,3497984
1558135951,4251648
1558135952,3530752
1558135953,4300800
1558135954,3555328
1558135955,4333568
1558135956,3571712
1558135957,4341760
1558135958,3522560
1558135959,4358144
1558135960,3538944
1558135961,4300800
1558135962,3579904
1558135963,4341760
1558135964,3661824
1558135965,4341760
1558135966,3579904
1558135967,4358144
1558135968,3555328
1558135969,4276224
1558135970,3555328
1558135971,4276224
1558135972,3506176
1558135973,4218880
1558135974,3555328
1558135975,4259840
1558135976,3686400
1558135977,4333568
1558135978,3555328
1558135979,4235264
1558135980,3571712
1558135981,4284416
1558135982,3522560
1558135983,4218880
1558135984,3555328
1558135985,4251648
1558135986,3604480
1558135987,4251648
1558135988,3579904
1558135989,4235264
1558135990,3612672
1558135991,4292608
1558135992,3538944
1558135993,4268032
1558135994,3547136
1558135995,4251648
1558135996,3596288
1558135997,4235264
1558135998,3596288
1558135999,4251648
1558136000,3547136
1558136001,4153344
1558136002,3579904
1558136003,4308992
1558136004,3481600
1558136005,4194304
1558136006,3596288
1558136007,4300800
1558136008,3489792
1558136009,4284416
1558136010,3629056
1558136011,4300800
1558136012,3588096
1558136013,4251648
1558136014,3612672
1558136015,4300800
1558136016,3514368
1558136017,4235264
1558136018,3506176
1558136019,4218880
1558136020,3588096
1558136021,4292608
1558136022,3596288
1558136023,4333568
1558136024,3678208
1558136025,4325376
1558136026,3588096
1558136027,4300800
1558136028,3530752
1558136029,4325376
1558136030,3670016
1558136031,4333568
1558136032,3629056
1558136033,4308992
1558136034,3579904
1558136035,4333568
1558136036,3538944
1558136037,4227072
1558136038,3637248
1558136039,4251648
1558136040,3637248
1558136041,4284416
1558136042,3555328
1558136043,4366336
1558136044,3661824
1558136045,4308992
1558136046,3653632
1558136047,4308992
1558136048,3538944
1558136049,4308992
1558136050,3555328
1558136051,4333568
1558136052,3497984
1558136053,4210688
1558136054,3530752
1558136055,4292608
1558136056,3506176
1558136057,4317184
1558136058,3571712
1558136059,4292608
1558136060,3620864
1558136061,4390912
1558136062,3588096
1558136063,4292608
1558136064,3571712
1558136065,4268032
1558136066,3620864
1558136067,4366336
1558136068,3547136
1558136069,4333568
1558136070,3579904
1558136071,4317184
1558136072,3612672
1558136073,4259840
1558136074,3661824
1558136075,4317184
1558136076,3555328
1558136077,4268032
1558136078,3620864
1558136079,4251648
1558136080,3547136
1558136081,4259840
1558136082,3629056
1558136083,4333568
1558136084,3555328
1558136085,4333568
1558136086,3612672
1558136087,4268032
1558136088,3522560
1558136089,4186112
1558136090,3547136
1558136091,4317184
1558136092,3538944
1558136093,4218880
1558136094,3579904
1558136095,4292608
1558136096,3522560
1558136097,4341760
1558136098,3645440
1558136099,4300800
1558136100,3547136
1558136101,4259840
1558136102,3506176
1558136103,4308992
1558136104,3637248
1558136105,4292608
1558136106,3579904
1558136107,4308992
1558136108,3555328
1558136109,4300800
1558136110,3702784
1558136111,4382720
1558136112,3588096
1558136113,4358144
1558136114,3547136
1558136115,4268032
1558136116,3637248
1558136117,4308992
1558136118,3555328
1558136119,4366336
1558136120,3620864
1558136121,4284416
1558136122,3710976
1558136123,4374528
1558136124,3661824
1558136125,4325376
1558136126,3629056
1558136127,4325376
1558136128,3579904
1558136129,4276224
1558136130,3514368
1558136131,4210688
1558136132,3506176
1558136133,4210688
1558136134,3547136
1558136135,4284416
1558136136,3612672
1558136137,4268032
1558136138,3571712
1558136139,4235264
1558136140,3473408
1558136141,4235264
1558136142,3547136
1558136143,4341760
1558136144,3661824
1558136145,4349952
1558136146,3555328
1558136147,4276224
1558136148,3563520
1558136149,4243456
1558136150,3694592
1558136151,4341760
1558136152,3620864
1558136153,4276224
1558136154,3612672
1558136155,4292608
1558136156,3571712
1558136157,4349952
1558136158,3465216
1558136159,4308992
1558136160,3522560
1558136161,4317184
1558136162,3678208
1558136163,4333568
1558136164,3629056
1558136165,4325376
1558136166,3604480
1558136167,4276224
1558136168,3547136
1558136169,4235264
1558136170,3571712
1558136171,4317184
1558136172,3538944
1558136173,4284416
1558136174,3645440
1558136175,4366336
1558136176,3612672
1558136177,4292608
1558136178,3670016
1558136179,4317184
1558136180,3645440
1558136181,4317184
1558136182,3547136
1558136183,4325376
1558136184,3530752
1558136185,4227072
1558136186,3555328
1558136187,4243456
1558136188,3522560
1558136189,4243456
1558136190,3571712
1558136191,4251648
1558136192,3571712
1558136193,4325376
1558136194,3555328
1558136195,4284416
1558136196,3588096
1558136197,4276224
1558136198,3604480
1558136199,4333568
1558136200,3514368
1558136201,4292608
1558136202,3547136
1558136203,4284416
1558136204,3538944
1558136205,4325376
1558136206,3571712
1558136207,4341760
1558136208,3612672
1558136209,4349952
1558136210,3555328
1558136211,4259840
1558136212,3579904
1558136213,4341760
1558136214,3538944
1558136215,4284416
1558136216,3629056
1558136217,4308992
1558136218,3612672
1558136219,4292608
1558136220,3670016
1558136221,4292608
1558136222,3481600
1558136223,4210688
1558136224,3596288
1558136225,4268032
1558136226,3670016
1558136227,4366336
1558136228,3579904
1558136229,4358144
1558136230,3538944
1558136231,4284416
1558136232,3719168
1558136233,4374528
1558136234,3547136
1558136235,4251648
1558136236,3522560
1558136237,4308992
1558136238,3563520
1558136239,4300800
1558136240,3555328
1558136241,4268032
1558136242,3727360
1558136243,4374528
1558136244,3588096
1558136245,4308992
1558136246,3596288
1558136247,4317184
1558136248,3588096
1558136249,4284416
1558136250,3571712
1558136251,4276224
1558136252,3596288
1558136253,4333568
1558136254,3579904
1558136255,4374528
1558136256,3555328
1558136257,4251648
1558136258,3530752
1558136259,4276224
1558136260,3538944
1558136261,4333568
1558136262,3563520
1558136263,4284416
1558136264,3710976
1558136265,4374528
1558136266,3645440
1558136267,4276224
1558136268,3571712
1558136269,4235264
1558136270,3538944
1558136271,4259840
1558136272,3579904
1558136273,4333568
1558136274,3506176
1558136275,4276224
1558136276,3588096
1558136277,4251648
1558136278,3571712
1558136279,4243456
1558136280,3694592
1558136281,4325376
1558136282,3612672
1558136283,4292608
1558136284,3563520
1558136285,4284416
1558136286,3547136
1558136287,4259840
1558136288,3538944
1558136289,4251648
1558136290,3530752
1558136291,4284416
1558136292,3563520
1558136293,4308992
1558136294,3719168
1558136295,4366336
1558136296,3645440
1558136297,4268032
1558136298,3571712
1558136299,4259840
1558136300,3563520
1558136301,4325376
1558136302,3596288
1558136303,4341760
1558136304,3522560
1558136305,4284416
1558136306,3506176
1558136307,4243456
1558136308,3579904
1558136309,4251648
1558136310,3604480
1558136311,4349952
1558136312,3530752
1558136313,4308992
1558136314,3670016
1558136315,4325376
1558136316,3629056
1558136317,4333568
1558136318,3547136
1558136319,4341760
1558136320,3710976
1558136321,4292608
1558136322,3678208
1558136323,4325376
1558136324,3571712
1558136325,4325376
1558136326,3637248
1558136327,4349952
1558136328,3686400
1558136329,4349952
1558136330,3555328
1558136331,4292608
1558136332,3530752
1558136333,4317184
1558136334,3653632
1558136335,4317184
1558136336,3571712
1558136337,4382720
1558136338,3538944
1558136339,4284416
1558136340,3555328
1558136341,4349952
1558136342,3571712
1558136343,4268032
1558136344,3678208
1558136345,4333568
1558136346,3563520
1558136347,4243456
1558136348,3629056
1558136349,4300800
1558136350,3538944
1558136351,4218880
1558136352,3563520
1558136353,4284416
1558136354,3538944
1558136355,4268032
1558136356,3571712
1558136357,4292608
1558136358,3645440
1558136359,4284416
1558136360,3620864
1558136361,4284416
1558136362,3620864
1558136363,4341760
1558136364,3555328
1558136365,4243456
1558136366,3604480
1558136367,4374528
1558136368,3530752
1558136369,4243456
1558136370,3620864
1558136371,4349952
1558136372,3637248
1558136373,4268032
1558136374,3629056
1558136375,4308992
1558136376,3596288
1558136377,4308992
1558136378,3579904
1558136379,4259840
1558136380,3588096
1558136381,4308992
1558136382,3694592
1558136383,4341760
1558136384,3645440
1558136385,4349952
1558136386,3571712
1558136387,4382720
1558136388,3588096
1558136389,4374528
1558136390,3612672
1558136391,4366336
1558136392,3563520
1558136393,4317184
1558136394,3563520
1558136395,4259840
1558136396,3522560
1558136397,4227072
1558136398,3629056
1558136399,4349952
1558136400,3538944
1558136401,4251648
1558136402,3702784
1558136403,4300800
1558136404,3620864
1558136405,4227072
1558136406,3579904
1558136407,4210688
1558136408,3612672
1558136409,4300800
1558136410,3661824
1558136411,4349952
1558136412,3645440
1558136413,4366336
1558136414,3489792
1558136415,4317184
1558136416,3538944
1558136417,4292608
1558136418,3612672
1558136419,4284416
1558136420,3473408
1558136421,4218880
1558136422,3571712
1558136423,4243456
1558136424,3694592
1558136425,4325376
1558136426,3530752
1558136427,4325376
1558136428,3596288
1558136429,4284416
1558136430,3670016
1558136431,4308992
1558136432,3514368
1558136433,4333568
1558136434,3514368
1558136435,4218880
1558136436,3637248
1558136437,4366336
1558136438,3579904
1558136439,4358144
1558136440,3612672
1558136441,4382720
1558136442,3629056
1558136443,4349952
1558136444,3629056
1558136445,4308992
1558136446,3497984
1558136447,4218880
1558136448,3522560
1558136449,4276224
1558136450,3530752
1558136451,4268032
1558136452,3579904
1558136453,4276224
1558136454,3555328
1558136455,4243456
1558136456,3547136
1558136457,4227072
1558136458,3497984
1558136459,4251648
1558136460,3612672
1558136461,4284416
1558136462,3547136
1558136463,4235264
1558136464,3637248
1558136465,4341760
1558136466,3555328
1558136467,4268032
1558136468,3620864
1558136469,4333568
1558136470,3604480
1558136471,4268032
1558136472,3694592
1558136473,4358144
1558136474,3555328
1558136475,4292608
1558136476,3571712
1558136477,4308992
1558136478,3620864
1558136479,4284416
1558136480,3571712
1558136481,4292608
1558136482,3547136
1558136483,4218880
1558136484,3604480
1558136485,4333568
1558136486,3571712
1558136487,4268032
1558136488,3604480
1558136489,4325376
1558136490,3579904
1558136491,4300800
1558136492,3604480
1558136493,4308992
1558136494,3604480
1558136495,4284416
1558136496,3694592
1558136497,4366336
1558136498,3620864
1558136499,4308992
1558136500,3555328
1558136501,4218880
1558136502,3522560
1558136503,4227072
1558136504,3530752
1558136505,4259840
1558136506,3563520
1558136507,4268032
1558136508,3571712
1558136509,4333568
1558136510,3670016
1558136511,4358144
1558136512,3571712
1558136513,4243456
1558136514,3522560
1558136515,4317184
1558136516,3547136
1558136517,4276224
1558136518,3547136
1558136519,4268032
1558136520,3604480
1558136521,4251648
1558136522,3579904
1558136523,4276224
1558136524,3530752
1558136525,4218880
1558136526,3538944
1558136527,4259840
1558136528,3694592
1558136529,4358144
1558136530,3588096
1558136531,4276224
1558136532,3596288
1558136533,4292608
1558136534,3522560
1558136535,4292608
1558136536,3563520
1558136537,4349952
1558136538,3588096
1558136539,4300800
1558136540,3555328
1558136541,4235264
1558136542,3620864
1558136543,4333568
1558136544,3571712
1558136545,4259840
1558136546,3579904
1558136547,4292608
1558136548,3612672
1558136549,4341760
1558136550,3547136
1558136551,4268032
1558136552,3506176
1558136553,4194304
1558136554,3579904
1558136555,4243456
1558136556,3555328
1558136557,4227072
1558136558,3604480
1558136559,4268032
1558136560,3555328
1558136561,4333568
1558136562,3604480
1558136563,4268032
1558136564,3604480
1558136565,4251648
1558136566,3530752
1558136567,4276224
1558136568,3637248
1558136569,4308992
1558136570,3555328
1558136571,4210688
1558136572,3571712
1558136573,4317184
1558136574,3547136
1558136575,4284416
1558136576,3620864
1558136577,4341760
1558136578,3522560
1558136579,4243456
1558136580,3653632
1558136581,4341760
1558136582,3661824
1558136583,4292608
1558136584,3538944
1558136585,4259840
1558136586,3686400
1558136587,4358144
1558136588,3571712
1558136589,4259840
1558136590,3555328
1558136591,4308992
1558136592,3653632
1558136593,4349952
1558136594,3629056
1558136595,4276224
1558136596,3629056
1558136597,4276224
1558136598,3555328
1558136599,4251648
1558136600,3710976
1558136601,4358144
1558136602,3604480
1558136603,4251648
1558136604,3645440
1558136605,4292608
1558136606,3547136
1558136607,4251648
1558136608,3637248
1558136609,4317184
1558136610,3653632
1558136611,4317184
1558136612,3653632
1558136613,4349952
1558136614,3555328
1558136615,4292608
1558136616,3637248
1558136617,4374528
1558136618,3653632
1558136619,4333568
1558136620,3612672
1558136621,4374528
1558136622,3579904
1558136623,4325376
1558136624,3563520
1558136625,4358144
1558136626,3497984
1558136627,4308992
1558136628,3653632
1558136629,4308992
1558136630,3538944
1558136631,4284416
1558136632,3538944
1558136633,4268032
1558136634,3653632
1558136635,4333568
1558136636,3710976
1558136637,4358144
1558136638,3555328
1558136639,4325376
1558136640,3547136
1558136641,4251648
1558136642,3596288
1558136643,4308992
1558136644,3645440
1558136645,4300800
1558136646,3571712
1558136647,4284416
1558136648,3604480
1558136649,4317184
1558136650,3571712
1558136651,4235264
1558136652,3653632
1558136653,4333568
1558136654,3604480
1558136655,4259840
1558136656,3547136
1558136657,4284416
1558136658,3563520
1558136659,4325376
1558136660,3579904
1558136661,4235264
1558136662,3727360
1558136663,4390912
1558136664,3694592
1558136665,4317184
1558136666,3653632
1558136667,4333568
1558136668,3653632
1558136669,4300800
1558136670,3702784
1558136671,4374528
1558136672,3604480
1558136673,4317184
1558136674,3637248
1558136675,4358144
1558136676,3563520
1558136677,4366336
1558136678,3571712
1558136679,4284416
1558136680,3637248
1558136681,4308992
1558136682,3538944
1558136683,4251648
1558136684,3588096
1558136685,4308992
1558136686,3661824
1558136687,4308992
1558136688,3678208
1558136689,4333568
1558136690,3620864
1558136691,4300800
1558136692,3555328
1558136693,4292608
1558136694,3579904
1558136695,4284416
1558136696,3538944
1558136697,4284416
1558136698,3522560
1558136699,4251648
1558136700,3661824
1558136701,4292608
1558136702,3555328
1558136703,4292608
1558136704,3497984
1558136705,4259840
1558136706,3579904
1558136707,4308992
1558136708,3555328
1558136709,4308992
1558136710,3596288
1558136711,4284416
1558136712,3571712
1558136713,4227072
1558136714,3563520
1558136715,4251648
1558136716,3637248
1558136717,4300800
1558136718,3571712
1558136719,4227072
1558136720,3604480
1558136721,4259840
1558136722,3538944
1558136723,4235264
1558136724,3620864
1558136725,4268032
1558136726,3571712
1558136727,4210688
1558136728,3629056
1558136729,4268032
1558136730,3612672
1558136731,4284416
1558136732,3571712
1558136733,4276224
1558136734,3629056
1558136735,4259840
1558136736,3686400
1558136737,4358144
1558136738,3579904
1558136739,4227072
1558136740,3596288
1558136741,4292608
1558136742,3653632
1558136743,4292608
1558136744,3563520
1558136745,4251648
1558136746,3620864
1558136747,4358144
1558136748,3506176
1558136749,4202496
1558136750,3604480
1558136751,4259840
1558136752,3604480
1558136753,4333568
1558136754,3579904
1558136755,4276224
1558136756,3645440
1558136757,4284416
1558136758,3653632
1558136759,4284416
1558136760,3489792
1558136761,4218880
1558136762,3530752
1558136763,4235264
1558136764,3678208
1558136765,4374528
1558136766,3563520
1558136767,4268032
1558136768,3563520
1558136769,4292608
1558136770,3547136
1558136771,4292608
1558136772,3579904
1558136773,4251648
1558136774,3563520
1558136775,4268032
1558136776,3571712
1558136777,4276224
1558136778,3596288
1558136779,4300800
1558136780,3571712
1558136781,4325376
1558136782,3571712
1558136783,4251648
1558136784,3661824
1558136785,4349952
1558136786,3522560
1558136787,4243456
1558136788,3645440
1558136789,4333568
1558136790,3645440
1558136791,4308992
1558136792,3596288
1558136793,4268032
1558136794,3629056
1558136795,4300800
1558136796,3653632
1558136797,4366336
1558136798,3563520
1558136799,4251648
1558136800,3629056
1558136801,4325376
1558136802,3620864
1558136803,4292608
1558136804,3514368
1558136805,4284416
1558136806,3571712
1558136807,4243456
1558136808,3686400
1558136809,4317184
1558136810,3629056
1558136811,4292608
1558136812,3588096
1558136813,4251648
1558136814,3629056
1558136815,4308992
1558136816,3645440
1558136817,4349952
1558136818,3530752
1558136819,4317184
1558136820,3612672
1558136821,4358144
1558136822,3555328
1558136823,4341760
1558136824,3571712
1558136825,4251648
1558136826,3579904
1558136827,4284416
1558136828,3629056
1558136829,4284416
1558136830,3571712
1558136831,4284416
1558136832,3547136
1558136833,4259840
1558136834,3579904
1558136835,4276224
1558136836,3620864
1558136837,4382720
1558136838,3522560
1558136839,4268032
1558136840,3563520
1558136841,4349952
1558136842,3629056
1558136843,4341760
1558136844,3522560
1558136845,4333568
1558136846,3522560
1558136847,4333568
1558136848,3514368
1558136849,4259840
1558136850,3555328
1558136851,4317184
1558136852,3571712
1558136853,4358144
1558136854,3547136
1558136855,4300800
1558136856,3563520
1558136857,4284416
1558136858,3710976
1558136859,4390912
1558136860,3604480
1558136861,4268032
1558136862,3571712
1558136863,4333568
1558136864,3547136
1558136865,4276224
1558136866,3579904
1558136867,4292608
1558136868,3637248
1558136869,4325376
1558136870,3563520
1558136871,4210688
1558136872,3489792
1558136873,4210688
1558136874,3547136
1558136875,4251648
1558136876,3555328
1558136877,4259840
1558136878,3538944
1558136879,4235264
1558136880,3686400
1558136881,4358144
1558136882,3637248
1558136883,4284416
1558136884,3555328
1558136885,4251648
1558136886,3637248
1558136887,4317184
1558136888,3522560
1558136889,4300800
1558136890,3506176
1558136891,4276224
1558136892,3653632
1558136893,4308992
1558136894,3710976
1558136895,4333568
1558136896,3497984
1558136897,4218880
1558136898,3604480
1558136899,4251648
1558136900,3481600
1558136901,4251648
1558136902,3588096
1558136903,4333568
1558136904,3530752
1558136905,4227072
1558136906,3555328
1558136907,4276224
1558136908,3506176
1558136909,4308992
1558136910,3612672
1558136911,4251648
1558136912,3571712
1558136913,4366336
1558136914,3563520
1558136915,4268032
1558136916,3686400
1558136917,4317184
1558136918,3579904
1558136919,4341760
1558136920,3604480
1558136921,4325376
1558136922,3555328
1558136923,4284416
1558136924,3678208
1558136925,4390912
1558136926,3563520
1558136927,4341760
1558136928,3489792
1558136929,4251648
1558136930,3571712
1558136931,4235264
1558136932,3612672
1558136933,4259840
1558136934,3588096
1558136935,4284416
1558136936,3579904
1558136937,4276224
1558136938,3637248
1558136939,4300800
1558136940,3588096
1558136941,4218880
1558136942,3612672
1558136943,4308992
1558136944,3637248
1558136945,4292608
1558136946,3481600
1558136947,4202496
1558136948,3530752
1558136949,4227072
1558136950,3555328
1558136951,4194304
1558136952,3670016
1558136953,4349952
1558136954,3653632
1558136955,4292608
1558136956,3719168
1558136957,4382720
1558136958,3620864
1558136959,4325376
1558136960,3588096
1558136961,4325376
1558136962,3522560
1558136963,4243456
1558136964,3571712
1558136965,4210688
1558136966,3538944
1558136967,4194304
1558136968,3514368
1558136969,4218880
1558136970,3571712
1558136971,4227072
1558136972,3497984
1558136973,4202496
1558136974,3555328
1558136975,4218880
1558136976,3538944
1558136977,4292608
1558136978,3645440
1558136979,4333568
1558136980,3670016
1558136981,4325376
1558136982,3522560
1558136983,4341760
1558136984,3620864
1558136985,4284416
1558136986,3604480
1558136987,4284416
1558136988,3637248
1558136989,4341760
1558136990,3653632
1558136991,4358144
1558136992,3555328
1558136993,4284416
1558136994,3514368
1558136995,4317184
1558136996,3579904
1558136997,4243456
1558136998,3588096
1558136999,4300800
1558137000,3588096
1558137001,4300800
1558137002,3735552
1558137003,4407296
1558137004,3629056
1558137005,4341760
1558137006,3620864
1558137007,4284416
1558137008,3514368
1558137009,4243456
1558137010,3555328
1558137011,4235264
1558137012,3555328
1558137013,4218880
1558137014,3579904
1558137015,4235264
1558137016,3678208
1558137017,4358144
1558137018,3653632
1558137019,4358144
1558137020,3579904
1558137021,4284416
1558137022,3629056
1558137023,4358144
1558137024,3645440
1558137025,4333568
1558137026,3588096
1558137027,4325376
1558137028,3588096
1558137029,4268032
1558137030,3670016
1558137031,4325376
1558137032,3506176
1558137033,4284416
1558137034,3506176
1558137035,4235264
1558137036,3596288
1558137037,4243456
1558137038,3588096
1558137039,4235264
1558137040,3506176
1558137041,4300800
1558137042,3555328
1558137043,4268032
1558137044,3547136
1558137045,4325376
1558137046,3457024
1558137047,4251648
1558137048,3629056
1558137049,4308992
1558137050,3555328
1558137051,4317184
1558137052,3563520
1558137053,4333568
1558137054,3604480
1558137055,4284416
1558137056,3555328
1558137057,4251648
1558137058,3481600
1558137059,4276224
1558137060,3555328
1558137061,4292608
1558137062,3530752
1558137063,4276224
1558137064,3629056
1558137065,4317184
1558137066,3629056
1558137067,4325376
1558137068,3489792
1558137069,4292608
1558137070,3686400
1558137071,4308992
1558137072,3612672
1558137073,4349952
1558137074,3538944
1558137075,4259840
1558137076,3678208
1558137077,4349952
1558137078,3571712
1558137079,4268032
1558137080,3588096
1558137081,4333568
1558137082,3620864
1558137083,4358144
1558137084,3547136
1558137085,4341760
1558137086,3563520
1558137087,4300800
1558137088,3653632
1558137089,4300800
1558137090,3645440
1558137091,4374528
1558137092,3645440
1558137093,4358144
1558137094,3563520
1558137095,4300800
1558137096,3661824
1558137097,4341760
1558137098,3678208
1558137099,4284416
1558137100,3653632
1558137101,4325376
1558137102,3637248
1558137103,4284416
1558137104,3538944
1558137105,4243456
1558137106,3588096
1558137107,4243456
1558137108,3620864
1558137109,4317184
1558137110,3686400
1558137111,4358144
1558137112,3563520
1558137113,4284416
1558137114,3637248
1558137115,4382720
1558137116,3612672
1558137117,4341760
1558137118,3620864
1558137119,4358144
1558137120,3457024
1558137121,4227072
1558137122,3596288
1558137123,4333568
1558137124,3612672
1558137125,4358144
1558137126,3588096
1558137127,4308992
1558137128,3530752
1558137129,4259840
1558137130,3563520
1558137131,4308992
1558137132,3612672
1558137133,4349952
1558137134,3579904
1558137135,4325376
1558137136,3620864
1558137137,4284416
1558137138,3629056
1558137139,4300800
1558137140,3514368
1558137141,4284416
1558137142,3596288
1558137143,4333568
1558137144,3637248
1558137145,4349952
1558137146,3596288
1558137147,4374528
1558137148,3645440
1558137149,4341760
1558137150,3514368
1558137151,4317184
1558137152,3530752
1558137153,4308992
1558137154,3547136
1558137155,4210688
1558137156,3571712
1558137157,4210688
1558137158,3596288
1558137159,4243456
1558137160,3653632
1558137161,4284416
1558137162,3604480
1558137163,4243456
1558137164,3563520
1558137165,4243456
1558137166,3661824
1558137167,4292608
1558137168,3506176
1558137169,4259840
1558137170,3604480
1558137171,4259840
1558137172,3555328
1558137173,4243456
1558137174,3563520
1558137175,4284416
1558137176,3604480
1558137177,4284416
1558137178,3588096
1558137179,4284416
1558137180,3596288
1558137181,4308992
1558137182,3514368
1558137183,4284416
1558137184,3538944
1558137185,4235264
1558137186,3563520
1558137187,4333568
1558137188,3563520
1558137189,4333568
1558137190,3637248
1558137191,4292608
1558137192,3735552
1558137193,4390912
1558137194,3547136
1558137195,4259840
1558137196,3620864
1558137197,4276224
1558137198,3694592
1558137199,4333568
1558137200,3653632
1558137201,4333568
1558137202,3629056
1558137203,4333568
1558137204,3661824
1558137205,4308992
1558137206,3637248
1558137207,4284416
1558137208,3481600
1558137209,4251648
1558137210,3612672
1558137211,4227072
1558137212,3629056
1558137213,4300800
1558137214,3555328
1558137215,4349952
1558137216,3604480
1558137217,4374528
1558137218,3588096
1558137219,4284416
1558137220,3547136
1558137221,4276224
1558137222,3522560
1558137223,4194304
1558137224,3629056
1558137225,4325376
1558137226,3538944
1558137227,4251648
1558137228,3522560
1558137229,4292608
1558137230,3612672
1558137231,4300800
1558137232,3579904
1558137233,4317184
1558137234,3588096
1558137235,4308992
1558137236,3653632
1558137237,4292608
1558137238,3588096
1558137239,4243456
1558137240,3547136
1558137241,4284416
1558137242,3547136
1558137243,4300800
1558137244,3727360
1558137245,4366336
1558137246,3612672
1558137247,4227072
1558137248,3522560
1558137249,4268032
1558137250,3497984
1558137251,4243456
1558137252,3579904
1558137253,4308992
1558137254,3620864
1558137255,4366336
1558137256,3522560
1558137257,4259840
1558137258,3620864
1558137259,4276224
1558137260,3563520
1558137261,4243456
1558137262,3563520
1558137263,4259840
1558137264,3620864
1558137265,4300800
1558137266,3571712
1558137267,4308992
1558137268,3547136
1558137269,4284416
1558137270,3620864
1558137271,4276224
1558137272,3596288
1558137273,4235264
1558137274,3547136
1558137275,4243456
1558137276,3530752
1558137277,4227072
1558137278,3620864
1558137279,4308992
1558137280,3596288
1558137281,4341760
1558137282,3604480
1558137283,4268032
1558137284,3645440
1558137285,4259840
1558137286,3629056
1558137287,4325376
1558137288,3497984
1558137289,4251648
1558137290,3645440
1558137291,4284416
1558137292,3620864
1558137293,4259840
1558137294,3637248
1558137295,4308992
1558137296,3596288
1558137297,4349952
1558137298,3612672
1558137299,4300800
1558137300,3596288
1558137301,4284416
1558137302,3522560
1558137303,4349952
1558137304,3579904
1558137305,4268032
1558137306,3547136
1558137307,4276224
1558137308,3538944
1558137309,4218880
1558137310,3563520
1558137311,4251648
1558137312,3653632
1558137313,4317184
1558137314,3588096
1558137315,4276224
1558137316,3670016
1558137317,4325376
1558137318,3629056
1558137319,4292608
1558137320,3489792
1558137321,4251648
1558137322,3604480
1558137323,4333568
1558137324,3571712
1558137325,4276224
1558137326,3612672
1558137327,4284416
1558137328,3629056
1558137329,4268032
1558137330,3538944
1558137331,4308992
1558137332,3588096
1558137333,4284416
1558137334,3620864
1558137335,4268032
1558137336,3489792
1558137337,4284416
1558137338,3571712
1558137339,4358144
1558137340,3514368
1558137341,4259840
1558137342,3637248
1558137343,4292608
1558137344,3604480
1558137345,4276224
1558137346,3612672
1558137347,4259840
1558137348,3686400
1558137349,4341760
1558137350,3571712
1558137351,4300800
1558137352,3579904
1558137353,4259840
1558137354,3588096
1558137355,4268032
1558137356,3612672
1558137357,4349952
1558137358,3588096
1558137359,4259840
1558137360,3604480
1558137361,4251648
1558137362,3588096
1558137363,4259840
1558137364,3547136
1558137365,4317184
1558137366,3514368
1558137367,4268032
1558137368,3645440
1558137369,4341760
1558137370,3596288
1558137371,4349952
1558137372,3596288
1558137373,4308992
1558137374,3719168
1558137375,4407296
1558137376,3522560
1558137377,4308992
1558137378,3579904
1558137379,4317184
1558137380,3563520
1558137381,4292608
1558137382,3522560
1558137383,4243456
1558137384,3588096
1558137385,4259840
1558137386,3596288
1558137387,4251648
1558137388,3514368
1558137389,4284416
1558137390,3489792
1558137391,4251648
1558137392,3694592
1558137393,4358144
1558137394,3629056
1558137395,4308992
1558137396,3506176
1558137397,4186112
1558137398,3579904
1558137399,4300800
1558137400,3473408
1558137401,4210688
1558137402,3702784
1558137403,4276224
1558137404,3686400
1558137405,4308992
1558137406,3465216
1558137407,4243456
1558137408,3645440
1558137409,4349952
1558137410,3604480
1558137411,4317184
1558137412,3538944
1558137413,4366336
1558137414,3571712
1558137415,4284416
1558137416,3670016
1558137417,4382720
1558137418,3588096
1558137419,4325376
1558137420,3678208
1558137421,4284416
1558137422,3547136
1558137423,4276224
1558137424,3653632
1558137425,4358144
1558137426,3620864
1558137427,4268032
1558137428,3563520
1558137429,4186112
1558137430,3547136
1558137431,4235264
1558137432,3506176
1558137433,4243456
1558137434,3522560
1558137435,4259840
1558137436,3768320
1558137437,4358144
1558137438,3637248
1558137439,4300800
1558137440,3571712
1558137441,4284416
1558137442,3522560
1558137443,4349952
1558137444,3579904
1558137445,4333568
1558137446,3670016
1558137447,4276224
1558137448,3588096
1558137449,4300800
1558137450,3620864
1558137451,4292608
1558137452,3620864
1558137453,4325376
1558137454,3538944
1558137455,4259840
1558137456,3514368
1558137457,4284416
1558137458,3653632
1558137459,4325376
1558137460,3555328
1558137461,4243456
1558137462,3547136
1558137463,4325376
1558137464,3538944
1558137465,4268032
1558137466,3579904
1558137467,4292608
1558137468,3530752
1558137469,4235264
1558137470,3530752
1558137471,4300800
1558137472,3481600
1558137473,4268032
1558137474,3530752
1558137475,4259840
1558137476,3522560
1558137477,4284416
1558137478,3522560
1558137479,4251648
1558137480,3563520
1558137481,4235264
1558137482,3538944
1558137483,4292608
1558137484,3514368
1558137485,4227072
1558137486,3645440
1558137487,4292608
1558137488,3522560
1558137489,4292608
1558137490,3612672
1558137491,4317184
1558137492,3596288
1558137493,4308992
1558137494,3637248
1558137495,4292608
1558137496,3629056
1558137497,4333568
1558137498,3620864
1558137499,4349952
1558137500,3538944
1558137501,4341760
1558137502,3497984
1558137503,4259840
1558137504,3571712
1558137505,4284416
1558137506,3563520
1558137507,4292608
1558137508,3604480
1558137509,4292608
1558137510,3702784
1558137511,4358144
1558137512,3629056
1558137513,4268032
1558137514,3538944
1558137515,4268032
1558137516,3596288
1558137517,4276224
1558137518,3653632
1558137519,4333568
1558137520,3612672
1558137521,4349952
1558137522,3661824
1558137523,4349952
1558137524,3579904
1558137525,4284416
1558137526,3719168
1558137527,4341760
1558137528,3596288
1558137529,4325376
1558137530,3596288
1558137531,4358144
1558137532,3571712
1558137533,4317184
1558137534,3604480
1558137535,4300800
1558137536,3645440
1558137537,4349952
1558137538,3661824
1558137539,4308992
1558137540,3670016
1558137541,4325376
1558137542,3530752
1558137543,4218880
1558137544,3637248
1558137545,4349952
1558137546,3522560
1558137547,4300800
1558137548,3473408
1558137549,4243456
1558137550,3530752
1558137551,4259840
1558137552,3506176
1558137553,4186112
1558137554,3530752
1558137555,4202496
1558137556,3579904
1558137557,4284416
1558137558,3612672
1558137559,4268032
1558137560,3702784
1558137561,4374528
1558137562,3702784
1558137563,4358144
1558137564,3547136
1558137565,4317184
1558137566,3563520
1558137567,4317184
1558137568,3710976
1558137569,4374528
1558137570,3547136
1558137571,4243456
1558137572,3596288
1558137573,4358144
1558137574,3719168
1558137575,4333568
1558137576,3678208
1558137577,4308992
1558137578,3678208
1558137579,4349952
1558137580,3686400
1558137581,4399104
1558137582,3596288
1558137583,4358144
1558137584,3555328
1558137585,4284416
1558137586,3547136
1558137587,4276224
1558137588,3530752
1558137589,4259840
1558137590,3678208
1558137591,4300800
1558137592,3547136
1558137593,4276224
1558137594,3530752
1558137595,4276224
1558137596,3538944
1558137597,4227072
1558137598,3678208
1558137599,4325376
1558137600,3645440
1558137601,4308992
1558137602,3620864
1558137603,4358144
1558137604,3612672
1558137605,4308992
1558137606,3547136
1558137607,4333568
1558137608,3702784
1558137609,4333568
1558137610,3637248
1558137611,4292608
1558137612,3670016
1558137613,4366336
1558137614,3653632
1558137615,4292608
1558137616,3612672
1558137617,4358144
1558137618,3653632
1558137619,4276224
1558137620,3538944
1558137621,4284416
1558137622,3653632
1558137623,4235264
1558137624,3670016
1558137625,4358144
1558137626,3489792
1558137627,4243456
1558137628,3694592
1558137629,4325376
1558137630,3620864
1558137631,4325376
1558137632,3612672
1558137633,4292608
1558137634,3735552
1558137635,4407296
1558137636,3604480
1558137637,4374528
1558137638,3620864
1558137639,4292608
1558137640,3596288
1558137641,4251648
1558137642,3604480
1558137643,4317184
1558137644,3538944
1558137645,4333568
1558137646,3661824
1558137647,4317184
1558137648,3563520
1558137649,4317184
1558137650,3588096
1558137651,4308992
1558137652,3588096
1558137653,4292608
1558137654,3547136
1558137655,4333568
1558137656,3547136
1558137657,4300800
1558137658,3629056
1558137659,4317184
1558137660,3604480
1558137661,4300800
1558137662,3629056
1558137663,4358144
1558137664,3563520
1558137665,4358144
1558137666,3530752
1558137667,4276224
1558137668,3686400
1558137669,4382720
1558137670,3629056
1558137671,4284416
1558137672,3620864
1558137673,4284416
1558137674,3588096
1558137675,4382720
1558137676,3596288
1558137677,4284416
1558137678,3645440
1558137679,4317184
1558137680,3612672
1558137681,4317184
1558137682,3489792
1558137683,4243456
1558137684,3571712
1558137685,4243456
1558137686,3637248
1558137687,4276224
1558137688,3596288
1558137689,4374528
1558137690,3604480
1558137691,4292608
1558137692,3760128
1558137693,4382720
1558137694,3555328
1558137695,4325376
1558137696,3612672
1558137697,4333568
1558137698,3588096
1558137699,4292608
1558137700,3563520
1558137701,4243456
1558137702,3497984
1558137703,4284416
1558137704,3538944
1558137705,4243456
1558137706,3506176
1558137707,4235264
1558137708,3571712
1558137709,4251648
1558137710,3702784
1558137711,4366336
1558137712,3653632
1558137713,4308992
1558137714,3637248
1558137715,4325376
1558137716,3710976
1558137717,4390912
1558137718,3547136
1558137719,4325376
1558137720,3481600
1558137721,4218880
1558137722,3530752
1558137723,4268032
1558137724,3620864
1558137725,4284416
1558137726,3604480
1558137727,4268032
1558137728,3588096
1558137729,4292608
1558137730,3710976
1558137731,4317184
1558137732,3596288
1558137733,4308992
1558137734,3514368
1558137735,4325376
1558137736,3555328
1558137737,4276224
1558137738,3579904
1558137739,4300800
1558137740,3588096
1558137741,4268032
1558137742,3563520
1558137743,4333568
1558137744,3506176
1558137745,4243456
1558137746,3538944
1558137747,4308992
1558137748,3620864
1558137749,4300800
1558137750,3670016
1558137751,4333568
1558137752,3538944
1558137753,4308992
1558137754,3555328
1558137755,4325376
1558137756,3571712
1558137757,4317184
1558137758,3555328
1558137759,4259840
1558137760,3670016
1558137761,4284416
1558137762,3555328
1558137763,4268032
1558137764,3629056
1558137765,4284416
1558137766,3604480
1558137767,4308992
1558137768,3522560
1558137769,4210688
1558137770,3514368
1558137771,4251648
1558137772,3571712
1558137773,4227072
1558137774,3522560
1558137775,4268032
1558137776,3555328
1558137777,4308992
1558137778,3645440
1558137779,4317184
1558137780,3694592
1558137781,4358144
1558137782,3506176
1558137783,4300800
1558137784,3629056
1558137785,4382720
1558137786,3538944
1558137787,4374528
1558137788,3596288
1558137789,4358144
1558137790,3571712
1558137791,4276224
1558137792,3620864
1558137793,4366336
1558137794,3497984
1558137795,4259840
1558137796,3678208
1558137797,4358144
1558137798,3489792
1558137799,4235264
1558137800,3571712
1558137801,4227072
1558137802,3629056
1558137803,4308992
1558137804,3555328
1558137805,4227072
1558137806,3670016
1558137807,4366336
1558137808,3670016
1558137809,4341760
1558137810,3506176
1558137811,4235264
1558137812,3497984
1558137813,4243456
1558137814,3588096
1558137815,4341760
1558137816,3514368
1558137817,4235264
1558137818,3473408
1558137819,4161536
1558137820,3571712
1558137821,4186112
1558137822,3563520
1558137823,4325376
1558137824,3612672
1558137825,4292608
1558137826,3489792
1558137827,4251648
1558137828,3629056
1558137829,4292608
1558137830,3596288
1558137831,4259840
1558137832,3547136
1558137833,4259840
1558137834,3596288
1558137835,4259840
1558137836,3653632
1558137837,4308992
1558137838,3661824
1558137839,4268032
1558137840,3670016
1558137841,4276224
1558137842,3547136
1558137843,4268032
1558137844,3579904
1558137845,4227072
1558137846,3563520
1558137847,4243456
1558137848,3637248
1558137849,4333568
1558137850,3457024
1558137851,4235264
1558137852,3555328
1558137853,4333568
1558137854,3588096
1558137855,4358144
1558137856,3538944
1558137857,4300800
1558137858,3620864
1558137859,4259840
1558137860,3522560
1558137861,4268032
1558137862,3547136
1558137863,4325376
1558137864,3514368
1558137865,4235264
1558137866,3620864
1558137867,4284416
1558137868,3555328
1558137869,4284416
1558137870,3620864
1558137871,4358144
1558137872,3538944
1558137873,4325376
1558137874,3571712
1558137875,4349952
1558137876,3645440
1558137877,4292608
1558137878,3629056
1558137879,4341760
1558137880,3538944
1558137881,4235264
1558137882,3538944
1558137883,4243456
1558137884,3555328
1558137885,4325376
1558137886,3571712
1558137887,4300800
1558137888,3645440
1558137889,4349952
1558137890,3694592
1558137891,4374528
1558137892,3547136
1558137893,4243456
1558137894,3514368
1558137895,4292608
1558137896,3588096
1558137897,4292608
1558137898,3571712
1558137899,4268032
1558137900,3547136
1558137901,4268032
1558137902,3612672
1558137903,4210688
1558137904,3538944
1558137905,4300800
1558137906,3596288
1558137907,4349952
1558137908,3645440
1558137909,4341760
1558137910,3538944
1558137911,4243456
1558137912,3555328
1558137913,4308992
1558137914,3604480
1558137915,4300800
1558137916,3604480
1558137917,4276224
1558137918,3604480
1558137919,4308992
1558137920,3579904
1558137921,4308992
1558137922,3563520
1558137923,4325376
1558137924,3497984
1558137925,4308992
1558137926,3620864
1558137927,4325376
1558137928,3530752
1558137929,4292608
1558137930,3653632
1558137931,4358144
1558137932,3547136
1558137933,4268032
1558137934,3489792
1558137935,4227072
1558137936,3719168
1558137937,4390912
1558137938,3555328
1558137939,4333568
1558137940,3465216
1558137941,4268032
1558137942,3776512
1558137943,4374528
1558137944,3596288
1558137945,4284416
1558137946,3457024
1558137947,4243456
1558137948,3670016
1558137949,4284416
1558137950,3661824
1558137951,4268032
1558137952,3514368
1558137953,4308992
1558137954,3555328
1558137955,4243456
1558137956,3571712
1558137957,4292608
1558137958,3670016
1558137959,4374528
1558137960,3571712
1558137961,4341760
1558137962,3702784
1558137963,4399104
1558137964,3579904
1558137965,4284416
1558137966,3530752
1558137967,4292608
1558137968,3547136
1558137969,4292608
1558137970,3547136
1558137971,4243456
1558137972,3563520
1558137973,4284416
1558137974,3522560
1558137975,4235264
1558137976,3604480
1558137977,4341760
1558137978,3563520
1558137979,4333568
1558137980,3596288
1558137981,4358144
1558137982,3555328
1558137983,4317184
1558137984,3604480
1558137985,4333568
1558137986,3670016
1558137987,4341760
1558137988,3735552
1558137989,4407296
1558137990,3530752
1558137991,4308992
1558137992,3497984
1558137993,4300800
1558137994,3571712
1558137995,4276224
1558137996,3645440
1558137997,4276224
1558137998,3538944
1558137999,4292608
1558138000,3588096
1558138001,4300800
1558138002,3571712
1558138003,4268032
1558138004,3612672
1558138005,4268032
1558138006,3596288
1558138007,4284416
1558138008,3629056
1558138009,4382720
1558138010,3530752
1558138011,4325376
1558138012,3571712
1558138013,4308992
1558138014,3547136
1558138015,4292608
1558138016,3596288
1558138017,4259840
1558138018,3612672
1558138019,4251648
1558138020,3629056
1558138021,4300800
1558138022,3514368
1558138023,4276224
1558138024,3645440
1558138025,4325376
1558138026,3588096
1558138027,4276224
1558138028,3547136
1558138029,4341760
1558138030,3588096
1558138031,4284416
1558138032,3555328
1558138033,4292608
1558138034,3571712
1558138035,4276224
1558138036,3530752
1558138037,4210688
1558138038,3661824
1558138039,4325376
1558138040,3588096
1558138041,4317184
1558138042,3522560
1558138043,4202496
1558138044,3604480
1558138045,4218880
1558138046,3555328
1558138047,4308992
1558138048,3579904
1558138049,4284416
1558138050,3588096
1558138051,4317184
1558138052,3514368
1558138053,4268032
1558138054,3555328
1558138055,4276224
1558138056,3604480
1558138057,4259840
1558138058,3612672
1558138059,4292608
1558138060,3547136
1558138061,4276224
1558138062,3547136
1558138063,4284416
1558138064,3563520
1558138065,4300800
1558138066,3588096
1558138067,4341760
1558138068,3547136
1558138069,4194304
1558138070,3670016
1558138071,4366336
1558138072,3629056
1558138073,4333568
1558138074,3661824
1558138075,4325376
1558138076,3670016
1558138077,4284416
1558138078,3506176
1558138079,4268032
1558138080,3661824
1558138081,4325376
1558138082,3596288
1558138083,4276224
1558138084,3563520
1558138085,4218880
1558138086,3571712
1558138087,4276224
1558138088,3604480
1558138089,4317184
1558138090,3571712
1558138091,4308992
1558138092,3596288
1558138093,4243456
1558138094,3530752
1558138095,4259840
1558138096,3538944
1558138097,4251648
1558138098,3645440
1558138099,4292608
1558138100,3497984
1558138101,4227072
1558138102,3596288
1558138103,4202496
1558138104,3604480
1558138105,4259840
1558138106,3629056
1558138107,4276224
1558138108,3563520
1558138109,4177920
1558138110,3596288
1558138111,4308992
1558138112,3653632
1558138113,4292608
1558138114,3637248
1558138115,4308992
1558138116,3481600
1558138117,4268032
1558138118,3571712
1558138119,4300800
1558138120,3506176
1558138121,4218880
1558138122,3522560
1558138123,4259840
1558138124,3629056
1558138125,4300800
1558138126,3629056
1558138127,4317184
1558138128,3547136
1558138129,4292608
1558138130,3620864
1558138131,4243456
1558138132,3637248
1558138133,4284416
1558138134,3604480
1558138135,4390912
1558138136,3620864
1558138137,4292608
1558138138,3670016
1558138139,4308992
1558138140,3612672
1558138141,4251648
1558138142,3506176
1558138143,4235264
1558138144,3547136
1558138145,4349952
1558138146,3645440
1558138147,4276224
1558138148,3604480
1558138149,4341760
1558138150,3579904
1558138151,4251648
1558138152,3588096
1558138153,4284416
1558138154,3612672
1558138155,4300800
1558138156,3514368
1558138157,4276224
1558138158,3522560
1558138159,4259840
1558138160,3538944
1558138161,4276224
1558138162,3555328
1558138163,4259840
1558138164,3678208
1558138165,4358144
1558138166,3694592
1558138167,4325376
1558138168,3555328
1558138169,4227072
1558138170,3571712
1558138171,4251648
1558138172,3555328
1558138173,4259840
1558138174,3538944
1558138175,4300800
1558138176,3653632
1558138177,4308992
1558138178,3612672
1558138179,4268032
1558138180,3555328
1558138181,4251648
1558138182,3506176
1558138183,4251648
1558138184,3571712
1558138185,4284416
1558138186,3522560
1558138187,4243456
1558138188,3530752
1558138189,4325376
1558138190,3481600
1558138191,4227072
1558138192,3637248
1558138193,4300800
1558138194,3612672
1558138195,4218880
1558138196,3588096
1558138197,4251648
1558138198,3563520
1558138199,4259840
1558138200,3686400
1558138201,4341760
1558138202,3514368
1558138203,4194304
1558138204,3530752
1558138205,4284416
1558138206,3547136
1558138207,4202496
1558138208,3571712
1558138209,4186112
1558138210,3547136
1558138211,4243456
1558138212,3538944
1558138213,4251648
1558138214,3489792
1558138215,4284416
1558138216,3506176
1558138217,4243456
1558138218,3538944
1558138219,4210688
1558138220,3588096
1558138221,4227072
1558138222,3670016
1558138223,4300800
1558138224,3555328
1558138225,4317184
1558138226,3686400
1558138227,4308992
1558138228,3571712
1558138229,4251648
1558138230,3670016
1558138231,4341760
1558138232,3620864
1558138233,4259840
1558138234,3596288
1558138235,4325376
1558138236,3678208
1558138237,4358144
1558138238,3645440
1558138239,4366336
1558138240,3522560
1558138241,4284416
1558138242,3497984
1558138243,4243456
1558138244,3522560
1558138245,4243456
1558138246,3588096
1558138247,4268032
1558138248,3653632
1558138249,4300800
1558138250,3481600
1558138251,4202496
1558138252,3702784
1558138253,4366336
1558138254,3612672
1558138255,4276224
1558138256,3538944
1558138257,4268032
1558138258,3588096
1558138259,4292608
1558138260,3637248
1558138261,4268032
1558138262,3694592
1558138263,4300800
1558138264,3661824
1558138265,4308992
1558138266,3571712
1558138267,4308992
1558138268,3530752
1558138269,4235264
1558138270,3645440
1558138271,4292608
1558138272,3629056
1558138273,4276224
1558138274,3620864
1558138275,4317184
1558138276,3612672
1558138277,4259840
1558138278,3620864
1558138279,4276224
1558138280,3522560
1558138281,4210688
1558138282,3555328
1558138283,4251648
1558138284,3579904
1558138285,4358144
1558138286,3555328
1558138287,4292608
1558138288,3579904
1558138289,4268032
1558138290,3604480
1558138291,4333568
1558138292,3571712
1558138293,4300800
1558138294,3686400
1558138295,4333568
1558138296,3497984
1558138297,4292608
1558138298,3563520
1558138299,4243456
1558138300,3522560
1558138301,4210688
1558138302,3497984
1558138303,4300800
1558138304,3588096
1558138305,4243456
1558138306,3661824
1558138307,4292608
1558138308,3555328
1558138309,4235264
1558138310,3596288
1558138311,4259840
1558138312,3637248
1558138313,4284416
1558138314,3604480
1558138315,4251648
1558138316,3489792
1558138317,4235264
1558138318,3678208
1558138319,4341760
1558138320,3555328
1558138321,4202496
1558138322,3497984
1558138323,4276224
1558138324,3465216
1558138325,4177920
1558138326,3596288
1558138327,4333568
1558138328,3653632
1558138329,4292608
1558138330,3629056
1558138331,4358144
1558138332,3522560
1558138333,4251648
1558138334,3555328
1558138335,4317184
1558138336,3620864
1558138337,4333568
1558138338,3579904
1558138339,4268032
1558138340,3686400
1558138341,4366336
1558138342,3678208
1558138343,4374528
1558138344,3571712
1558138345,4300800
1558138346,3563520
1558138347,4366336
1558138348,3579904
1558138349,4300800
1558138350,3579904
1558138351,4300800
1558138352,3735552
1558138353,4358144
1558138354,3629056
1558138355,4317184
1558138356,3694592
1558138357,4390912
1558138358,3538944
1558138359,4276224
1558138360,3497984
1558138361,4251648
1558138362,3670016
1558138363,4341760
1558138364,3538944
1558138365,4317184
1558138366,3661824
1558138367,4276224
1558138368,3661824
1558138369,4276224
1558138370,3538944
1558138371,4235264
1558138372,3629056
1558138373,4333568
1558138374,3547136
1558138375,4276224
1558138376,3473408
1558138377,4284416
1558138378,3637248
1558138379,4325376
1558138380,3571712
1558138381,4333568
1558138382,3563520
1558138383,4284416
1558138384,3514368
1558138385,4292608
1558138386,3645440
1558138387,4300800
1558138388,3620864
1558138389,4268032
1558138390,3579904
1558138391,4218880
1558138392,3588096
1558138393,4235264
1558138394,3604480
1558138395,4292608
1558138396,3489792
1558138397,4243456
1558138398,3596288
1558138399,4276224
1558138400,3579904
1558138401,4349952
1558138402,3579904
1558138403,4251648
1558138404,3530752
1558138405,4284416
1558138406,3571712
1558138407,4251648
1558138408,3514368
1558138409,4308992
1558138410,3661824
1558138411,4333568
1558138412,3596288
1558138413,4210688
1558138414,3522560
1558138415,4259840
1558138416,3555328
1558138417,4341760
1558138418,3661824
1558138419,4268032
1558138420,3538944
1558138421,4292608
1558138422,3522560
1558138423,4251648
1558138424,3653632
1558138425,4308992
1558138426,3670016
1558138427,4300800
1558138428,3579904
1558138429,4259840
1558138430,3661824
1558138431,4308992
1558138432,3596288
1558138433,4325376
1558138434,3530752
1558138435,4235264
1558138436,3645440
1558138437,4284416
1558138438,3645440
1558138439,4276224
1558138440,3604480
1558138441,4292608
1558138442,3661824
1558138443,4325376
1558138444,3555328
1558138445,4276224
1558138446,3637248
1558138447,4341760
1558138448,3555328
1558138449,4259840
1558138450,3645440
1558138451,4308992
1558138452,3670016
1558138453,4358144
1558138454,3530752
1558138455,4317184
1558138456,3653632
1558138457,4308992
1558138458,3620864
1558138459,4268032
1558138460,3530752
1558138461,4268032
1558138462,3670016
1558138463,4358144
1558138464,3661824
1558138465,4349952
1558138466,3473408
1558138467,4251648
1558138468,3596288
1558138469,4300800
1558138470,3612672
1558138471,4300800
1558138472,3579904
1558138473,4317184
1558138474,3555328
1558138475,4358144
1558138476,3612672
1558138477,4407296
1558138478,3596288
1558138479,4366336
1558138480,3555328
1558138481,4284416
1558138482,3620864
1558138483,4325376
1558138484,3514368
1558138485,4292608
1558138486,3497984
1558138487,4276224
1558138488,3538944
1558138489,4300800
1558138490,3506176
1558138491,4300800
1558138492,3702784
1558138493,4349952
1558138494,3678208
1558138495,4300800
1558138496,3629056
1558138497,4284416
1558138498,3637248
1558138499,4358144
1558138500,3506176
1558138501,4300800
1558138502,3563520
1558138503,4349952
1558138504,3522560
1558138505,4276224
1558138506,3571712
1558138507,4325376
1558138508,3555328
1558138509,4284416
1558138510,3563520
1558138511,4333568
1558138512,3579904
1558138513,4268032
1558138514,3571712
1558138515,4292608
1558138516,3563520
1558138517,4268032
1558138518,3497984
1558138519,4300800
1558138520,3612672
1558138521,4276224
1558138522,3579904
1558138523,4300800
1558138524,3547136
1558138525,4259840
1558138526,3579904
1558138527,4300800
1558138528,3579904
1558138529,4292608
1558138530,3538944
1558138531,4268032
1558138532,3530752
1558138533,4259840
1558138534,3555328
1558138535,4292608
1558138536,3620864
1558138537,4382720
1558138538,3522560
1558138539,4292608
1558138540,3588096
1558138541,4300800
1558138542,3547136
1558138543,4251648
1558138544,3637248
1558138545,4292608
1558138546,3563520
1558138547,4308992
1558138548,3588096
1558138549,4276224
1558138550,3530752
1558138551,4276224
1558138552,3620864
1558138553,4276224
1558138554,3694592
1558138555,4358144
1558138556,3563520
1558138557,4308992
1558138558,3579904
1558138559,4358144
1558138560,3571712
1558138561,4317184
1558138562,3514368
1558138563,4308992
1558138564,3563520
1558138565,4300800
1558138566,3620864
1558138567,4366336
1558138568,3661824
1558138569,4333568
1558138570,3547136
1558138571,4284416
1558138572,3596288
1558138573,4284416
1558138574,3629056
1558138575,4259840
1558138576,3588096
1558138577,4243456
1558138578,3710976
1558138579,4366336
1558138580,3555328
1558138581,4308992
1558138582,3571712
1558138583,4292608
1558138584,3612672
1558138585,4276224
1558138586,3604480
1558138587,4259840
1558138588,3563520
1558138589,4251648
1558138590,3596288
1558138591,4300800
1558138592,3653632
1558138593,4300800
1558138594,3555328
1558138595,4268032
1558138596,3555328
1558138597,4227072
1558138598,3694592
1558138599,4382720
1558138600,3547136
1558138601,4243456
1558138602,3686400
1558138603,4415488
1558138604,3661824
1558138605,4374528
1558138606,3596288
1558138607,4292608
1558138608,3588096
1558138609,4259840
1558138610,3530752
1558138611,4210688
1558138612,3604480
1558138613,4251648
1558138614,3719168
1558138615,4374528
1558138616,3645440
1558138617,4292608
1558138618,3620864
1558138619,4333568
1558138620,3514368
1558138621,4325376
1558138622,3579904
1558138623,4333568
1558138624,3588096
1558138625,4292608
1558138626,3612672
1558138627,4317184
1558138628,3612672
1558138629,4243456
1558138630,3555328
1558138631,4300800
1558138632,3514368
1558138633,4259840
1558138634,3588096
1558138635,4333568
1558138636,3661824
1558138637,4292608
1558138638,3571712
1558138639,4333568
1558138640,3596288
1558138641,4308992
1558138642,3645440
1558138643,4374528
1558138644,3514368
1558138645,4259840
1558138646,3588096
1558138647,4259840
1558138648,3661824
1558138649,4341760
1558138650,3530752
1558138651,4317184
1558138652,3588096
1558138653,4284416
1558138654,3547136
1558138655,4317184
1558138656,3530752
1558138657,4235264
1558138658,3637248
1558138659,4317184
1558138660,3514368
1558138661,4218880
1558138662,3563520
1558138663,4259840
1558138664,3653632
1558138665,4268032
1558138666,3612672
1558138667,4317184
1558138668,3497984
1558138669,4259840
1558138670,3571712
1558138671,4243456
1558138672,3530752
1558138673,4268032
1558138674,3530752
1558138675,4202496
1558138676,3653632
1558138677,4300800
1558138678,3620864
1558138679,4341760
1558138680,3637248
1558138681,4358144
1558138682,3579904
1558138683,4308992
1558138684,3604480
1558138685,4243456
1558138686,3547136
1558138687,4235264
1558138688,3571712
1558138689,4300800
1558138690,3596288
1558138691,4317184
1558138692,3571712
1558138693,4276224
1558138694,3620864
1558138695,4268032
1558138696,3538944
1558138697,4300800
1558138698,3686400
1558138699,4308992
1558138700,3596288
1558138701,4210688
1558138702,3653632
1558138703,4292608
1558138704,3571712
1558138705,4268032
1558138706,3555328
1558138707,4259840
1558138708,3530752
1558138709,4218880
1558138710,3596288
1558138711,4251648
1558138712,3702784
1558138713,4325376
1558138714,3497984
1558138715,4243456
1558138716,3489792
1558138717,4268032
1558138718,3547136
1558138719,4243456
1558138720,3579904
1558138721,4374528
1558138722,3530752
1558138723,4259840
1558138724,3612672
1558138725,4300800
1558138726,3629056
1558138727,4341760
1558138728,3497984
1558138729,4349952
1558138730,3547136
1558138731,4325376
1558138732,3604480
1558138733,4218880
1558138734,3530752
1558138735,4284416
1558138736,3588096
1558138737,4259840
1558138738,3604480
1558138739,4300800
1558138740,3547136
1558138741,4300800
1558138742,3547136
1558138743,4243456
1558138744,3547136
1558138745,4268032
1558138746,3661824
1558138747,4358144
1558138748,3588096
1558138749,4268032
1558138750,3620864
1558138751,4251648
1558138752,3645440
1558138753,4317184
1558138754,3620864
1558138755,4268032
1558138756,3579904
1558138757,4259840
1558138758,3645440
1558138759,4292608
1558138760,3637248
1558138761,4284416
1558138762,3497984
1558138763,4243456
1558138764,3530752
1558138765,4251648
1558138766,3653632
1558138767,4349952
1558138768,3522560
1558138769,4333568
1558138770,3579904
1558138771,4259840
1558138772,3604480
1558138773,4333568
1558138774,3538944
1558138775,4308992
1558138776,3555328
1558138777,4259840
1558138778,3653632
1558138779,4308992
1558138780,3612672
1558138781,4325376
1558138782,3645440
1558138783,4325376
1558138784,3571712
1558138785,4227072
1558138786,3588096
1558138787,4235264
1558138788,3678208
1558138789,4349952
1558138790,3538944
1558138791,4259840
1558138792,3678208
1558138793,4308992
1558138794,3612672
1558138795,4374528
1558138796,3530752
1558138797,4292608
1558138798,3702784
1558138799,4292608
1558138800,3588096
1558138801,4276224
1558138802,3538944
1558138803,4235264
1558138804,3637248
1558138805,4259840
1558138806,3579904
1558138807,4259840
1558138808,3514368
1558138809,4161536
1558138810,3571712
1558138811,4235264
1558138812,3588096
1558138813,4284416
1558138814,3571712
1558138815,4251648
1558138816,3629056
1558138817,4268032
1558138818,3661824
1558138819,4292608
1558138820,3473408
1558138821,4243456
1558138822,3604480
1558138823,4317184
1558138824,3571712
1558138825,4349952
1558138826,3481600
1558138827,4218880
1558138828,3522560
1558138829,4308992
1558138830,3579904
1558138831,4243456
1558138832,3579904
1558138833,4292608
1558138834,3645440
1558138835,4300800
1558138836,3514368
1558138837,4251648
1558138838,3579904
1558138839,4300800
1558138840,3727360
1558138841,4382720
1558138842,3579904
1558138843,4284416
1558138844,3645440
1558138845,4308992
1558138846,3629056
1558138847,4284416
1558138848,3620864
1558138849,4308992
1558138850,3588096
1558138851,4317184
1558138852,3506176
1558138853,4235264
1558138854,3620864
1558138855,4292608
1558138856,3710976
1558138857,4358144
1558138858,3489792
1558138859,4251648
1558138860,3637248
1558138861,4308992
1558138862,3678208
1558138863,4390912
1558138864,3637248
1558138865,4292608
1558138866,3661824
1558138867,4308992
1558138868,3686400
1558138869,4407296
1558138870,3530752
1558138871,4317184
1558138872,3571712
1558138873,4251648
1558138874,3596288
1558138875,4300800
1558138876,3522560
1558138877,4317184
1558138878,3563520
1558138879,4325376
1558138880,3563520
1558138881,4259840
1558138882,3604480
1558138883,4308992
1558138884,3563520
1558138885,4366336
1558138886,3678208
1558138887,4341760
1558138888,3727360
1558138889,4399104
1558138890,3530752
1558138891,4235264
1558138892,3637248
1558138893,4374528
1558138894,3670016
1558138895,4407296
1558138896,3653632
1558138897,4341760
1558138898,3563520
1558138899,4292608
1558138900,3563520
1558138901,4276224
1558138902,3481600
1558138903,4218880
1558138904,3547136
1558138905,4251648
1558138906,3547136
1558138907,4333568
1558138908,3522560
1558138909,4243456
1558138910,3629056
1558138911,4349952
1558138912,3555328
1558138913,4300800
1558138914,3588096
1558138915,4243456
1558138916,3604480
1558138917,4251648
1558138918,3588096
1558138919,4325376
1558138920,3563520
1558138921,4276224
1558138922,3588096
1558138923,4341760
1558138924,3588096
1558138925,4374528
1558138926,3670016
1558138927,4358144
1558138928,3538944
1558138929,4325376
1558138930,3612672
1558138931,4358144
1558138932,3596288
1558138933,4308992
1558138934,3571712
1558138935,4358144
1558138936,3506176
1558138937,4268032
1558138938,3571712
1558138939,4251648
1558138940,3547136
1558138941,4284416
1558138942,3473408
1558138943,4235264
1558138944,3710976
1558138945,4366336
1558138946,3596288
1558138947,4268032
1558138948,3530752
1558138949,4317184
1558138950,3563520
1558138951,4251648
1558138952,3620864
1558138953,4308992
1558138954,3645440
1558138955,4333568
1558138956,3612672
1558138957,4268032
1558138958,3588096
1558138959,4284416
1558138960,3694592
1558138961,4333568
1558138962,3670016
1558138963,4325376
1558138964,3579904
1558138965,4243456
1558138966,3653632
1558138967,4341760
1558138968,3579904
1558138969,4268032
1558138970,3579904
1558138971,4276224
1558138972,3629056
1558138973,4268032
1558138974,3612672
1558138975,4284416
1558138976,3555328
1558138977,4259840
1558138978,3629056
1558138979,4268032
1558138980,3670016
1558138981,4325376
1558138982,3620864
1558138983,4235264
1558138984,3620864
1558138985,4292608
1558138986,3563520
1558138987,4333568
1558138988,3506176
1558138989,4268032
1558138990,3497984
1558138991,4268032
1558138992,3596288
1558138993,4284416
1558138994,3522560
1558138995,4300800
1558138996,3588096
1558138997,4268032
1558138998,3563520
1558138999,4227072
1558139000,3571712
1558139001,4276224
1558139002,3579904
1558139003,4292608
1558139004,3571712
1558139005,4210688
1558139006,3588096
1558139007,4268032
1558139008,3547136
1558139009,4251648
1558139010,3481600
1558139011,4235264
1558139012,3637248
1558139013,4300800
1558139014,3555328
1558139015,4202496
1558139016,3481600
1558139017,4276224
1558139018,3530752
1558139019,4284416
1558139020,3538944
1558139021,4243456
1558139022,3596288
1558139023,4292608
1558139024,3571712
1558139025,4349952
1558139026,3563520
1558139027,4358144
1558139028,3596288
1558139029,4218880
1558139030,3596288
1558139031,4276224
1558139032,3596288
1558139033,4235264
1558139034,3596288
1558139035,4227072
1558139036,3555328
1558139037,4325376
1558139038,3579904
1558139039,4308992
1558139040,3522560
1558139041,4284416
1558139042,3555328
1558139043,4300800
1558139044,3481600
1558139045,4235264
1558139046,3637248
1558139047,4243456
1558139048,3620864
1558139049,4251648
1558139050,3571712
1558139051,4284416
1558139052,3579904
1558139053,4227072
1558139054,3612672
1558139055,4374528
1558139056,3555328
1558139057,4276224
1558139058,3653632
1558139059,4325376
1558139060,3596288
1558139061,4308992
1558139062,3506176
1558139063,4218880
1558139064,3629056
1558139065,4268032
1558139066,3678208
1558139067,4358144
1558139068,3612672
1558139069,4308992
1558139070,3612672
1558139071,4268032
1558139072,3514368
1558139073,4251648
1558139074,3612672
1558139075,4251648
1558139076,3653632
1558139077,4308992
1558139078,3604480
1558139079,4218880
1558139080,3571712
1558139081,4268032
1558139082,3571712
1558139083,4235264
1558139084,3563520
1558139085,4235264
1558139086,3653632
1558139087,4284416
1558139088,3612672
1558139089,4227072
1558139090,3678208
1558139091,4259840
1558139092,3596288
1558139093,4292608
1558139094,3555328
1558139095,4227072
1558139096,3596288
1558139097,4276224
1558139098,3530752
1558139099,4235264
1558139100,3637248
1558139101,4276224
1558139102,3555328
1558139103,4235264
1558139104,3547136
1558139105,4235264
1558139106,3563520
1558139107,4259840
1558139108,3612672
1558139109,4276224
1558139110,3563520
1558139111,4259840
1558139112,3489792
1558139113,4300800
1558139114,3571712
1558139115,4284416
1558139116,3563520
1558139117,4276224
1558139118,3538944
1558139119,4218880
1558139120,3571712
1558139121,4308992
1558139122,3596288
1558139123,4300800
1558139124,3563520
1558139125,4243456
1558139126,3702784
1558139127,4308992
1558139128,3604480
1558139129,4235264
1558139130,3694592
1558139131,4374528
1558139132,3678208
1558139133,4308992
1558139134,3776512
1558139135,4423680
1558139136,3563520
1558139137,4268032
1558139138,3629056
1558139139,4317184
1558139140,3596288
1558139141,4292608
1558139142,3538944
1558139143,4292608
1558139144,3522560
1558139145,4292608
1558139146,3735552
1558139147,4382720
1558139148,3530752
1558139149,4292608
1558139150,3563520
1558139151,4366336
1558139152,3506176
1558139153,4276224
1558139154,3530752
1558139155,4202496
1558139156,3661824
1558139157,4300800
1558139158,3530752
1558139159,4210688
1558139160,3538944
1558139161,4218880
1558139162,3489792
1558139163,4268032
1558139164,3637248
1558139165,4284416
1558139166,3661824
1558139167,4317184
1558139168,3497984
1558139169,4243456
1558139170,3538944
1558139171,4186112
1558139172,3596288
1558139173,4235264
1558139174,3694592
1558139175,4390912
1558139176,3555328
1558139177,4259840
1558139178,3645440
1558139179,4243456
1558139180,3522560
1558139181,4202496
1558139182,3530752
1558139183,4243456
1558139184,3620864
1558139185,4259840
1558139186,3563520
1558139187,4268032
1558139188,3563520
1558139189,4251648
1558139190,3588096
1558139191,4317184
1558139192,3596288
1558139193,4325376
1558139194,3481600
1558139195,4308992
1558139196,3563520
1558139197,4235264
1558139198,3530752
1558139199,4251648
1558139200,3571712
1558139201,4300800
1558139202,3555328
1558139203,4259840
1558139204,3497984
1558139205,4235264
1558139206,3514368
1558139207,4210688
1558139208,3604480
1558139209,4259840
1558139210,3661824
1558139211,4292608
1558139212,3604480
1558139213,4308992
1558139214,3588096
1558139215,4308992
1558139216,3571712
1558139217,4243456
1558139218,3670016
1558139219,4333568
1558139220,3719168
1558139221,4341760
1558139222,3538944
1558139223,4259840
1558139224,3506176
1558139225,4308992
1558139226,3661824
1558139227,4292608
1558139228,3563520
1558139229,4317184
1558139230,3473408
1558139231,4268032
1558139232,3538944
1558139233,4308992
1558139234,3522560
1558139235,4317184
1558139236,3612672
1558139237,4284416
1558139238,3629056
1558139239,4259840
1558139240,3629056
1558139241,4284416
1558139242,3563520
1558139243,4251648
1558139244,3538944
1558139245,4284416
1558139246,3538944
1558139247,4218880
1558139248,3489792
1558139249,4210688
1558139250,3522560
1558139251,4276224
1558139252,3563520
1558139253,4218880
1558139254,3579904
1558139255,4235264
1558139256,3604480
1558139257,4284416
1558139258,3506176
1558139259,4194304
1558139260,3719168
1558139261,4390912
1558139262,3637248
1558139263,4333568
1558139264,3645440
1558139265,4317184
1558139266,3702784
1558139267,4382720
1558139268,3661824
1558139269,4333568
1558139270,3612672
1558139271,4349952
1558139272,3604480
1558139273,4399104
1558139274,3686400
1558139275,4366336
1558139276,3645440
1558139277,4358144
1558139278,3547136
1558139279,4308992
1558139280,3571712
1558139281,4325376
1558139282,3596288
1558139283,4366336
1558139284,3489792
1558139285,4317184
1558139286,3579904
1558139287,4374528
1558139288,3547136
1558139289,4251648
1558139290,3653632
1558139291,4292608
1558139292,3596288
1558139293,4259840
1558139294,3506176
1558139295,4284416
1558139296,3620864
1558139297,4341760
1558139298,3530752
1558139299,4218880
1558139300,3538944
1558139301,4284416
1558139302,3571712
1558139303,4259840
1558139304,3448832
1558139305,4177920
1558139306,3514368
1558139307,4210688
1558139308,3555328
1558139309,4268032
1558139310,3522560
1558139311,4251648
1558139312,3735552
1558139313,4382720
1558139314,3612672
1558139315,4300800
1558139316,3571712
1558139317,4251648
1558139318,3727360
1558139319,4382720
1558139320,3571712
1558139321,4259840
1558139322,3579904
1558139323,4276224
1558139324,3612672
1558139325,4358144
1558139326,3653632
1558139327,4333568
1558139328,3555328
1558139329,4308992
1558139330,3637248
1558139331,4292608
1558139332,3604480
1558139333,4333568
1558139334,3555328
1558139335,4292608
1558139336,3629056
1558139337,4284416
1558139338,3678208
1558139339,4341760
1558139340,3506176
1558139341,4300800
1558139342,3620864
1558139343,4308992
1558139344,3571712
1558139345,4317184
1558139346,3547136
1558139347,4341760
1558139348,3571712
1558139349,4333568
1558139350,3555328
1558139351,4276224
1558139352,3522560
1558139353,4235264
1558139354,3629056
1558139355,4333568
1558139356,3588096
1558139357,4341760
1558139358,3653632
1558139359,4325376
1558139360,3727360
1558139361,4399104
1558139362,3702784
1558139363,4374528
1558139364,3514368
1558139365,4276224
1558139366,3555328
1558139367,4325376
1558139368,3571712
1558139369,4325376
1558139370,3612672
1558139371,4276224
1558139372,3588096
1558139373,4268032
1558139374,3522560
1558139375,4259840
1558139376,3497984
1558139377,4227072
1558139378,3579904
1558139379,4300800
1558139380,3563520
1558139381,4235264
1558139382,3620864
1558139383,4259840
1558139384,3588096
1558139385,4227072
1558139386,3645440
1558139387,4292608
1558139388,3497984
1558139389,4276224
1558139390,3571712
1558139391,4325376
1558139392,3719168
1558139393,4399104
1558139394,3604480
1558139395,4349952
1558139396,3547136
1558139397,4358144
1558139398,3547136
1558139399,4268032
1558139400,3604480
1558139401,4308992
1558139402,3645440
1558139403,4333568
1558139404,3571712
1558139405,4243456
1558139406,3645440
1558139407,4349952
1558139408,3686400
1558139409,4317184
1558139410,3579904
1558139411,4276224
1558139412,3522560
1558139413,4317184
1558139414,3686400
1558139415,4358144
1558139416,3563520
1558139417,4341760
1558139418,3563520
1558139419,4300800
1558139420,3629056
1558139421,4300800
1558139422,3538944
1558139423,4251648
1558139424,3489792
1558139425,4194304
1558139426,3579904
1558139427,4300800
1558139428,3620864
1558139429,4349952
1558139430,3563520
1558139431,4276224
1558139432,3678208
1558139433,4308992
1558139434,3571712
1558139435,4251648
1558139436,3629056
1558139437,4251648
1558139438,3653632
1558139439,4308992
1558139440,3612672
1558139441,4268032
1558139442,3678208
1558139443,4358144
1558139444,3555328
1558139445,4333568
1558139446,3506176
1558139447,4243456
1558139448,3571712
1558139449,4227072
1558139450,3653632
1558139451,4292608
1558139452,3588096
1558139453,4251648
1558139454,3514368
1558139455,4243456
1558139456,3563520
1558139457,4243456
1558139458,3547136
1558139459,4251648
1558139460,3612672
1558139461,4259840
1558139462,3612672
1558139463,4276224
1558139464,3506176
1558139465,4259840
1558139466,3522560
1558139467,4276224
1558139468,3604480
1558139469,4341760
1558139470,3588096
1558139471,4317184
1558139472,3694592
1558139473,4317184
1558139474,3653632
1558139475,4341760
1558139476,3538944
1558139477,4243456
1558139478,3604480
1558139479,4366336
1558139480,3538944
1558139481,4308992
1558139482,3522560
1558139483,4284416
1558139484,3579904
1558139485,4235264
1558139486,3670016
1558139487,4276224
1558139488,3563520
1558139489,4218880
1558139490,3629056
1558139491,4300800
1558139492,3629056
1558139493,4358144
1558139494,3588096
1558139495,4333568
1558139496,3563520
1558139497,4284416
1558139498,3588096
1558139499,4284416
1558139500,3612672
1558139501,4341760
1558139502,3547136
1558139503,4300800
1558139504,3629056
1558139505,4235264
1558139506,3637248
1558139507,4374528
1558139508,3588096
1558139509,4284416
1558139510,3579904
1558139511,4366336
1558139512,3563520
1558139513,4333568
1558139514,3555328
1558139515,4317184
1558139516,3604480
1558139517,4300800
1558139518,3743744
1558139519,4382720
1558139520,3678208
1558139521,4333568
1558139522,3530752
1558139523,4194304
1558139524,3637248
1558139525,4317184
1558139526,3620864
1558139527,4227072
1558139528,3629056
1558139529,4284416
1558139530,3571712
1558139531,4227072
1558139532,3653632
1558139533,4317184
1558139534,3719168
1558139535,4407296
1558139536,3686400
1558139537,4382720
1558139538,3588096
1558139539,4333568
1558139540,3694592
1558139541,4325376
1558139542,3563520
1558139543,4333568
1558139544,3506176
1558139545,4284416
1558139546,3530752
1558139547,4292608
1558139548,3604480
1558139549,4251648
1558139550,3629056
1558139551,4349952
1558139552,3530752
1558139553,4235264
1558139554,3678208
1558139555,4276224
1558139556,3637248
1558139557,4317184
1558139558,3530752
1558139559,4243456
1558139560,3497984
1558139561,4202496
1558139562,3620864
1558139563,4259840
1558139564,3670016
1558139565,4276224
1558139566,3481600
1558139567,4169728
1558139568,3538944
1558139569,4268032
1558139570,3588096
1558139571,4251648
1558139572,3670016
1558139573,4292608
1558139574,3588096
1558139575,4308992
1558139576,3588096
1558139577,4243456
1558139578,3678208
1558139579,4333568
1558139580,3588096
1558139581,4284416
1558139582,3645440
1558139583,4308992
1558139584,3612672
1558139585,4366336
1558139586,3538944
1558139587,4333568
1558139588,3555328
1558139589,4268032
1558139590,3629056
1558139591,4243456
1558139592,3555328
1558139593,4317184
1558139594,3604480
1558139595,4317184
1558139596,3588096
1558139597,4325376
1558139598,3538944
1558139599,4325376
1558139600,3637248
1558139601,4333568
1558139602,3596288
1558139603,4325376
1558139604,3497984
1558139605,4243456
1558139606,3629056
1558139607,4341760
1558139608,3629056
1558139609,4341760
1558139610,3661824
1558139611,4349952
1558139612,3497984
1558139613,4284416
1558139614,3563520
1558139615,4259840
1558139616,3645440
1558139617,4325376
1558139618,3629056
1558139619,4268032
1558139620,3530752
1558139621,4300800
1558139622,3465216
1558139623,4268032
1558139624,3596288
1558139625,4325376
1558139626,3579904
1558139627,4292608
1558139628,3596288
1558139629,4276224
1558139630,3538944
1558139631,4268032
1558139632,3538944
1558139633,4284416
1558139634,3645440
1558139635,4341760
1558139636,3629056
1558139637,4300800
1558139638,3481600
1558139639,4235264
1558139640,3547136
1558139641,4268032
1558139642,3579904
1558139643,4317184
1558139644,3571712
1558139645,4358144
1558139646,3555328
1558139647,4292608
1558139648,3719168
1558139649,4382720
1558139650,3678208
1558139651,4358144
1558139652,3694592
1558139653,4333568
1558139654,3620864
1558139655,4292608
1558139656,3596288
1558139657,4308992
1558139658,3620864
1558139659,4325376
1558139660,3489792
1558139661,4276224
1558139662,3522560
1558139663,4325376
1558139664,3596288
1558139665,4268032
1558139666,3588096
1558139667,4317184
1558139668,3555328
1558139669,4317184
1558139670,3506176
1558139671,4300800
1558139672,3620864
1558139673,4341760
1558139674,3547136
1558139675,4333568
1558139676,3555328
1558139677,4300800
1558139678,3571712
1558139679,4243456
1558139680,3645440
1558139681,4349952
1558139682,3678208
1558139683,4325376
1558139684,3596288
1558139685,4325376
1558139686,3530752
1558139687,4308992
1558139688,3571712
1558139689,4268032
1558139690,3596288
1558139691,4268032
1558139692,3514368
1558139693,4202496
1558139694,3596288
1558139695,4292608
1558139696,3678208
1558139697,4349952
1558139698,3719168
1558139699,4358144
1558139700,3588096
1558139701,4325376
1558139702,3530752
1558139703,4243456
1558139704,3563520
1558139705,4308992
1558139706,3579904
1558139707,4317184
1558139708,3571712
1558139709,4268032
1558139710,3612672
1558139711,4284416
1558139712,3579904
1558139713,4243456
1558139714,3588096
1558139715,4243456
1558139716,3579904
1558139717,4243456
1558139718,3522560
1558139719,4243456
1558139720,3555328
1558139721,4317184
1558139722,3547136
1558139723,4292608
1558139724,3506176
1558139725,4268032
1558139726,3522560
1558139727,4251648
1558139728,3555328
1558139729,4358144
1558139730,3612672
1558139731,4366336
1558139732,3612672
1558139733,4358144
1558139734,3678208
1558139735,4349952
1558139736,3620864
1558139737,4317184
1558139738,3522560
1558139739,4292608
1558139740,3678208
1558139741,4317184
1558139742,3588096
1558139743,4300800
1558139744,3637248
1558139745,4292608
1558139746,3620864
1558139747,4284416
1558139748,3694592
1558139749,4358144
1558139750,3645440
1558139751,4300800
1558139752,3538944
1558139753,4243456
1558139754,3612672
1558139755,4276224
1558139756,3612672
1558139757,4333568
1558139758,3555328
1558139759,4284416
1558139760,3645440
1558139761,4317184
1558139762,3588096
1558139763,4300800
1558139764,3645440
1558139765,4308992
1558139766,3702784
1558139767,4292608
1558139768,3612672
1558139769,4341760
1558139770,3579904
1558139771,4300800
1558139772,3579904
1558139773,4341760
1558139774,3588096
1558139775,4284416
1558139776,3702784
1558139777,4374528
1558139778,3522560
1558139779,4259840
1558139780,3547136
1558139781,4268032
1558139782,3571712
1558139783,4341760
1558139784,3497984
1558139785,4259840
1558139786,3596288
1558139787,4259840
1558139788,3612672
1558139789,4276224
1558139790,3489792
1558139791,4235264
1558139792,3612672
1558139793,4308992
1558139794,3571712
1558139795,4227072
1558139796,3579904
1558139797,4325376
1558139798,3604480
1558139799,4308992
1558139800,3563520
1558139801,4259840
1558139802,3670016
1558139803,4317184
1558139804,3538944
1558139805,4210688
1558139806,3563520
1558139807,4259840
1558139808,3670016
1558139809,4308992
1558139810,3735552
1558139811,4382720
1558139812,3530752
1558139813,4243456
1558139814,3555328
1558139815,4276224
1558139816,3604480
1558139817,4268032
1558139818,3670016
1558139819,4300800
1558139820,3743744
1558139821,4390912
1558139822,3678208
1558139823,4382720
1558139824,3579904
1558139825,4276224
1558139826,3612672
1558139827,4259840
1558139828,3538944
1558139829,4268032
1558139830,3506176
1558139831,4308992
1558139832,3620864
1558139833,4308992
1558139834,3563520
1558139835,4227072
1558139836,3579904
1558139837,4268032
1558139838,3522560
1558139839,4251648
1558139840,3645440
1558139841,4276224
1558139842,3604480
1558139843,4325376
1558139844,3571712
1558139845,4300800
1558139846,3563520
1558139847,4227072
1558139848,3678208
1558139849,4276224
1558139850,3588096
1558139851,4259840
1558139852,3522560
1558139853,4300800
1558139854,3563520
1558139855,4251648
1558139856,3522560
1558139857,4243456
1558139858,3735552
1558139859,4374528
1558139860,3555328
1558139861,4268032
1558139862,3522560
1558139863,4284416
1558139864,3555328
1558139865,4235264
1558139866,3538944
1558139867,4276224
1558139868,3620864
1558139869,4276224
1558139870,3571712
1558139871,4325376
1558139872,3596288
1558139873,4366336
1558139874,3579904
1558139875,4292608
1558139876,3489792
1558139877,4243456
1558139878,3579904
1558139879,4251648
1558139880,3629056
1558139881,4317184
1558139882,3481600
1558139883,4202496
1558139884,3497984
1558139885,4227072
1558139886,3596288
1558139887,4349952
1558139888,3522560
1558139889,4268032
1558139890,3547136
1558139891,4259840
1558139892,3538944
1558139893,4276224
1558139894,3530752
1558139895,4218880
1558139896,3579904
1558139897,4227072
1558139898,3604480
1558139899,4308992
1558139900,3563520
1558139901,4308992
1558139902,3522560
1558139903,4210688
1558139904,3538944
1558139905,4235264
1558139906,3555328
1558139907,4243456
1558139908,3620864
1558139909,4308992
1558139910,3465216
1558139911,4259840
1558139912,3612672
1558139913,4317184
1558139914,3538944
1558139915,4227072
1558139916,3555328
1558139917,4300800
1558139918,3686400
1558139919,4374528
1558139920,3612672
1558139921,4374528
1558139922,3702784
1558139923,4423680
1558139924,3579904
1558139925,4300800
1558139926,3588096
1558139927,4349952
1558139928,3588096
1558139929,4341760
1558139930,3571712
1558139931,4300800
1558139932,3555328
1558139933,4284416
1558139934,3555328
1558139935,4276224
1558139936,3514368
1558139937,4276224
1558139938,3612672
1558139939,4276224
1558139940,3719168
1558139941,4366336
1558139942,3645440
1558139943,4308992
1558139944,3596288
1558139945,4276224
1558139946,3563520
1558139947,4341760
1558139948,3645440
1558139949,4317184
1558139950,3571712
1558139951,4243456
1558139952,3645440
1558139953,4292608
1558139954,3596288
1558139955,4268032
1558139956,3743744
1558139957,4374528
1558139958,3489792
1558139959,4210688
1558139960,3497984
1558139961,4194304
1558139962,3588096
1558139963,4259840
1558139964,3661824
1558139965,4349952
1558139966,3538944
1558139967,4259840
1558139968,3497984
1558139969,4284416
1558139970,3514368
1558139971,4268032
1558139972,3588096
1558139973,4276224
1558139974,3629056
1558139975,4292608
1558139976,3612672
1558139977,4333568
1558139978,3653632
1558139979,4292608
1558139980,3596288
1558139981,4292608
1558139982,3653632
1558139983,4349952
1558139984,3547136
1558139985,4268032
1558139986,3538944
1558139987,4243456
1558139988,3620864
1558139989,4325376
1558139990,3522560
1558139991,4284416
1558139992,3604480
1558139993,4284416
1558139994,3645440
1558139995,4292608
1558139996,3522560
1558139997,4227072
1558139998,3563520
1558139999,4276224
1558140000,3563520
1558140001,4276224
1558140002,3481600
1558140003,4227072
1558140004,3514368
1558140005,4227072
1558140006,3571712
1558140007,4259840
1558140008,3563520
1558140009,4251648
1558140010,3596288
1558140011,4235264
1558140012,3612672
1558140013,4300800
1558140014,3497984
1558140015,4235264
1558140016,3506176
1558140017,4218880
1558140018,3645440
1558140019,4308992
1558140020,3571712
1558140021,4235264
1558140022,3579904
1558140023,4308992
1558140024,3514368
1558140025,4292608
1558140026,3579904
1558140027,4325376
1558140028,3538944
1558140029,4325376
1558140030,3637248
1558140031,4300800
1558140032,3555328
1558140033,4333568
1558140034,3547136
1558140035,4276224
1558140036,3514368
1558140037,4243456
1558140038,3547136
1558140039,4333568
1558140040,3555328
1558140041,4259840
1558140042,3629056
1558140043,4259840
1558140044,3612672
1558140045,4341760
1558140046,3547136
1558140047,4300800
1558140048,3694592
1558140049,4366336
1558140050,3571712
1558140051,4292608
1558140052,3514368
1558140053,4308992
1558140054,3555328
1558140055,4227072
1558140056,3547136
1558140057,4194304
1558140058,3612672
1558140059,4259840
1558140060,3448832
1558140061,4210688
1558140062,3637248
1558140063,4243456
1558140064,3637248
1558140065,4358144
1558140066,3465216
1558140067,4276224
1558140068,3473408
1558140069,4227072
1558140070,3571712
1558140071,4235264
1558140072,3629056
1558140073,4284416
1558140074,3661824
1558140075,4276224
1558140076,3538944
1558140077,4243456
1558140078,3555328
1558140079,4300800
1558140080,3563520
1558140081,4268032
1558140082,3670016
1558140083,4292608
1558140084,3538944
1558140085,4259840
1558140086,3612672
1558140087,4284416
1558140088,3571712
1558140089,4268032
1558140090,3506176
1558140091,4186112
1558140092,3514368
1558140093,4227072
1558140094,3588096
1558140095,4308992
1558140096,3588096
1558140097,4251648
1558140098,3563520
1558140099,4259840
1558140100,3481600
1558140101,4227072
1558140102,3538944
1558140103,4235264
1558140104,3538944
1558140105,4349952
1558140106,3547136
1558140107,4300800
1558140108,3448832
1558140109,4218880
1558140110,3522560
1558140111,4333568
1558140112,3522560
1558140113,4276224
1558140114,3702784
1558140115,4333568
1558140116,3645440
1558140117,4300800
1558140118,3538944
1558140119,4292608
1558140120,3694592
1558140121,4374528
1558140122,3719168
1558140123,4366336
1558140124,3588096
1558140125,4300800
1558140126,3604480
1558140127,4308992
1558140128,3588096
1558140129,4292608
1558140130,3514368
1558140131,4218880
1558140132,3547136
1558140133,4202496
1558140134,3538944
1558140135,4268032
1558140136,3620864
1558140137,4276224
1558140138,3719168
1558140139,4358144
1558140140,3604480
1558140141,4317184
1558140142,3473408
1558140143,4235264
1558140144,3629056
1558140145,4333568
1558140146,3612672
1558140147,4251648
1558140148,3620864
1558140149,4300800
1558140150,3555328
1558140151,4292608
1558140152,3596288
1558140153,4374528
1558140154,3571712
1558140155,4333568
1558140156,3563520
1558140157,4300800
1558140158,3571712
1558140159,4358144
1558140160,3571712
1558140161,4341760
1558140162,3670016
1558140163,4333568
1558140164,3571712
1558140165,4358144
1558140166,3563520
1558140167,4325376
1558140168,3596288
1558140169,4259840
1558140170,3645440
1558140171,4276224
1558140172,3670016
1558140173,4268032
1558140174,3547136
1558140175,4268032
1558140176,3530752
1558140177,4284416
1558140178,3620864
1558140179,4308992
1558140180,3686400
1558140181,4325376
1558140182,3604480
1558140183,4243456
1558140184,3612672
1558140185,4243456
1558140186,3555328
1558140187,4194304
1558140188,3612672
1558140189,4317184
1558140190,3530752
1558140191,4292608
1558140192,3661824
1558140193,4308992
1558140194,3637248
1558140195,4333568
1558140196,3547136
1558140197,4325376
1558140198,3735552
1558140199,4431872
1558140200,3751936
1558140201,4349952
1558140202,3530752
1558140203,4325376
1558140204,3547136
1558140205,4276224
1558140206,3637248
1558140207,4300800
1558140208,3588096
1558140209,4308992
1558140210,3629056
1558140211,4292608
1558140212,3686400
1558140213,4374528
1558140214,3547136
1558140215,4276224
1558140216,3571712
1558140217,4308992
1558140218,3637248
1558140219,4333568
1558140220,3629056
1558140221,4325376
1558140222,3489792
1558140223,4235264
1558140224,3555328
1558140225,4251648
1558140226,3596288
1558140227,4333568
1558140228,3563520
1558140229,4374528
1558140230,3538944
1558140231,4333568
1558140232,3604480
1558140233,4292608
1558140234,3612672
1558140235,4276224
1558140236,3555328
1558140237,4341760
1558140238,3588096
1558140239,4333568
1558140240,3522560
1558140241,4243456
1558140242,3571712
1558140243,4333568
1558140244,3555328
1558140245,4284416
1558140246,3579904
1558140247,4308992
1558140248,3579904
1558140249,4284416
1558140250,3555328
1558140251,4276224
1558140252,3514368
1558140253,4292608
1558140254,3579904
1558140255,4308992
1558140256,3514368
1558140257,4317184
1558140258,3522560
1558140259,4341760
1558140260,3530752
1558140261,4325376
1558140262,3563520
1558140263,4349952
1558140264,3579904
1558140265,4268032
1558140266,3547136
1558140267,4202496
1558140268,3710976
1558140269,4390912
1558140270,3719168
1558140271,4374528
1558140272,3588096
1558140273,4317184
1558140274,3538944
1558140275,4259840
1558140276,3661824
1558140277,4358144
1558140278,3629056
1558140279,4284416
1558140280,3588096
1558140281,4276224
1558140282,3612672
1558140283,4268032
1558140284,3514368
1558140285,4308992
1558140286,3555328
1558140287,4235264
1558140288,3645440
1558140289,4333568
1558140290,3579904
1558140291,4317184
1558140292,3579904
1558140293,4349952
1558140294,3637248
1558140295,4292608
1558140296,3497984
1558140297,4308992
1558140298,3612672
1558140299,4308992
1558140300,3571712
1558140301,4333568
1558140302,3530752
1558140303,4300800
1558140304,3514368
1558140305,4218880
1558140306,3645440
1558140307,4308992
1558140308,3547136
1558140309,4235264
1558140310,3547136
1558140311,4210688
1558140312,3588096
1558140313,4292608
1558140314,3538944
1558140315,4251648
1558140316,3571712
1558140317,4317184
1558140318,3604480
1558140319,4358144
1558140320,3612672
1558140321,4317184
1558140322,3530752
1558140323,4325376
1558140324,3497984
1558140325,4268032
1558140326,3596288
1558140327,4341760
1558140328,3530752
1558140329,4268032
1558140330,3637248
1558140331,4292608
1558140332,3596288
1558140333,4268032
1558140334,3547136
1558140335,4251648
1558140336,3670016
1558140337,4300800
1558140338,3661824
1558140339,4276224
1558140340,3579904
1558140341,4276224
1558140342,3661824
1558140343,4325376
1558140344,3637248
1558140345,4292608
1558140346,3645440
1558140347,4292608
1558140348,3530752
1558140349,4243456
1558140350,3612672
1558140351,4259840
1558140352,3612672
1558140353,4300800
1558140354,3563520
1558140355,4333568
1558140356,3547136
1558140357,4251648
1558140358,3497984
1558140359,4227072
1558140360,3555328
1558140361,4235264
1558140362,3514368
1558140363,4194304
1558140364,3661824
1558140365,4292608
1558140366,3661824
1558140367,4276224
1558140368,3661824
1558140369,4374528
1558140370,3645440
1558140371,4308992
1558140372,3620864
1558140373,4349952
1558140374,3629056
1558140375,4325376
1558140376,3538944
1558140377,4349952
1558140378,3530752
1558140379,4300800
1558140380,3645440
1558140381,4358144
1558140382,3612672
1558140383,4382720
1558140384,3612672
1558140385,4382720
1558140386,3670016
1558140387,4325376
1558140388,3751936
1558140389,4431872
1558140390,3514368
1558140391,4284416
1558140392,3653632
1558140393,4382720
1558140394,3694592
1558140395,4349952
1558140396,3579904
1558140397,4341760
1558140398,3579904
1558140399,4325376
1558140400,3629056
1558140401,4243456
1558140402,3588096
1558140403,4333568
1558140404,3563520
1558140405,4292608
1558140406,3620864
1558140407,4308992
1558140408,3637248
1558140409,4390912
1558140410,3604480
1558140411,4358144
1558140412,3538944
1558140413,4333568
1558140414,3670016
1558140415,4341760
1558140416,3629056
1558140417,4399104
1558140418,3612672
1558140419,4341760
1558140420,3620864
1558140421,4390912
1558140422,3579904
1558140423,4325376
1558140424,3604480
1558140425,4308992
1558140426,3588096
1558140427,4349952
1558140428,3555328
1558140429,4341760
1558140430,3653632
1558140431,4366336
1558140432,3678208
1558140433,4341760
1558140434,3571712
1558140435,4259840
1558140436,3538944
1558140437,4227072
1558140438,3555328
1558140439,4325376
1558140440,3530752
1558140441,4276224
1558140442,3637248
1558140443,4268032
1558140444,3620864
1558140445,4349952
1558140446,3563520
1558140447,4284416
1558140448,3579904
1558140449,4317184
1558140450,3686400
1558140451,4382720
1558140452,3579904
1558140453,4308992
1558140454,3620864
1558140455,4374528
1558140456,3637248
1558140457,4366336
1558140458,3571712
1558140459,4349952
1558140460,3489792
1558140461,4251648
1558140462,3538944
1558140463,4227072
1558140464,3497984
1558140465,4243456
1558140466,3653632
1558140467,4358144
1558140468,3588096
1558140469,4358144
1558140470,3637248
1558140471,4292608
1558140472,3555328
1558140473,4325376
1558140474,3661824
1558140475,4366336
1558140476,3579904
1558140477,4341760
1558140478,3555328
1558140479,4349952
1558140480,3596288
1558140481,4317184
1558140482,3579904
1558140483,4292608
1558140484,3678208
1558140485,4390912
1558140486,3579904
1558140487,4300800
1558140488,3563520
1558140489,4268032
1558140490,3645440
1558140491,4317184
1558140492,3702784
1558140493,4374528
1558140494,3538944
1558140495,4284416
1558140496,3645440
1558140497,4325376
1558140498,3538944
1558140499,4251648
1558140500,3678208
1558140501,4399104
1558140502,3629056
1558140503,4300800
1558140504,3522560
1558140505,4308992
1558140506,3489792
1558140507,4284416
1558140508,3645440
1558140509,4284416
1558140510,3686400
1558140511,4284416
1558140512,3653632
1558140513,4341760
1558140514,3563520
1558140515,4308992
1558140516,3522560
1558140517,4243456
1558140518,3588096
1558140519,4259840
1558140520,3604480
1558140521,4251648
1558140522,3637248
1558140523,4292608
1558140524,3571712
1558140525,4317184
1558140526,3563520
1558140527,4317184
1558140528,3596288
1558140529,4358144
1558140530,3653632
1558140531,4358144
1558140532,3555328
1558140533,4341760
1558140534,3645440
1558140535,4349952
1558140536,3547136
1558140537,4308992
1558140538,3620864
1558140539,4349952
1558140540,3604480
1558140541,4325376
1558140542,3571712
1558140543,4251648
1558140544,3571712
1558140545,4251648
1558140546,3596288
1558140547,4251648
1558140548,3596288
1558140549,4276224
1558140550,3620864
1558140551,4300800
1558140552,3522560
1558140553,4227072
1558140554,3555328
1558140555,4243456
1558140556,3661824
1558140557,4317184
1558140558,3596288
1558140559,4317184
1558140560,3489792
1558140561,4243456
1558140562,3555328
1558140563,4227072
1558140564,3579904
1558140565,4259840
1558140566,3547136
1558140567,4284416
1558140568,3530752
1558140569,4292608
1558140570,3563520
1558140571,4317184
1558140572,3563520
1558140573,4268032
1558140574,3620864
1558140575,4333568
1558140576,3678208
1558140577,4317184
1558140578,3579904
1558140579,4227072
1558140580,3678208
1558140581,4349952
1558140582,3538944
1558140583,4317184
1558140584,3522560
1558140585,4235264
1558140586,3579904
1558140587,4325376
1558140588,3612672
1558140589,4284416
1558140590,3620864
1558140591,4276224
1558140592,3530752
1558140593,4194304
1558140594,3588096
1558140595,4325376
1558140596,3514368
1558140597,4202496
1558140598,3579904
1558140599,4308992
1558140600,3563520
1558140601,4292608
1558140602,3596288
1558140603,4341760
1558140604,3530752
1558140605,4259840
1558140606,3555328
1558140607,4251648
1558140608,3588096
1558140609,4243456
1558140610,3620864
1558140611,4325376
1558140612,3604480
1558140613,4300800
1558140614,3579904
1558140615,4218880
1558140616,3473408
1558140617,4218880
1558140618,3555328
1558140619,4251648
1558140620,3579904
1558140621,4251648
1558140622,3629056
1558140623,4308992
1558140624,3653632
1558140625,4276224
1558140626,3514368
1558140627,4218880
1558140628,3620864
1558140629,4308992
1558140630,3547136
1558140631,4243456
1558140632,3547136
1558140633,4227072
1558140634,3571712
1558140635,4243456
1558140636,3612672
1558140637,4341760
1558140638,3497984
1558140639,4300800
1558140640,3637248
1558140641,4382720
1558140642,3629056
1558140643,4300800
1558140644,3514368
1558140645,4202496
1558140646,3670016
1558140647,4292608
1558140648,3686400
1558140649,4317184
1558140650,3612672
1558140651,4325376
1558140652,3588096
1558140653,4333568
1558140654,3522560
1558140655,4251648
1558140656,3530752
1558140657,4243456
1558140658,3555328
1558140659,4284416
1558140660,3620864
1558140661,4317184
1558140662,3530752
1558140663,4292608
1558140664,3604480
1558140665,4259840
1558140666,3538944
1558140667,4218880
1558140668,3514368
1558140669,4202496
1558140670,3604480
1558140671,4268032
1558140672,3596288
1558140673,4259840
1558140674,3489792
1558140675,4227072
1558140676,3579904
1558140677,4292608
1558140678,3538944
1558140679,4300800
1558140680,3506176
1558140681,4235264
1558140682,3563520
1558140683,4235264
1558140684,3571712
1558140685,4259840
1558140686,3522560
1558140687,4235264
1558140688,3686400
1558140689,4341760
1558140690,3637248
1558140691,4292608
1558140692,3661824
1558140693,4366336
1558140694,3604480
1558140695,4358144
1558140696,3563520
1558140697,4300800
1558140698,3514368
1558140699,4268032
1558140700,3579904
1558140701,4300800
1558140702,3604480
1558140703,4358144
1558140704,3514368
1558140705,4325376
1558140706,3522560
1558140707,4341760
1558140708,3530752
1558140709,4259840
1558140710,3547136
1558140711,4235264
1558140712,3694592
1558140713,4349952
1558140714,3670016
1558140715,4358144
1558140716,3670016
1558140717,4390912
1558140718,3555328
1558140719,4284416
1558140720,3596288
1558140721,4251648
1558140722,3620864
1558140723,4268032
1558140724,3538944
1558140725,4292608
1558140726,3497984
1558140727,4317184
1558140728,3661824
1558140729,4333568
1558140730,3612672
1558140731,4259840
1558140732,3604480
1558140733,4276224
1558140734,3497984
1558140735,4235264
1558140736,3661824
1558140737,4292608
1558140738,3563520
1558140739,4243456
1558140740,3596288
1558140741,4268032
1558140742,3719168
1558140743,4374528
1558140744,3604480
1558140745,4325376
1558140746,3571712
1558140747,4292608
1558140748,3670016
1558140749,4341760
1558140750,3489792
1558140751,4235264
1558140752,3645440
1558140753,4276224
1558140754,3571712
1558140755,4259840
1558140756,3596288
1558140757,4317184
1558140758,3661824
1558140759,4300800
1558140760,3563520
1558140761,4308992
1558140762,3702784
1558140763,4390912
1558140764,3620864
1558140765,4366336
1558140766,3604480
1558140767,4308992
1558140768,3678208
1558140769,4325376
1558140770,3637248
1558140771,4308992
1558140772,3530752
1558140773,4292608
1558140774,3489792
1558140775,4268032
1558140776,3563520
1558140777,4202496
1558140778,3571712
1558140779,4284416
1558140780,3538944
1558140781,4276224
1558140782,3538944
1558140783,4210688
1558140784,3522560
1558140785,4259840
1558140786,3629056
1558140787,4366336
1558140788,3547136
1558140789,4251648
1558140790,3661824
1558140791,4325376
1558140792,3604480
1558140793,4341760
1558140794,3563520
1558140795,4349952
1558140796,3571712
1558140797,4235264
1558140798,3620864
1558140799,4235264
1558140800,3588096
1558140801,4259840
1558140802,3637248
1558140803,4333568
1558140804,3514368
1558140805,4284416
1558140806,3645440
1558140807,4341760
1558140808,3653632
1558140809,4333568
1558140810,3522560
1558140811,4259840
1558140812,3522560
1558140813,4276224
1558140814,3579904
1558140815,4284416
1558140816,3678208
1558140817,4292608
1558140818,3629056
1558140819,4300800
1558140820,3579904
1558140821,4341760
1558140822,3637248
1558140823,4308992
1558140824,3604480
1558140825,4358144
1558140826,3563520
1558140827,4325376
1558140828,3620864
1558140829,4358144
1558140830,3637248
1558140831,4276224
1558140832,3588096
1558140833,4259840
1558140834,3579904
1558140835,4317184
1558140836,3522560
1558140837,4227072
1558140838,3555328
1558140839,4235264
1558140840,3563520
1558140841,4284416
1558140842,3588096
1558140843,4251648
1558140844,3563520
1558140845,4243456
1558140846,3497984
1558140847,4243456
1558140848,3612672
1558140849,4308992
1558140850,3694592
1558140851,4374528
1558140852,3629056
1558140853,4268032
1558140854,3489792
1558140855,4308992
1558140856,3596288
1558140857,4390912
1558140858,3604480
1558140859,4268032
1558140860,3547136
1558140861,4235264
1558140862,3555328
1558140863,4333568
1558140864,3645440
1558140865,4349952
1558140866,3555328
1558140867,4292608
1558140868,3547136
1558140869,4259840
1558140870,3694592
1558140871,4407296
1558140872,3588096
1558140873,4300800
1558140874,3612672
1558140875,4325376
1558140876,3629056
1558140877,4333568
1558140878,3629056
1558140879,4341760
1558140880,3588096
1558140881,4276224
1558140882,3530752
1558140883,4308992
1558140884,3686400
1558140885,4374528
1558140886,3686400
1558140887,4366336
1558140888,3596288
1558140889,4292608
1558140890,3645440
1558140891,4341760
1558140892,3604480
1558140893,4308992
1558140894,3489792
1558140895,4276224
1558140896,3620864
1558140897,4349952
1558140898,3629056
1558140899,4349952
1558140900,3530752
1558140901,4333568
1558140902,3538944
1558140903,4341760
1558140904,3538944
1558140905,4317184
1558140906,3514368
1558140907,4227072
1558140908,3563520
1558140909,4259840
1558140910,3547136
1558140911,4218880
1558140912,3637248
1558140913,4308992
1558140914,3530752
1558140915,4276224
1558140916,3465216
1558140917,4202496
1558140918,3661824
1558140919,4358144
1558140920,3579904
1558140921,4259840
1558140922,3571712
1558140923,4210688
1558140924,3604480
1558140925,4243456
1558140926,3530752
1558140927,4308992
1558140928,3571712
1558140929,4276224
1558140930,3645440
1558140931,4284416
1558140932,3686400
1558140933,4349952
1558140934,3563520
1558140935,4300800
1558140936,3506176
1558140937,4251648
1558140938,3563520
1558140939,4308992
1558140940,3522560
1558140941,4227072
1558140942,3604480
1558140943,4333568
1558140944,3579904
1558140945,4268032
1558140946,3588096
1558140947,4341760
1558140948,3604480
1558140949,4374528
1558140950,3547136
1558140951,4292608
1558140952,3670016
1558140953,4325376
1558140954,3547136
1558140955,4317184
1558140956,3522560
1558140957,4268032
1558140958,3579904
1558140959,4235264
1558140960,3743744
1558140961,4366336
1558140962,3620864
1558140963,4358144
1558140964,3571712
1558140965,4317184
1558140966,3596288
1558140967,4300800
1558140968,3555328
1558140969,4259840
1558140970,3506176
1558140971,4218880
1558140972,3506176
1558140973,4243456
1558140974,3604480
1558140975,4349952
1558140976,3588096
1558140977,4308992
1558140978,3563520
1558140979,4349952
1558140980,3612672
1558140981,4276224
1558140982,3571712
1558140983,4284416
1558140984,3612672
1558140985,4308992
1558140986,3612672
1558140987,4259840
1558140988,3579904
1558140989,4259840
1558140990,3497984
1558140991,4243456
1558140992,3563520
1558140993,4243456
1558140994,3579904
1558140995,4325376
1558140996,3612672
1558140997,4268032
1558140998,3637248
1558140999,4341760
1558141000,3645440
1558141001,4349952
1558141002,3629056
1558141003,4349952
1558141004,3489792
1558141005,4235264
1558141006,3563520
1558141007,4284416
1558141008,3629056
1558141009,4300800
1558141010,3522560
1558141011,4284416
1558141012,3555328
1558141013,4325376
1558141014,3563520
1558141015,4284416
1558141016,3563520
1558141017,4218880
1558141018,3719168
1558141019,4317184
1558141020,3661824
1558141021,4325376
1558141022,3538944
1558141023,4251648
1558141024,3522560
1558141025,4210688
1558141026,3530752
1558141027,4276224
1558141028,3538944
1558141029,4177920
1558141030,3547136
1558141031,4227072
1558141032,3719168
1558141033,4341760
1558141034,3686400
1558141035,4390912
1558141036,3530752
1558141037,4227072
1558141038,3571712
1558141039,4317184
1558141040,3538944
1558141041,4308992
1558141042,3547136
1558141043,4308992
1558141044,3596288
1558141045,4284416
1558141046,3612672
1558141047,4300800
1558141048,3571712
1558141049,4259840
1558141050,3514368
1558141051,4227072
1558141052,3588096
1558141053,4251648
1558141054,3555328
1558141055,4243456
1558141056,3588096
1558141057,4284416
1558141058,3530752
1558141059,4308992
1558141060,3555328
1558141061,4292608
1558141062,3612672
1558141063,4284416
1558141064,3514368
1558141065,4300800
1558141066,3522560
1558141067,4300800
1558141068,3670016
1558141069,4341760
1558141070,3620864
1558141071,4268032
1558141072,3670016
1558141073,4366336
1558141074,3514368
1558141075,4243456
1558141076,3637248
1558141077,4341760
1558141078,3579904
1558141079,4284416
1558141080,3522560
1558141081,4317184
1558141082,3547136
1558141083,4308992
1558141084,3637248
1558141085,4300800
1558141086,3596288
1558141087,4390912
1558141088,3571712
1558141089,4325376
1558141090,3522560
1558141091,4308992
1558141092,3530752
1558141093,4325376
1558141094,3596288
1558141095,4358144
1558141096,3645440
1558141097,4300800
1558141098,3604480
1558141099,4284416
1558141100,3530752
1558141101,4292608
1558141102,3588096
1558141103,4284416
1558141104,3645440
1558141105,4382720
1558141106,3522560
1558141107,4276224
1558141108,3530752
1558141109,4268032
1558141110,3596288
1558141111,4358144
1558141112,3571712
1558141113,4366336
1558141114,3538944
1558141115,4341760
1558141116,3596288
1558141117,4333568
1558141118,3604480
1558141119,4276224
1558141120,3579904
1558141121,4333568
1558141122,3530752
1558141123,4268032
1558141124,3579904
1558141125,4366336
1558141126,3612672
1558141127,4300800
1558141128,3538944
1558141129,4341760
1558141130,3538944
1558141131,4341760
1558141132,3514368
1558141133,4268032
1558141134,3620864
1558141135,4292608
1558141136,3530752
1558141137,4259840
1558141138,3653632
1558141139,4292608
1558141140,3596288
1558141141,4268032
1558141142,3645440
1558141143,4349952
1558141144,3653632
1558141145,4382720
1558141146,3579904
1558141147,4292608
1558141148,3702784
1558141149,4366336
1558141150,3547136
1558141151,4325376
1558141152,3719168
1558141153,4407296
1558141154,3620864
1558141155,4341760
1558141156,3571712
1558141157,4308992
1558141158,3571712
1558141159,4276224
1558141160,3629056
1558141161,4268032
1558141162,3555328
1558141163,4218880
1558141164,3555328
1558141165,4243456
1558141166,3563520
1558141167,4317184
1558141168,3612672
1558141169,4374528
1558141170,3555328
1558141171,4300800
1558141172,3629056
1558141173,4325376
1558141174,3588096
1558141175,4308992
1558141176,3465216
1558141177,4235264
1558141178,3596288
1558141179,4292608
1558141180,3547136
1558141181,4333568
1558141182,3620864
1558141183,4308992
1558141184,3686400
1558141185,4308992
1558141186,3596288
1558141187,4284416
1558141188,3497984
1558141189,4218880
1558141190,3571712
1558141191,4210688
1558141192,3555328
1558141193,4186112
1558141194,3538944
1558141195,4300800
1558141196,3563520
1558141197,4251648
1558141198,3571712
1558141199,4276224
1558141200,3571712
1558141201,4268032
1558141202,3440640
1558141203,4218880
1558141204,3645440
1558141205,4251648
1558141206,3678208
1558141207,4308992
1558141208,3588096
1558141209,4235264
1558141210,3686400
1558141211,4341760
1558141212,3661824
1558141213,4341760
1558141214,3563520
1558141215,4333568
1558141216,3645440
1558141217,4268032
1558141218,3768320
1558141219,4382720
1558141220,3604480
1558141221,4317184
1558141222,3612672
1558141223,4300800
1558141224,3727360
1558141225,4358144
1558141226,3596288
1558141227,4300800
1558141228,3555328
1558141229,4268032
1558141230,3612672
1558141231,4308992
1558141232,3522560
1558141233,4317184
1558141234,3473408
1558141235,4243456
1558141236,3596288
1558141237,4243456
1558141238,3620864
1558141239,4284416
1558141240,3457024
1558141241,4186112
1558141242,3678208
1558141243,4300800
1558141244,3678208
1558141245,4268032
1558141246,3538944
1558141247,4177920
1558141248,3538944
1558141249,4300800
1558141250,3563520
1558141251,4235264
1558141252,3506176
1558141253,4218880
1558141254,3555328
1558141255,4235264
1558141256,3612672
1558141257,4259840
1558141258,3555328
1558141259,4235264
1558141260,3588096
1558141261,4227072
1558141262,3547136
1558141263,4276224
1558141264,3514368
1558141265,4300800
1558141266,3547136
1558141267,4292608
1558141268,3588096
1558141269,4284416
1558141270,3506176
1558141271,4259840
1558141272,3735552
1558141273,4399104
1558141274,3579904
1558141275,4284416
1558141276,3588096
1558141277,4284416
1558141278,3604480
1558141279,4325376
1558141280,3727360
1558141281,4374528
1558141282,3686400
1558141283,4284416
1558141284,3661824
1558141285,4300800
1558141286,3596288
1558141287,4259840
1558141288,3645440
1558141289,4325376
1558141290,3653632
1558141291,4349952
1558141292,3588096
1558141293,4349952
1558141294,3547136
1558141295,4268032
1558141296,3579904
1558141297,4300800
1558141298,3530752
1558141299,4292608
1558141300,3563520
1558141301,4243456
1558141302,3588096
1558141303,4243456
1558141304,3555328
1558141305,4325376
1558141306,3481600
1558141307,4251648
1558141308,3506176
1558141309,4243456
1558141310,3481600
1558141311,4218880
1558141312,3563520
1558141313,4300800
1558141314,3604480
1558141315,4276224
1558141316,3604480
1558141317,4268032
1558141318,3538944
1558141319,4235264
1558141320,3555328
1558141321,4218880
1558141322,3514368
1558141323,4292608
1558141324,3563520
1558141325,4235264
1558141326,3620864
1558141327,4308992
1558141328,3538944
1558141329,4210688
1558141330,3645440
1558141331,4284416
1558141332,3678208
1558141333,4308992
1558141334,3530752
1558141335,4210688
1558141336,3612672
1558141337,4292608
1558141338,3612672
1558141339,4251648
1558141340,3653632
1558141341,4284416
1558141342,3538944
1558141343,4243456
1558141344,3686400
1558141345,4358144
1558141346,3670016
1558141347,4300800
1558141348,3588096
1558141349,4317184
1558141350,3538944
1558141351,4317184
1558141352,3555328
1558141353,4284416
1558141354,3702784
1558141355,4390912
1558141356,3579904
1558141357,4308992
1558141358,3612672
1558141359,4259840
1558141360,3620864
1558141361,4284416
1558141362,3522560
1558141363,4308992
1558141364,3629056
1558141365,4276224
1558141366,3653632
1558141367,4284416
1558141368,3497984
1558141369,4243456
1558141370,3604480
1558141371,4349952
1558141372,3645440
1558141373,4284416
1558141374,3710976
1558141375,4341760
1558141376,3612672
1558141377,4341760
1558141378,3596288
1558141379,4341760
1558141380,3522560
1558141381,4235264
1558141382,3596288
1558141383,4333568
1558141384,3620864
1558141385,4276224
1558141386,3514368
1558141387,4251648
1558141388,3579904
1558141389,4308992
1558141390,3538944
1558141391,4202496
1558141392,3571712
1558141393,4308992
1558141394,3670016
1558141395,4317184
1558141396,3563520
1558141397,4366336
1558141398,3547136
1558141399,4276224
1558141400,3620864
1558141401,4284416
1558141402,3612672
1558141403,4349952
1558141404,3604480
1558141405,4325376
1558141406,3637248
1558141407,4317184
1558141408,3530752
1558141409,4284416
1558141410,3555328
1558141411,4259840
1558141412,3596288
1558141413,4235264
1558141414,3653632
1558141415,4349952
1558141416,3571712
1558141417,4243456
1558141418,3530752
1558141419,4284416
1558141420,3579904
1558141421,4317184
1558141422,3653632
1558141423,4300800
1558141424,3612672
1558141425,4276224
1558141426,3514368
1558141427,4300800
1558141428,3538944
1558141429,4300800
1558141430,3555328
1558141431,4300800
1558141432,3514368
1558141433,4210688
1558141434,3620864
1558141435,4317184
1558141436,3612672
1558141437,4300800
1558141438,3629056
1558141439,4317184
1558141440,3555328
1558141441,4227072
1558141442,3514368
1558141443,4251648
1558141444,3661824
1558141445,4300800
1558141446,3563520
1558141447,4308992
1558141448,3571712
1558141449,4251648
1558141450,3612672
1558141451,4366336
1558141452,3670016
1558141453,4317184
1558141454,3571712
1558141455,4390912
1558141456,3538944
1558141457,4358144
1558141458,3653632
1558141459,4325376
1558141460,3579904
1558141461,4374528
1558141462,3629056
1558141463,4284416
1558141464,3579904
1558141465,4341760
1558141466,3670016
1558141467,4341760
1558141468,3579904
1558141469,4333568
1558141470,3563520
1558141471,4284416
1558141472,3604480
1558141473,4268032
1558141474,3530752
1558141475,4268032
1558141476,3588096
1558141477,4243456
1558141478,3579904
1558141479,4292608
1558141480,3620864
1558141481,4268032
1558141482,3579904
1558141483,4276224
1558141484,3555328
1558141485,4349952
1558141486,3522560
1558141487,4325376
1558141488,3620864
1558141489,4358144
1558141490,3620864
1558141491,4333568
1558141492,3612672
1558141493,4251648
1558141494,3538944
1558141495,4251648
1558141496,3530752
1558141497,4317184
1558141498,3579904
1558141499,4276224
1558141500,3555328
1558141501,4349952
1558141502,3530752
1558141503,4300800
1558141504,3497984
1558141505,4218880
1558141506,3538944
1558141507,4251648
1558141508,3612672
1558141509,4276224
1558141510,3596288
1558141511,4276224
1558141512,3506176
1558141513,4268032
1558141514,3670016
1558141515,4308992
1558141516,3653632
1558141517,4268032
1558141518,3506176
1558141519,4210688
1558141520,3596288
1558141521,4333568
1558141522,3571712
1558141523,4259840
1558141524,3588096
1558141525,4276224
1558141526,3604480
1558141527,4268032
1558141528,3653632
1558141529,4308992
1558141530,3538944
1558141531,4259840
1558141532,3547136
1558141533,4268032
1558141534,3522560
1558141535,4268032
1558141536,3670016
1558141537,4325376
1558141538,3596288
1558141539,4341760
1558141540,3571712
1558141541,4300800
1558141542,3522560
1558141543,4243456
1558141544,3653632
1558141545,4292608
1558141546,3604480
1558141547,4308992
1558141548,3497984
1558141549,4218880
1558141550,3653632
1558141551,4317184
1558141552,3563520
1558141553,4333568
1558141554,3588096
1558141555,4382720
1558141556,3547136
1558141557,4325376
1558141558,3497984
1558141559,4276224
1558141560,3497984
1558141561,4259840
1558141562,3555328
1558141563,4235264
1558141564,3694592
1558141565,4349952
1558141566,3514368
1558141567,4251648
1558141568,3579904
1558141569,4333568
1558141570,3514368
1558141571,4251648
1558141572,3522560
1558141573,4218880
1558141574,3604480
1558141575,4284416
1558141576,3538944
1558141577,4284416
1558141578,3596288
1558141579,4210688
1558141580,3678208
1558141581,4300800
1558141582,3579904
1558141583,4259840
1558141584,3506176
1558141585,4210688
1558141586,3694592
1558141587,4333568
1558141588,3555328
1558141589,4325376
1558141590,3514368
1558141591,4227072
1558141592,3555328
1558141593,4276224
1558141594,3473408
1558141595,4169728
1558141596,3629056
1558141597,4259840
1558141598,3506176
1558141599,4308992
1558141600,3555328
1558141601,4235264
1558141602,3579904
1558141603,4227072
1558141604,3604480
1558141605,4366336
1558141606,3563520
1558141607,4292608
1558141608,3588096
1558141609,4243456
1558141610,3555328
1558141611,4251648
1558141612,3596288
1558141613,4259840
1558141614,3563520
1558141615,4317184
1558141616,3653632
1558141617,4308992
1558141618,3612672
1558141619,4292608
1558141620,3637248
1558141621,4366336
1558141622,3530752
1558141623,4276224
1558141624,3620864
1558141625,4333568
1558141626,3555328
1558141627,4268032
1558141628,3547136
1558141629,4210688
1558141630,3571712
1558141631,4308992
1558141632,3530752
1558141633,4259840
1558141634,3530752
1558141635,4210688
1558141636,3629056
1558141637,4227072
1558141638,3538944
1558141639,4243456
1558141640,3686400
1558141641,4308992
1558141642,3571712
1558141643,4194304
1558141644,3514368
1558141645,4259840
1558141646,3538944
1558141647,4227072
1558141648,3588096
1558141649,4243456
1558141650,3538944
1558141651,4259840
1558141652,3670016
1558141653,4284416
1558141654,3604480
1558141655,4235264
1558141656,3661824
1558141657,4308992
1558141658,3653632
1558141659,4325376
1558141660,3604480
1558141661,4292608
1558141662,3596288
1558141663,4341760
1558141664,3555328
1558141665,4259840
1558141666,3538944
1558141667,4276224
1558141668,3596288
1558141669,4235264
1558141670,3555328
1558141671,4259840
1558141672,3514368
1558141673,4210688
1558141674,3563520
1558141675,4227072
1558141676,3596288
1558141677,4341760
1558141678,3555328
1558141679,4251648
1558141680,3579904
1558141681,4276224
1558141682,3670016
1558141683,4308992
1558141684,3637248
1558141685,4276224
1558141686,3555328
1558141687,4341760
1558141688,3661824
1558141689,4374528
1558141690,3571712
1558141691,4292608
1558141692,3612672
1558141693,4317184
1558141694,3670016
1558141695,4251648
1558141696,3579904
1558141697,4243456
1558141698,3522560
1558141699,4259840
1558141700,3670016
1558141701,4325376
1558141702,3547136
1558141703,4300800
1558141704,3522560
1558141705,4276224
1558141706,3522560
1558141707,4235264
1558141708,3538944
1558141709,4292608
1558141710,3489792
1558141711,4268032
1558141712,3579904
1558141713,4333568
1558141714,3555328
1558141715,4317184
1558141716,3538944
1558141717,4235264
1558141718,3579904
1558141719,4308992
1558141720,3547136
1558141721,4243456
1558141722,3538944
1558141723,4308992
1558141724,3530752
1558141725,4325376
1558141726,3481600
1558141727,4227072
1558141728,3530752
1558141729,4276224
1558141730,3530752
1558141731,4243456
1558141732,3473408
1558141733,4276224
1558141734,3555328
1558141735,4292608
1558141736,3547136
1558141737,4300800
1558141738,3612672
1558141739,4259840
1558141740,3629056
1558141741,4325376
1558141742,3407872
1558141743,4153344
1558141744,3563520
1558141745,4227072
1558141746,3620864
1558141747,4259840
1558141748,3571712
1558141749,4358144
1558141750,3579904
1558141751,4374528
1558141752,3538944
1558141753,4218880
1558141754,3522560
1558141755,4317184
1558141756,3530752
1558141757,4268032
1558141758,3670016
1558141759,4358144
1558141760,3596288
1558141761,4276224
1558141762,3563520
1558141763,4349952
1558141764,3538944
1558141765,4292608
1558141766,3514368
1558141767,4317184
1558141768,3440640
1558141769,4194304
1558141770,3489792
1558141771,4259840
1558141772,3629056
1558141773,4300800
1558141774,3555328
1558141775,4292608
1558141776,3686400
1558141777,4366336
1558141778,3670016
1558141779,4399104
1558141780,3563520
1558141781,4300800
1558141782,3530752
1558141783,4251648
1558141784,3596288
1558141785,4333568
1558141786,3506176
1558141787,4251648
1558141788,3530752
1558141789,4218880
1558141790,3645440
1558141791,4300800
1558141792,3530752
1558141793,4259840
1558141794,3612672
1558141795,4349952
1558141796,3579904
1558141797,4292608
1558141798,3489792
1558141799,4218880
1558141800,3596288
1558141801,4284416
1558141802,3637248
1558141803,4292608
1558141804,3620864
1558141805,4308992
1558141806,3588096
1558141807,4333568
1558141808,3653632
1558141809,4358144
1558141810,3579904
1558141811,4317184
1558141812,3555328
1558141813,4268032
1558141814,3751936
1558141815,4366336
1558141816,3588096
1558141817,4349952
1558141818,3506176
1558141819,4317184
1558141820,3571712
1558141821,4276224
1558141822,3563520
1558141823,4268032
1558141824,3653632
1558141825,4325376
1558141826,3588096
1558141827,4317184
1558141828,3637248
1558141829,4333568
1558141830,3538944
1558141831,4268032
1558141832,3506176
1558141833,4284416
1558141834,3702784
1558141835,4390912
1558141836,3530752
1558141837,4235264
1558141838,3678208
1558141839,4349952
1558141840,3579904
1558141841,4366336
1558141842,3571712
1558141843,4349952
1558141844,3686400
1558141845,4382720
1558141846,3579904
1558141847,4243456
1558141848,3579904
1558141849,4276224
1558141850,3563520
1558141851,4259840
1558141852,3571712
1558141853,4259840
1558141854,3522560
1558141855,4235264
1558141856,3604480
1558141857,4243456
1558141858,3588096
1558141859,4308992
1558141860,3571712
1558141861,4243456
1558141862,3596288
1558141863,4308992
1558141864,3579904
1558141865,4251648
1558141866,3596288
1558141867,4300800
1558141868,3645440
1558141869,4300800
1558141870,3547136
1558141871,4259840
1558141872,3579904
1558141873,4259840
1558141874,3661824
1558141875,4292608
1558141876,3596288
1558141877,4259840
1558141878,3596288
1558141879,4243456
1558141880,3620864
1558141881,4259840
1558141882,3538944
1558141883,4251648
1558141884,3719168
1558141885,4366336
1558141886,3530752
1558141887,4308992
1558141888,3653632
1558141889,4308992
1558141890,3604480
1558141891,4268032
1558141892,3678208
1558141893,4317184
1558141894,3596288
1558141895,4251648
1558141896,3547136
1558141897,4202496
1558141898,3579904
1558141899,4186112
1558141900,3530752
1558141901,4210688
1558141902,3596288
1558141903,4308992
1558141904,3620864
1558141905,4268032
1558141906,3653632
1558141907,4251648
1558141908,3489792
1558141909,4202496
1558141910,3661824
1558141911,4325376
1558141912,3588096
1558141913,4259840
1558141914,3629056
1558141915,4333568
1558141916,3620864
1558141917,4341760
1558141918,3555328
1558141919,4325376
1558141920,3538944
1558141921,4227072
1558141922,3596288
1558141923,4243456
1558141924,3489792
1558141925,4227072
1558141926,3579904
1558141927,4268032
1558141928,3563520
1558141929,4243456
1558141930,3653632
1558141931,4333568
1558141932,3579904
1558141933,4349952
1558141934,3489792
1558141935,4259840
1558141936,3563520
1558141937,4308992
1558141938,3588096
1558141939,4325376
1558141940,3547136
1558141941,4186112
1558141942,3653632
1558141943,4276224
1558141944,3629056
1558141945,4341760
1558141946,3522560
1558141947,4243456
1558141948,3473408
1558141949,4227072
1558141950,3489792
1558141951,4227072
1558141952,3571712
1558141953,4284416
1558141954,3571712
1558141955,4284416
1558141956,3596288
1558141957,4292608
1558141958,3645440
1558141959,4317184
1558141960,3481600
1558141961,4259840
1558141962,3530752
1558141963,4194304
1558141964,3588096
1558141965,4251648
1558141966,3579904
1558141967,4251648
1558141968,3538944
1558141969,4325376
1558141970,3629056
1558141971,4292608
1558141972,3497984
1558141973,4218880
1558141974,3579904
1558141975,4276224
1558141976,3538944
1558141977,4268032
1558141978,3497984
1558141979,4227072
1558141980,3612672
1558141981,4276224
1558141982,3645440
1558141983,4268032
1558141984,3571712
1558141985,4251648
1558141986,3538944
1558141987,4235264
1558141988,3710976
1558141989,4358144
1558141990,3604480
1558141991,4218880
1558141992,3530752
1558141993,4268032
1558141994,3629056
1558141995,4341760
1558141996,3620864
1558141997,4300800
1558141998,3563520
1558141999,4259840
1558142000,3555328
1558142001,4235264
1558142002,3612672
1558142003,4276224
1558142004,3555328
1558142005,4308992
1558142006,3555328
1558142007,4341760
1558142008,3620864
1558142009,4333568
1558142010,3530752
1558142011,4268032
1558142012,3555328
1558142013,4251648
1558142014,3596288
1558142015,4317184
1558142016,3629056
1558142017,4341760
1558142018,3629056
1558142019,4292608
1558142020,3710976
1558142021,4374528
1558142022,3579904
1558142023,4300800
1558142024,3612672
1558142025,4349952
1558142026,3579904
1558142027,4308992
1558142028,3645440
1558142029,4358144
1558142030,3530752
1558142031,4259840
1558142032,3473408
1558142033,4284416
1558142034,3604480
1558142035,4366336
1558142036,3612672
1558142037,4358144
1558142038,3555328
1558142039,4325376
1558142040,3555328
1558142041,4333568
1558142042,3530752
1558142043,4243456
1558142044,3710976
1558142045,4374528
1558142046,3547136
1558142047,4333568
1558142048,3547136
1558142049,4300800
1558142050,3604480
1558142051,4259840
1558142052,3555328
1558142053,4358144
1558142054,3661824
1558142055,4341760
1558142056,3629056
1558142057,4358144
1558142058,3522560
1558142059,4292608
1558142060,3579904
1558142061,4317184
1558142062,3588096
1558142063,4325376
1558142064,3653632
1558142065,4349952
1558142066,3571712
1558142067,4341760
1558142068,3612672
1558142069,4308992
1558142070,3620864
1558142071,4218880
1558142072,3579904
1558142073,4358144
1558142074,3637248
1558142075,4300800
1558142076,3678208
1558142077,4341760
1558142078,3612672
1558142079,4292608
1558142080,3596288
1558142081,4292608
1558142082,3604480
1558142083,4235264
1558142084,3538944
1558142085,4235264
1558142086,3522560
1558142087,4268032
1558142088,3530752
1558142089,4268032
1558142090,3612672
1558142091,4366336
1558142092,3694592
1558142093,4366336
1558142094,3645440
1558142095,4292608
1558142096,3555328
1558142097,4243456
1558142098,3579904
1558142099,4317184
1558142100,3563520
1558142101,4276224
1558142102,3579904
1558142103,4325376
1558142104,3620864
1558142105,4374528
1558142106,3563520
1558142107,4308992
1558142108,3620864
1558142109,4317184
1558142110,3530752
1558142111,4243456
1558142112,3620864
1558142113,4268032
1558142114,3588096
1558142115,4227072
1558142116,3563520
1558142117,4308992
1558142118,3522560
1558142119,4333568
1558142120,3555328
1558142121,4341760
1558142122,3653632
1558142123,4333568
1558142124,3563520
1558142125,4341760
1558142126,3563520
1558142127,4259840
1558142128,3596288
1558142129,4227072
1558142130,3571712
1558142131,4259840
1558142132,3620864
1558142133,4292608
1558142134,3530752
1558142135,4317184
1558142136,3489792
1558142137,4251648
1558142138,3620864
1558142139,4292608
1558142140,3604480
1558142141,4292608
1558142142,3538944
1558142143,4292608
1558142144,3538944
1558142145,4300800
1558142146,3588096
1558142147,4308992
1558142148,3514368
1558142149,4210688
1558142150,3555328
1558142151,4308992
1558142152,3637248
1558142153,4284416
1558142154,3571712
1558142155,4292608
1558142156,3538944
1558142157,4317184
1558142158,3555328
1558142159,4300800
1558142160,3719168
1558142161,4325376
1558142162,3555328
1558142163,4284416
1558142164,3555328
1558142165,4235264
1558142166,3620864
1558142167,4292608
1558142168,3555328
1558142169,4259840
1558142170,3563520
1558142171,4276224
1558142172,3588096
1558142173,4276224
1558142174,3604480
1558142175,4284416
1558142176,3637248
1558142177,4325376
1558142178,3588096
1558142179,4308992
1558142180,3522560
1558142181,4300800
1558142182,3686400
1558142183,4382720
1558142184,3637248
1558142185,4423680
1558142186,3629056
1558142187,4325376
1558142188,3579904
1558142189,4366336
1558142190,3571712
1558142191,4317184
1558142192,3579904
1558142193,4325376
1558142194,3686400
1558142195,4390912
1558142196,3612672
1558142197,4333568
1558142198,3604480
1558142199,4308992
1558142200,3694592
1558142201,4325376
1558142202,3596288
1558142203,4341760
1558142204,3637248
1558142205,4374528
1558142206,3596288
1558142207,4308992
1558142208,3579904
1558142209,4317184
1558142210,3604480
1558142211,4308992
1558142212,3579904
1558142213,4341760
1558142214,3555328
1558142215,4349952
1558142216,3596288
1558142217,4341760
1558142218,3571712
1558142219,4251648
1558142220,3596288
1558142221,4276224
1558142222,3571712
1558142223,4235264
1558142224,3579904
1558142225,4235264
1558142226,3620864
1558142227,4317184
1558142228,3579904
1558142229,4292608
1558142230,3694592
1558142231,4341760
1558142232,3620864
1558142233,4390912
1558142234,3645440
1558142235,4382720
1558142236,3588096
1558142237,4382720
1558142238,3547136
1558142239,4292608
1558142240,3522560
1558142241,4243456
1558142242,3661824
1558142243,4276224
1558142244,3579904
1558142245,4308992
1558142246,3686400
1558142247,4390912
1558142248,3563520
1558142249,4268032
1558142250,3497984
1558142251,4227072
1558142252,3620864
1558142253,4251648
1558142254,3612672
1558142255,4308992
1558142256,3547136
1558142257,4292608
1558142258,3563520
1558142259,4251648
1558142260,3571712
1558142261,4259840
1558142262,3530752
1558142263,4259840
1558142264,3670016
1558142265,4366336
1558142266,3538944
1558142267,4268032
1558142268,3596288
1558142269,4300800
1558142270,3670016
1558142271,4300800
1558142272,3612672
1558142273,4292608
1558142274,3497984
1558142275,4243456
1558142276,3629056
1558142277,4292608
1558142278,3555328
1558142279,4284416
1558142280,3547136
1558142281,4358144
1558142282,3506176
1558142283,4292608
1558142284,3579904
1558142285,4358144
1558142286,3612672
1558142287,4284416
1558142288,3530752
1558142289,4259840
1558142290,3555328
1558142291,4284416
1558142292,3588096
1558142293,4292608
1558142294,3489792
1558142295,4243456
1558142296,3604480
1558142297,4292608
1558142298,3612672
1558142299,4358144
1558142300,3547136
1558142301,4308992
1558142302,3547136
1558142303,4259840
1558142304,3596288
1558142305,4358144
1558142306,3522560
1558142307,4358144
1558142308,3555328
1558142309,4259840
1558142310,3596288
1558142311,4259840
1558142312,3653632
1558142313,4276224
1558142314,3497984
1558142315,4235264
1558142316,3514368
1558142317,4227072
1558142318,3612672
1558142319,4308992
1558142320,3506176
1558142321,4243456
1558142322,3653632
1558142323,4349952
1558142324,3588096
1558142325,4251648
1558142326,3563520
1558142327,4268032
1558142328,3555328
1558142329,4276224
1558142330,3448832
1558142331,4284416
1558142332,3604480
1558142333,4292608
1558142334,3604480
1558142335,4325376
1558142336,3538944
1558142337,4325376
1558142338,3473408
1558142339,4259840
1558142340,3547136
1558142341,4300800
1558142342,3547136
1558142343,4276224
1558142344,3637248
1558142345,4341760
1558142346,3579904
1558142347,4300800
1558142348,3579904
1558142349,4210688
1558142350,3694592
1558142351,4374528
1558142352,3612672
1558142353,4358144
1558142354,3596288
1558142355,4276224
1558142356,3645440
1558142357,4243456
1558142358,3481600
1558142359,4202496
1558142360,3538944
1558142361,4227072
1558142362,3530752
1558142363,4227072
1558142364,3629056
1558142365,4308992
1558142366,3555328
1558142367,4341760
1558142368,3530752
1558142369,4259840
1558142370,3538944
1558142371,4325376
1558142372,3678208
1558142373,4349952
1558142374,3596288
1558142375,4284416
1558142376,3620864
1558142377,4284416
1558142378,3604480
1558142379,4292608
1558142380,3514368
1558142381,4317184
1558142382,3629056
1558142383,4374528
1558142384,3604480
1558142385,4292608
1558142386,3571712
1558142387,4300800
1558142388,3661824
1558142389,4300800
1558142390,3588096
1558142391,4317184
1558142392,3571712
1558142393,4308992
1558142394,3588096
1558142395,4308992
1558142396,3538944
1558142397,4292608
1558142398,3604480
1558142399,4308992
1558142400,3629056
1558142401,4325376
1558142402,3473408
1558142403,4292608
1558142404,3694592
1558142405,4300800
1558142406,3620864
1558142407,4259840
1558142408,3497984
1558142409,4268032
1558142410,3686400
1558142411,4390912
1558142412,3604480
1558142413,4300800
1558142414,3620864
1558142415,4292608
1558142416,3514368
1558142417,4268032
1558142418,3522560
1558142419,4210688
1558142420,3571712
1558142421,4284416
1558142422,3661824
1558142423,4341760
1558142424,3514368
1558142425,4308992
1558142426,3547136
1558142427,4268032
1558142428,3522560
1558142429,4300800
1558142430,3604480
1558142431,4333568
1558142432,3563520
1558142433,4251648
1558142434,3620864
1558142435,4251648
1558142436,3637248
1558142437,4292608
1558142438,3620864
1558142439,4276224
1558142440,3702784
1558142441,4366336
1558142442,3497984
1558142443,4243456
1558142444,3538944
1558142445,4284416
1558142446,3719168
1558142447,4382720
1558142448,3694592
1558142449,4399104
1558142450,3588096
1558142451,4308992
1558142452,3702784
1558142453,4407296
1558142454,3547136
1558142455,4308992
1558142456,3530752
1558142457,4308992
1558142458,3579904
1558142459,4243456
1558142460,3596288
1558142461,4268032
1558142462,3596288
1558142463,4243456
1558142464,3555328
1558142465,4284416
1558142466,3579904
1558142467,4325376
1558142468,3530752
1558142469,4292608
1558142470,3588096
1558142471,4300800
1558142472,3563520
1558142473,4317184
1558142474,3637248
1558142475,4333568
1558142476,3571712
1558142477,4341760
1558142478,3571712
1558142479,4349952
1558142480,3686400
1558142481,4382720
1558142482,3670016
1558142483,4308992
1558142484,3670016
1558142485,4382720
1558142486,3637248
1558142487,4325376
1558142488,3678208
1558142489,4349952
1558142490,3686400
1558142491,4358144
1558142492,3612672
1558142493,4390912
1558142494,3547136
1558142495,4300800
1558142496,3604480
1558142497,4358144
1558142498,3588096
1558142499,4292608
1558142500,3465216
1558142501,4235264
1558142502,3604480
1558142503,4268032
1558142504,3588096
1558142505,4284416
1558142506,3612672
1558142507,4317184
1558142508,3571712
1558142509,4341760
1558142510,3588096
1558142511,4292608
1558142512,3571712
1558142513,4268032
1558142514,3547136
1558142515,4284416
1558142516,3571712
1558142517,4325376
1558142518,3547136
1558142519,4308992
1558142520,3547136
1558142521,4308992
1558142522,3530752
1558142523,4284416
1558142524,3588096
1558142525,4259840
1558142526,3588096
1558142527,4235264
1558142528,3481600
1558142529,4243456
1558142530,3547136
1558142531,4218880
1558142532,3547136
1558142533,4259840
1558142534,3670016
1558142535,4317184
1558142536,3620864
1558142537,4243456
1558142538,3538944
1558142539,4308992
1558142540,3481600
1558142541,4292608
1558142542,3522560
1558142543,4235264
1558142544,3661824
1558142545,4292608
1558142546,3522560
1558142547,4202496
1558142548,3694592
1558142549,4366336
1558142550,3588096
1558142551,4317184
1558142552,3506176
1558142553,4276224
1558142554,3538944
1558142555,4251648
1558142556,3604480
1558142557,4259840
1558142558,3686400
1558142559,4349952
1558142560,3547136
1558142561,4276224
1558142562,3571712
1558142563,4235264
1558142564,3530752
1558142565,4325376
1558142566,3530752
1558142567,4317184
1558142568,3629056
1558142569,4325376
1558142570,3653632
1558142571,4284416
1558142572,3555328
1558142573,4227072
1558142574,3604480
1558142575,4210688
1558142576,3547136
1558142577,4300800
1558142578,3637248
1558142579,4333568
1558142580,3530752
1558142581,4308992
1558142582,3629056
1558142583,4300800
1558142584,3612672
1558142585,4325376
1558142586,3596288
1558142587,4325376
1558142588,3620864
1558142589,4333568
1558142590,3702784
1558142591,4341760
1558142592,3686400
1558142593,4349952
1558142594,3620864
1558142595,4300800
1558142596,3588096
1558142597,4268032
1558142598,3694592
1558142599,4325376
1558142600,3596288
1558142601,4251648
1558142602,3710976
1558142603,4325376
1558142604,3645440
1558142605,4284416
1558142606,3678208
1558142607,4308992
1558142608,3629056
1558142609,4366336
1558142610,3588096
1558142611,4317184
1558142612,3653632
1558142613,4300800
1558142614,3612672
1558142615,4251648
1558142616,3629056
1558142617,4268032
1558142618,3579904
1558142619,4317184
1558142620,3653632
1558142621,4300800
1558142622,3555328
1558142623,4227072
1558142624,3506176
1558142625,4210688
1558142626,3579904
1558142627,4284416
1558142628,3670016
1558142629,4349952
1558142630,3661824
1558142631,4349952
1558142632,3465216
1558142633,4268032
1558142634,3547136
1558142635,4243456
1558142636,3571712
1558142637,4251648
1558142638,3588096
1558142639,4317184
1558142640,3604480
1558142641,4268032
1558142642,3563520
1558142643,4358144
1558142644,3571712
1558142645,4268032
1558142646,3702784
1558142647,4317184
1558142648,3497984
1558142649,4259840
1558142650,3629056
1558142651,4268032
1558142652,3588096
1558142653,4341760
1558142654,3571712
1558142655,4341760
1558142656,3530752
1558142657,4276224
1558142658,3563520
1558142659,4292608
1558142660,3530752
1558142661,4292608
1558142662,3555328
1558142663,4292608
1558142664,3653632
1558142665,4333568
1558142666,3481600
1558142667,4186112
1558142668,3645440
1558142669,4333568
1558142670,3629056
1558142671,4349952
1558142672,3661824
1558142673,4341760
1558142674,3612672
1558142675,4268032
1558142676,3514368
1558142677,4243456
1558142678,3661824
1558142679,4317184
1558142680,3530752
1558142681,4243456
1558142682,3506176
1558142683,4218880
1558142684,3547136
1558142685,4218880
1558142686,3489792
1558142687,4186112
1558142688,3538944
1558142689,4292608
1558142690,3645440
1558142691,4300800
1558142692,3571712
1558142693,4186112
1558142694,3530752
1558142695,4227072
1558142696,3686400
1558142697,4317184
1558142698,3629056
1558142699,4284416
1558142700,3579904
1558142701,4292608
1558142702,3555328
1558142703,4194304
1558142704,3629056
1558142705,4292608
1558142706,3653632
1558142707,4317184
1558142708,3604480
1558142709,4292608
1558142710,3751936
1558142711,4374528
1558142712,3579904
1558142713,4259840
1558142714,3661824
1558142715,4284416
1558142716,3571712
1558142717,4333568
1558142718,3579904
1558142719,4259840
1558142720,3596288
1558142721,4358144
1558142722,3579904
1558142723,4317184
1558142724,3547136
1558142725,4292608
1558142726,3547136
1558142727,4276224
1558142728,3555328
1558142729,4235264
1558142730,3588096
1558142731,4276224
1558142732,3514368
1558142733,4243456
1558142734,3538944
1558142735,4251648
1558142736,3579904
1558142737,4276224
1558142738,3678208
1558142739,4308992
1558142740,3555328
1558142741,4358144
1558142742,3497984
1558142743,4259840
1558142744,3547136
1558142745,4325376
1558142746,3555328
1558142747,4341760
1558142748,3530752
1558142749,4268032
1558142750,3620864
1558142751,4308992
1558142752,3563520
1558142753,4358144
1558142754,3555328
1558142755,4276224
1558142756,3620864
1558142757,4325376
1558142758,3661824
1558142759,4300800
1558142760,3538944
1558142761,4325376
1558142762,3686400
1558142763,4358144
1558142764,3538944
1558142765,4292608
1558142766,3489792
1558142767,4317184
1558142768,3538944
1558142769,4341760
1558142770,3579904
1558142771,4227072
1558142772,3686400
1558142773,4358144
1558142774,3497984
1558142775,4227072
1558142776,3661824
1558142777,4292608
1558142778,3637248
1558142779,4325376
1558142780,3571712
1558142781,4259840
1558142782,3743744
1558142783,4358144
1558142784,3530752
1558142785,4276224
1558142786,3571712
1558142787,4349952
1558142788,3620864
1558142789,4358144
1558142790,3530752
1558142791,4227072
1558142792,3645440
1558142793,4300800
1558142794,3612672
1558142795,4227072
1558142796,3538944
1558142797,4235264
1558142798,3629056
1558142799,4333568
1558142800,3571712
1558142801,4366336
1558142802,3571712
1558142803,4268032
1558142804,3612672
1558142805,4325376
1558142806,3555328
1558142807,4333568
1558142808,3563520
1558142809,4300800
1558142810,3604480
1558142811,4284416
1558142812,3481600
1558142813,4308992
1558142814,3588096
1558142815,4259840
1558142816,3563520
1558142817,4300800
1558142818,3514368
1558142819,4235264
1558142820,3473408
1558142821,4227072
1558142822,3563520
1558142823,4259840
1558142824,3596288
1558142825,4251648
1558142826,3588096
1558142827,4284416
1558142828,3571712
1558142829,4235264
1558142830,3653632
1558142831,4341760
1558142832,3538944
1558142833,4292608
1558142834,3506176
1558142835,4268032
1558142836,3612672
1558142837,4292608
1558142838,3612672
1558142839,4227072
1558142840,3637248
1558142841,4300800
1558142842,3588096
1558142843,4292608
1558142844,3596288
1558142845,4268032
1558142846,3645440
1558142847,4300800
1558142848,3547136
1558142849,4284416
1558142850,3555328
1558142851,4243456
1558142852,3620864
1558142853,4300800
1558142854,3547136
1558142855,4251648
1558142856,3596288
1558142857,4243456
1558142858,3563520
1558142859,4308992
1558142860,3678208
1558142861,4358144
1558142862,3629056
1558142863,4276224
1558142864,3596288
1558142865,4268032
1558142866,3538944
1558142867,4218880
1558142868,3579904
1558142869,4276224
1558142870,3612672
1558142871,4308992
1558142872,3547136
1558142873,4292608
1558142874,3579904
1558142875,4292608
1558142876,3588096
1558142877,4300800
1558142878,3481600
1558142879,4259840
1558142880,3563520
1558142881,4317184
1558142882,3620864
1558142883,4276224
1558142884,3620864
1558142885,4317184
1558142886,3596288
1558142887,4276224
1558142888,3571712
1558142889,4268032
1558142890,3514368
1558142891,4308992
1558142892,3530752
1558142893,4268032
1558142894,3497984
1558142895,4259840
1558142896,3489792
1558142897,4251648
1558142898,3719168
1558142899,4358144
1558142900,3604480
1558142901,4284416
1558142902,3661824
1558142903,4431872
1558142904,3571712
1558142905,4382720
1558142906,3571712
1558142907,4300800
1558142908,3522560
1558142909,4235264
1558142910,3686400
1558142911,4399104
1558142912,3588096
1558142913,4251648
1558142914,3481600
1558142915,4235264
1558142916,3604480
1558142917,4284416
1558142918,3645440
1558142919,4300800
1558142920,3653632
1558142921,4300800
1558142922,3579904
1558142923,4284416
1558142924,3710976
1558142925,4341760
1558142926,3571712
1558142927,4341760
1558142928,3571712
1558142929,4317184
1558142930,3629056
1558142931,4276224
1558142932,3612672
1558142933,4325376
1558142934,3530752
1558142935,4308992
1558142936,3571712
1558142937,4251648
1558142938,3620864
1558142939,4292608
1558142940,3620864
1558142941,4268032
1558142942,3571712
1558142943,4251648
1558142944,3596288
1558142945,4243456
1558142946,3612672
1558142947,4268032
1558142948,3579904
1558142949,4284416
1558142950,3629056
1558142951,4333568
1558142952,3555328
1558142953,4317184
1558142954,3620864
1558142955,4300800
1558142956,3547136
1558142957,4333568
1558142958,3555328
1558142959,4284416
1558142960,3506176
1558142961,4194304
1558142962,3670016
1558142963,4308992
1558142964,3661824
1558142965,4268032
1558142966,3596288
1558142967,4243456
1558142968,3448832
1558142969,4218880
1558142970,3604480
1558142971,4284416
1558142972,3596288
1558142973,4349952
1558142974,3547136
1558142975,4284416
1558142976,3497984
1558142977,4284416
1558142978,3563520
1558142979,4333568
1558142980,3563520
1558142981,4235264
1558142982,3571712
1558142983,4227072
1558142984,3612672
1558142985,4276224
1558142986,3588096
1558142987,4317184
1558142988,3588096
1558142989,4276224
1558142990,3620864
1558142991,4284416
1558142992,3530752
1558142993,4325376
1558142994,3547136
1558142995,4284416
1558142996,3547136
1558142997,4251648
1558142998,3547136
1558142999,4227072
1558143000,3530752
1558143001,4284416
1558143002,3645440
1558143003,4333568
1558143004,3596288
1558143005,4268032
1558143006,3547136
1558143007,4308992
1558143008,3538944
1558143009,4300800
1558143010,3555328
1558143011,4292608
1558143012,3538944
1558143013,4276224
1558143014,3571712
1558143015,4243456
1558143016,3612672
1558143017,4276224
1558143018,3776512
1558143019,4390912
1558143020,3604480
1558143021,4300800
1558143022,3547136
1558143023,4276224
1558143024,3547136
1558143025,4292608
1558143026,3604480
1558143027,4308992
1558143028,3571712
1558143029,4358144
1558143030,3612672
1558143031,4317184
1558143032,3522560
1558143033,4227072
1558143034,3530752
1558143035,4300800
1558143036,3653632
1558143037,4300800
1558143038,3620864
1558143039,4308992
1558143040,3489792
1558143041,4218880
1558143042,3596288
1558143043,4251648
1558143044,3686400
1558143045,4308992
1558143046,3563520
1558143047,4292608
1558143048,3538944
1558143049,4284416
1558143050,3670016
1558143051,4300800
1558143052,3612672
1558143053,4292608
1558143054,3506176
1558143055,4317184
1558143056,3555328
1558143057,4259840
1558143058,3645440
1558143059,4317184
1558143060,3538944
1558143061,4308992
1558143062,3710976
1558143063,4390912
1558143064,3661824
1558143065,4333568
1558143066,3588096
1558143067,4292608
1558143068,3604480
1558143069,4268032
1558143070,3522560
1558143071,4276224
1558143072,3579904
1558143073,4341760
1558143074,3637248
1558143075,4349952
1558143076,3629056
1558143077,4374528
1558143078,3506176
1558143079,4308992
1558143080,3555328
1558143081,4333568
1558143082,3678208
1558143083,4341760
1558143084,3555328
1558143085,4349952
1558143086,3506176
1558143087,4317184
1558143088,3547136
1558143089,4284416
1558143090,3571712
1558143091,4308992
1558143092,3645440
1558143093,4341760
1558143094,3661824
1558143095,4300800
1558143096,3588096
1558143097,4284416
1558143098,3530752
1558143099,4251648
1558143100,3637248
1558143101,4284416
1558143102,3588096
1558143103,4210688
1558143104,3645440
1558143105,4300800
1558143106,3571712
1558143107,4317184
1558143108,3686400
1558143109,4382720
1558143110,3538944
1558143111,4235264
1558143112,3489792
1558143113,4251648
1558143114,3457024
1558143115,4268032
1558143116,3473408
1558143117,4235264
1558143118,3522560
1558143119,4235264
1558143120,3522560
1558143121,4317184
1558143122,3579904
1558143123,4268032
1558143124,3571712
1558143125,4202496
1558143126,3514368
1558143127,4235264
1558143128,3670016
1558143129,4292608
1558143130,3620864
1558143131,4333568
1558143132,3473408
1558143133,4268032
1558143134,3686400
1558143135,4333568
1558143136,3522560
1558143137,4259840
1558143138,3506176
1558143139,4227072
1558143140,3670016
1558143141,4284416
1558143142,3579904
1558143143,4317184
1558143144,3604480
1558143145,4251648
1558143146,3588096
1558143147,4259840
1558143148,3588096
1558143149,4259840
1558143150,3620864
1558143151,4308992
1558143152,3653632
1558143153,4333568
1558143154,3579904
1558143155,4292608
1558143156,3571712
1558143157,4308992
1558143158,3547136
1558143159,4308992
1558143160,3547136
1558143161,4317184
1558143162,3514368
1558143163,4218880
1558143164,3538944
1558143165,4235264
1558143166,3538944
1558143167,4341760
1558143168,3563520
1558143169,4268032
1558143170,3514368
1558143171,4325376
1558143172,3637248
1558143173,4358144
1558143174,3604480
1558143175,4317184
1558143176,3538944
1558143177,4325376
1558143178,3563520
1558143179,4308992
1558143180,3530752
1558143181,4300800
1558143182,3506176
1558143183,4333568
1558143184,3579904
1558143185,4358144
1558143186,3620864
1558143187,4308992
1558143188,3538944
1558143189,4300800
1558143190,3588096
1558143191,4284416
1558143192,3620864
1558143193,4317184
1558143194,3563520
1558143195,4259840
1558143196,3522560
1558143197,4292608
1558143198,3702784
1558143199,4407296
1558143200,3555328
1558143201,4235264
1558143202,3661824
1558143203,4333568
1558143204,3571712
1558143205,4358144
1558143206,3481600
1558143207,4243456
1558143208,3588096
1558143209,4243456
1558143210,3612672
1558143211,4276224
1558143212,3530752
1558143213,4243456
1558143214,3604480
1558143215,4243456
1558143216,3596288
1558143217,4259840
1558143218,3506176
1558143219,4300800
1558143220,3522560
1558143221,4210688
1558143222,3645440
1558143223,4349952
1558143224,3571712
1558143225,4276224
1558143226,3645440
1558143227,4292608
1558143228,3538944
1558143229,4259840
1558143230,3571712
1558143231,4243456
1558143232,3588096
1558143233,4259840
1558143234,3612672
1558143235,4333568
1558143236,3530752
1558143237,4284416
1558143238,3588096
1558143239,4218880
1558143240,3620864
1558143241,4235264
1558143242,3563520
1558143243,4251648
1558143244,3538944
1558143245,4227072
1558143246,3678208
1558143247,4308992
1558143248,3629056
1558143249,4366336
1558143250,3547136
1558143251,4349952
1558143252,3596288
1558143253,4325376
1558143254,3645440
1558143255,4292608
1558143256,3547136
1558143257,4259840
1558143258,3530752
1558143259,4251648
1558143260,3612672
1558143261,4333568
1558143262,3489792
1558143263,4259840
1558143264,3694592
1558143265,4325376
1558143266,3629056
1558143267,4284416
1558143268,3506176
1558143269,4202496
1558143270,3555328
1558143271,4243456
1558143272,3686400
1558143273,4366336
1558143274,3637248
1558143275,4308992
1558143276,3547136
1558143277,4276224
1558143278,3522560
1558143279,4251648
1558143280,3637248
1558143281,4243456
1558143282,3678208
1558143283,4374528
1558143284,3530752
1558143285,4308992
1558143286,3661824
1558143287,4317184
1558143288,3637248
1558143289,4325376
1558143290,3637248
1558143291,4308992
1558143292,3547136
1558143293,4259840
1558143294,3506176
1558143295,4235264
1558143296,3538944
1558143297,4235264
1558143298,3579904
1558143299,4251648
1558143300,3571712
1558143301,4243456
