timestamp,value
1558135980,26771472
1558135981,23845352
1558135982,34518088
1558135983,25420800
1558135984,36182904
1558135985,28164912
1558135986,25000848
1558135987,36041880
1558135988,26514064
1558135989,22254000
1558135990,32855488
1558135991,23730056
1558135992,34813088
1558135993,25625408
1558135994,35907864
1558135995,30775392
1558135996,26071984
1558135997,22714072
1558135998,32989368
1558135999,23415104
1558136000,33584120
1558136001,24368848
1558136002,35383808
1558136003,24995488
1558136004,35163728
1558136005,26717176
1558136006,22696320
1558136007,35504856
1558136008,24856880
1558136009,35416232
1558136010,25936440
1558136011,37442152
1558136012,30423792
1558136013,25544272
1558136014,35751712
1558136015,25738152
1558136016,23625696
1558136017,34997584
1558136018,24688312
1558136019,36304712
1558136020,25574408
1558136021,36136968
1558136022,26608704
1558136023,36866808
1558136024,34715424
1558136025,24522888
1558136026,35529552
1558136027,25996624
1558136028,36914048
1558136029,20348152
1558136030,30589528
1558136031,24765264
1558136032,38665216
1558136033,28078576
1558136034,24909120
1558136035,36099504
1558136036,26546800
1558136037,22706264
1558136038,33905112
1558136039,24248048
1558136040,35325440
1558136041,25146808
1558136042,35242808
1558136043,30329024
1558136044,33205008
1558136045,24169176
1558136046,34348552
1558136047,24607528
1558136048,35097824
1558136049,27407408
1558136050,23254200
1558136051,34711472
1558136052,23692936
1558136053,34136112
1558136054,26033224
1558136055,37462568
1558136056,27316240
1558136057,24194040
1558136058,34328120
1558136059,25115400
1558136060,22622056
1558136061,33843456
1558136062,23308944
1558136063,33909800
1558136064,23282728
1558136065,38554344
1558136066,26097816
1558136067,37325944
1558136068,28410688
1558136069,24550864
1558136070,22283184
1558136071,33339840
1558136072,23000136
1558136073,33632720
1558136074,23759808
1558136075,34585552
1558136076,25005088
1558136077,35866640
1558136078,26953576
1558136079,22801808
1558136080,32727688
1558136081,26213080
1558136082,22761480
1558136083,33952024
1558136084,23849648
1558136085,34915744
1558136086,27331576
1558136087,22965040
1558136088,33574608
1558136089,31215576
1558136090,22407400
1558136091,32981504
1558136092,23680528
1558136093,34306432
1558136094,24250744
1558136095,34573288
1558136096,24444392
1558136097,22893248
1558136098,33305792
1558136099,23671120
1558136100,34188696
1558136101,25347784
1558136102,23059776
1558136103,34359336
1558136104,25216432
1558136105,35977576
1558136106,25647344
1558136107,36457632
1558136108,29327680
1558136109,24250880
1558136110,34213872
1558136111,24174032
1558136112,34468960
1558136113,29516104
1558136114,24342560
1558136115,35302000
1558136116,24776832
1558136117,35522968
1558136118,27090456
1558136119,38023072
1558136120,28126856
1558136121,24129736
1558136122,34325968
1558136123,24594632
1558136124,36318944
1558136125,26523576
1558136126,22812336
1558136127,33761816
1558136128,23765024
1558136129,40160464
1558136130,27160832
1558136131,23989512
1558136132,34297048
1558136133,24981400
1558136134,35407392
1558136135,26675880
1558136136,23282712
1558136137,33919064
1558136138,24056360
1558136139,34685048
1558136140,25337528
1558136141,36279048
1558136142,26677488
1558136143,23459256
1558136144,33966872
1558136145,27849040
1558136146,23944376
1558136147,35040848
1558136148,25605168
1558136149,27199576
1558136150,37539920
1558136151,24904936
1558136152,35026376
1558136153,26143016
1558136154,36149544
1558136155,28762392
1558136156,28039304
1558136157,23845688
1558136158,34415648
1558136159,25447816
1558136160,35974328
1558136161,26402240
1558136162,22802720
1558136163,33782432
1558136164,23441880
1558136165,34213344
1558136166,23347056
1558136167,39891920
1558136168,27282056
1558136169,24183696
1558136170,34406000
1558136171,24039912
1558136172,39930544
1558136173,27721056
1558136174,24404832
1558136175,35261040
1558136176,24262136
1558136177,35063032
1558136178,26383464
1558136179,22078128
1558136180,31969320
1558136181,22663560
1558136182,32651424
1558136183,25964104
1558136184,23010312
1558136185,33884760
1558136186,22821696
1558136187,33895280
1558136188,24646808
1558136189,35665480
1558136190,24098456
1558136191,34715944
1558136192,24428912
1558136193,29222992
1558136194,26714072
1558136195,24170744
1558136196,34100400
1558136197,24722248
1558136198,35302976
1558136199,31275248
1558136200,25703344
1558136201,36522304
1558136202,27860256
1558136203,23421592
1558136204,39331096
1558136205,27747384
1558136206,24076856
1558136207,34819280
1558136208,25437048
1558136209,26763776
1558136210,38003312
1558136211,24982584
1558136212,34923584
1558136213,25571920
1558136214,35475016
1558136215,32941120
1558136216,26506752
1558136217,22845936
1558136218,33308664
1558136219,23211752
1558136220,38943360
1558136221,28509064
1558136222,23327064
1558136223,34223712
1558136224,24619728
1558136225,24507656
1558136226,34531616
1558136227,26330808
1558136228,22641352
1558136229,33622112
1558136230,22853832
1558136231,35094352
1558136232,24304936
1558136233,35391952
1558136234,25621864
1558136235,37191312
1558136236,28304904
1558136237,24413424
1558136238,34929376
1558136239,24591176
1558136240,34816704
1558136241,29261808
1558136242,24288608
1558136243,35412784
1558136244,24394384
1558136245,35846664
1558136246,29706112
1558136247,25493672
1558136248,36138712
1558136249,26418424
1558136250,36303256
1558136251,27771128
1558136252,24482136
1558136253,35416128
1558136254,24767536
1558136255,35754088
1558136256,25785352
1558136257,25720320
1558136258,36611784
1558136259,27866120
1558136260,23799512
1558136261,34617672
1558136262,23569768
1558136263,35841712
1558136264,25030368
1558136265,35701000
1558136266,26737560
1558136267,22958680
1558136268,34604032
1558136269,31951008
1558136270,24409664
1558136271,35347064
1558136272,24698008
1558136273,23525416
1558136274,33620344
1558136275,24645968
1558136276,34476328
1558136277,25509448
1558136278,23515280
1558136279,35298816
1558136280,25588768
1558136281,36200776
1558136282,28048672
1558136283,23664024
1558136284,35355864
1558136285,24838704
1558136286,35057784
1558136287,26179456
1558136288,18868880
1558136289,31053584
1558136290,25512280
1558136291,36884328
1558136292,26298216
1558136293,36875496
1558136294,33667000
1558136295,26962280
1558136296,37335600
1558136297,29595568
1558136298,24676888
1558136299,35742824
1558136300,25819776
1558136301,22765976
1558136302,32839520
1558136303,22999952
1558136304,33177032
1558136305,26610024
1558136306,22703504
1558136307,33609344
1558136308,23020960
1558136309,34480320
1558136310,23512600
1558136311,35395768
1558136312,24456576
1558136313,35107104
1558136314,24880840
1558136315,36362864
1558136316,27972680
1558136317,23955624
1558136318,34069424
1558136319,25147216
1558136320,35287672
1558136321,32654832
1558136322,27202384
1558136323,22966032
1558136324,32745248
1558136325,24301200
1558136326,34751320
1558136327,25244136
1558136328,35599904
1558136329,18394456
1558136330,28628976
1558136331,24347752
1558136332,22124120
1558136333,34437528
1558136334,23727920
1558136335,34524008
1558136336,24498672
1558136337,36859312
1558136338,27027048
1558136339,24195488
1558136340,34504096
1558136341,25960824
1558136342,35975488
1558136343,23761440
1558136344,34511016
1558136345,25150688
1558136346,35628760
1558136347,26996080
1558136348,23489344
1558136349,35162856
1558136350,24111520
1558136351,34993280
1558136352,24675056
1558136353,38576608
1558136354,29606760
1558136355,25476672
1558136356,35963536
1558136357,26558280
1558136358,22915016
1558136359,35050560
1558136360,24388624
1558136361,35207680
1558136362,25526568
1558136363,36478928
1558136364,29666208
1558136365,26168336
1558136366,22595456
1558136367,33206872
1558136368,22880064
1558136369,34557528
1558136370,23444496
1558136371,34734160
1558136372,24341456
1558136373,35132968
1558136374,26154600
1558136375,22808408
1558136376,36171784
1558136377,24994584
1558136378,34951624
1558136379,27664352
1558136380,24225984
1558136381,34894040
1558136382,26095496
1558136383,18280344
1558136384,28429664
1558136385,25828640
1558136386,36606496
1558136387,30487032
1558136388,25167176
1558136389,25335656
1558136390,37977520
1558136391,28519688
1558136392,23172896
1558136393,34766824
1558136394,23439272
1558136395,35056352
1558136396,25334904
1558136397,35705888
1558136398,28846696
1558136399,24174224
1558136400,35044968
1558136401,25808808
1558136402,35830264
1558136403,26994472
1558136404,23838016
1558136405,34607376
1558136406,27525488
1558136407,23959312
1558136408,33976024
1558136409,24683504
1558136410,34762808
1558136411,26580392
1558136412,36563376
1558136413,27085456
1558136414,24803824
1558136415,35612192
1558136416,25835792
1558136417,23043504
1558136418,33051600
1558136419,24785968
1558136420,35029416
1558136421,25837776
1558136422,36199472
1558136423,27878584
1558136424,23919720
1558136425,35114240
1558136426,25257008
1558136427,36299736
1558136428,28287168
1558136429,23915912
1558136430,35835240
1558136431,25365952
1558136432,35431896
1558136433,27823288
1558136434,23137008
1558136435,33794776
1558136436,23817888
1558136437,35967072
1558136438,26354120
1558136439,18371760
1558136440,29326520
1558136441,25272160
1558136442,35160168
1558136443,26220568
1558136444,37175744
1558136445,29315176
1558136446,25412784
1558136447,35908248
1558136448,25795856
1558136449,28881176
1558136450,39049160
1558136451,42051376
1558136452,18466728
1558136453,30164616
1558136454,26182960
1558136455,36310096
1558136456,29049576
1558136457,25884992
1558136458,36106272
1558136459,29188528
1558136460,24429544
1558136461,34954264
1558136462,24550096
1558136463,35994232
1558136464,26341688
1558136465,18330416
1558136466,28880408
1558136467,24714672
1558136468,35284976
1558136469,26120832
1558136470,23310456
1558136471,33872192
1558136472,24068184
1558136473,36701800
1558136474,25562088
1558136475,36569976
1558136476,27187752
1558136477,23949240
1558136478,34095096
1558136479,24820488
1558136480,34886800
1558136481,27042616
1558136482,23467264
1558136483,34693888
1558136484,24669184
1558136485,36417024
1558136486,27383960
1558136487,23516512
1558136488,34439352
1558136489,25249248
1558136490,36137728
1558136491,26407496
1558136492,22876696
1558136493,34097752
1558136494,24600656
1558136495,36325432
1558136496,25365872
1558136497,22423312
1558136498,32507096
1558136499,22835864
1558136500,33160064
1558136501,23736712
1558136502,36299544
1558136503,25501248
1558136504,36550744
1558136505,28922928
1558136506,25142920
1558136507,36628288
1558136508,28073696
1558136509,31417384
1558136510,23047576
1558136511,35122600
1558136512,23785432
1558136513,36656224
1558136514,24639920
1558136515,35995512
1558136516,27542304
1558136517,23558680
1558136518,34251768
1558136519,24839552
1558136520,35885336
1558136521,26221128
1558136522,22578384
1558136523,33808824
1558136524,23554560
1558136525,34830616
1558136526,24176688
1558136527,38556688
1558136528,27004768
1558136529,24247728
1558136530,34437912
1558136531,25198736
1558136532,38459960
1558136533,28824744
1558136534,24560336
1558136535,35159200
1558136536,24926440
1558136537,38672176
1558136538,29022888
1558136539,23810376
1558136540,34641352
1558136541,25407576
1558136542,35433736
1558136543,26980408
1558136544,22850248
1558136545,35600360
1558136546,24584664
1558136547,36470120
1558136548,27227464
1558136549,23953048
1558136550,35564592
1558136551,25125136
1558136552,35717160
1558136553,28866816
1558136554,23544776
1558136555,34314928
1558136556,23389680
1558136557,35470832
1558136558,24207824
1558136559,36336128
1558136560,19272616
1558136561,23440392
1558136562,33673088
1558136563,23689008
1558136564,36767288
1558136565,26699640
1558136566,23267024
1558136567,34866064
1558136568,24525552
1558136569,26565728
1558136570,36376256
1558136571,29229360
1558136572,23679200
1558136573,34473280
1558136574,23816488
1558136575,35501808
1558136576,25925608
1558136577,22948840
1558136578,33051352
1558136579,23015840
1558136580,36256752
1558136581,25059880
1558136582,35265832
1558136583,26500360
1558136584,22731640
1558136585,33462592
1558136586,23273960
1558136587,35582896
1558136588,24839144
1558136589,36586624
1558136590,26351680
1558136591,22101728
1558136592,32793760
1558136593,23401000
1558136594,33454320
1558136595,25265032
1558136596,37955424
1558136597,30036728
1558136598,25761712
1558136599,37238928
1558136600,28317792
1558136601,24759392
1558136602,35692472
1558136603,26981704
1558136604,22548696
1558136605,33339712
1558136606,24244992
1558136607,35711488
1558136608,25087040
1558136609,36462664
1558136610,26304208
1558136611,22218912
1558136612,34629056
1558136613,24301352
1558136614,36443080
1558136615,25767568
1558136616,35881472
1558136617,31558088
1558136618,25826224
1558136619,21862056
1558136620,32450144
1558136621,22689792
1558136622,32783536
1558136623,23843432
1558136624,33871576
1558136625,25392848
1558136626,35661840
1558136627,27163272
1558136628,25312536
1558136629,25522920
1558136630,35652304
1558136631,27142936
1558136632,23434464
1558136633,38532488
1558136634,26091000
1558136635,36974872
1558136636,28068504
1558136637,23652416
1558136638,33844024
1558136639,24513104
1558136640,34821656
1558136641,26378728
1558136642,36337016
1558136643,20301632
1558136644,22167120
1558136645,33427952
1558136646,23197976
1558136647,34643224
1558136648,23619232
1558136649,34777808
1558136650,24448320
1558136651,35005128
1558136652,26708384
1558136653,22754656
1558136654,32683304
1558136655,25576360
1558136656,35867672
1558136657,27622000
1558136658,23888192
1558136659,35218488
1558136660,28788112
1558136661,24055712
1558136662,34186512
1558136663,25255272
1558136664,35446360
1558136665,27100904
1558136666,23925032
1558136667,34896752
1558136668,21920576
1558136669,37150704
1558136670,28085376
1558136671,24125488
1558136672,34533584
1558136673,25148384
1558136674,36740568
1558136675,26579640
1558136676,23391296
1558136677,34012624
1558136678,23677616
1558136679,35803840
1558136680,24021568
1558136681,35363384
1558136682,24758936
1558136683,35657112
1558136684,25566944
1558136685,36844616
1558136686,29775696
1558136687,25190312
1558136688,35715384
1558136689,34413128
1558136691,25125296
1558136692,36320288
1558136693,27103984
1558136694,23377616
1558136695,34493808
1558136696,23454392
1558136697,35014472
1558136698,25384352
1558136699,36208632
1558136700,27897272
1558136701,23772192
1558136702,37071496
1558136703,25488560
1558136704,35718576
1558136705,28164832
1558136706,23310328
1558136707,34182712
1558136708,24602896
1558136709,35940928
1558136710,25567776
1558136711,37005472
1558136712,27352144
1558136713,24270792
1558136714,34616816
1558136715,25556624
1558136716,37174944
1558136717,27999424
1558136718,25156872
1558136719,36472712
1558136720,26581096
1558136721,23685264
1558136722,33814840
1558136723,25694680
1558136724,36240520
1558136725,26751064
1558136726,23027664
1558136727,34510688
1558136728,24730944
1558136729,37089904
1558136730,26920080
1558136731,23481560
1558136732,34132288
1558136733,24342448
1558136734,36963072
1558136735,26206240
1558136736,36164888
1558136737,30592312
1558136738,24532760
1558136739,36061864
1558136740,25687816
1558136741,36756440
1558136742,27249104
1558136743,24040088
1558136744,36288560
1558136745,27063760
1558136746,23240920
1558136747,33767856
1558136748,25280712
1558136749,28951912
1558136750,41355920
1558136751,26736216
1558136752,22839392
1558136753,35661560
1558136754,25048488
1558136755,35911736
1558136756,26389736
1558136757,22548000
1558136758,32722496
1558136759,23732184
1558136760,34668480
1558136761,24949152
1558136762,35006864
1558136763,25207736
1558136764,35619864
1558136765,30760032
1558136766,26496672
1558136767,22308840
1558136768,32692952
1558136769,23378368
1558136770,35679656
1558136771,25915304
1558136772,36139968
1558136773,27278328
1558136774,24177496
1558136775,34933216
1558136776,24775496
1558136777,18272584
1558136778,28896336
1558136779,24989080
1558136780,35428992
1558136781,26755680
1558136782,23473816
1558136783,34355848
1558136784,23228008
1558136785,36099192
1558136786,26479776
1558136787,23053072
1558136788,33991192
1558136789,23987280
1558136790,33919528
1558136791,25659608
1558136792,35741160
1558136793,27612272
1558136794,23726256
1558136795,34422920
1558136796,25862208
1558136797,36646624
1558136798,27481888
1558136799,24112344
1558136800,34476224
1558136801,24923144
1558136802,35755088
1558136803,27764584
1558136804,23558008
1558136805,34295792
1558136806,23856328
1558136807,38007624
1558136808,26724376
1558136809,31696800
1558136810,24145856
1558136811,34920640
1558136812,25230640
1558136813,36898856
1558136814,26705304
1558136815,22828408
1558136816,32761264
1558136817,24088688
1558136818,36680416
1558136819,26387600
1558136820,36699192
1558136821,28954776
1558136822,24134960
1558136823,35063072
1558136824,26532896
1558136825,22368072
1558136826,32531184
1558136827,22750264
1558136828,33267608
1558136829,24975328
1558136830,35469984
1558136831,25515256
1558136832,35854608
1558136833,28624480
1558136834,25649824
1558136835,18438880
1558136836,28344784
1558136837,24510480
1558136838,34788392
1558136839,27798776
1558136840,24354840
1558136841,34888432
1558136842,24316904
1558136843,35333184
1558136844,24875576
1558136845,36303392
1558136846,28078528
1558136847,23772952
1558136848,34234792
1558136849,25171184
1558136850,38098056
1558136851,28903536
1558136852,23427984
1558136853,34548336
1558136854,24018560
1558136855,35918736
1558136856,27256520
1558136857,23617768
1558136858,33780552
1558136859,25583080
1558136860,37088296
1558136861,30943944
1558136862,25315416
1558136863,36174480
1558136864,25719064
1558136865,22551728
1558136866,32941816
1558136867,23459608
1558136868,33395960
1558136869,31938112
1558136870,23142368
1558136871,34466208
1558136872,23638032
1558136873,34564984
1558136874,23823376
1558136875,36692656
1558136876,25764904
1558136877,23329504
1558136878,33190344
1558136879,24543744
1558136880,35152568
1558136881,25882712
1558136882,23274672
1558136883,33687048
1558136884,22804232
1558136885,33715584
1558136886,24816136
1558136887,35857104
1558136888,25994696
1558136889,22286368
1558136890,32297480
1558136891,23124248
1558136892,33632096
1558136893,25371888
1558136894,35476384
1558136895,26792296
1558136896,22925832
1558136897,36857032
1558136898,25142344
1558136899,37935024
1558136900,26721560
1558136901,23088600
1558136902,35551728
1558136903,24717048
1558136904,35050888
1558136905,25228208
1558136906,35605280
1558136907,30054056
1558136908,24950216
1558136909,22665104
1558136910,32569304
1558136911,22779616
1558136912,32983272
1558136913,23175528
1558136914,33470744
1558136915,24363088
1558136916,34451720
1558136917,25147416
1558136918,37780608
1558136919,28612688
1558136920,25903496
1558136921,22663632
1558136922,32851680
1558136923,24145432
1558136924,34709256
1558136925,24781264
1558136926,35424536
1558136927,26078512
1558136928,36239512
1558136929,19017520
1558136930,29286888
1558136931,26421520
1558136932,36576424
1558136933,29296840
1558136934,25257392
1558136935,36530520
1558136936,29148176
1558136937,24488688
1558136938,34609768
1558136939,26352912
1558136940,37174136
1558136941,28083600
1558136942,24299040
1558136943,23477256
1558136944,33610016
1558136945,29901272
1558136946,24941896
1558136947,23271320
1558136948,33127848
1558136949,24607024
1558136950,34681064
1558136951,26071176
1558136952,36194632
1558136953,28995744
1558136954,23411632
1558136955,34479408
1558136956,25846008
1558136957,36264456
1558136958,30073424
1558136959,25206008
1558136960,35593480
1558136961,24881464
1558136962,35777832
1558136963,26069504
1558136964,36923184
1558136965,28858976
1558136966,24332288
1558136967,36133928
1558136968,24912312
1558136969,37233632
1558136970,26536080
1558136971,22621624
1558136972,35512440
1558136973,24477856
1558136974,37662968
1558136975,27689704
1558136976,23766888
1558136977,34624496
1558136978,24336832
1558136979,36718264
1558136980,25658392
1558136981,36431096
1558136982,26970832
1558136983,25228872
1558136984,35448136
1558136985,28611240
1558136986,23180072
1558136987,33919760
1558136988,25497344
1558136989,29450912
1558136990,24904848
1558136991,35471728
1558136992,25599760
1558136993,37008904
1558136994,26991024
1558136995,25492632
1558136996,35892224
1558136997,26523648
1558136998,23178744
1558136999,37026848
1558137000,28544592
1558137001,24609488
1558137002,34544352
1558137003,26286416
1558137004,23248384
1558137005,33969384
1558137006,24345128
1558137007,35230248
1558137008,25729096
1558137009,37234312
1558137010,28903376
1558137011,24825448
1558137012,35038800
1558137013,26251376
1558137014,18368944
1558137015,29833672
1558137016,27189728
1558137017,23421320
1558137018,33240376
1558137019,24421760
1558137020,37048480
1558137021,27099576
1558137022,22138744
1558137023,33284808
1558137024,22973368
1558137025,33609632
1558137026,23135240
1558137027,36821032
1558137028,25723736
1558137029,36967736
1558137030,27553304
1558137031,24381808
1558137032,34860464
1558137033,39077336
1558137034,37031128
1558137035,28205416
1558137036,24135656
1558137037,35596216
1558137038,26322312
1558137039,18665736
1558137040,29221192
1558137041,26185744
1558137042,22884712
1558137043,36067840
1558137044,24561360
1558137045,35701288
1558137046,26042648
1558137047,18346520
1558137048,28320976
1558137049,32636608
1558137050,24229552
1558137051,35723664
1558137052,37769568
1558137053,34881800
1558137054,29245288
1558137055,25188176
1558137056,35181472
1558137057,25659688
1558137058,22906288
1558137059,34904576
1558137060,24269720
1558137061,35232120
1558137062,24461104
1558137063,37695768
1558137064,27425688
1558137065,24597520
1558137066,34785824
1558137067,25141864
1558137068,35284144
1558137069,26963040
1558137070,22929472
1558137071,33492160
1558137072,23085520
1558137073,34175320
1558137074,39143736
1558137075,36698256
1558137076,28140704
1558137077,23410368
1558137078,33797776
1558137079,23870352
1558137080,39949328
1558137081,27087656
1558137082,23309456
1558137083,34340064
1558137084,23633736
1558137085,34331960
1558137086,24017544
1558137087,34850424
1558137088,24441856
1558137089,35451816
1558137090,25426240
1558137091,37272592
1558137092,26640368
1558137093,23262944
1558137094,33385528
1558137095,23391376
1558137096,34343328
1558137097,25221136
1558137098,35675136
1558137099,26466448
1558137100,36641648
1558137101,34338288
1558137102,26460712
1558137103,22335056
1558137104,32556344
1558137105,22979840
1558137106,38906464
1558137107,26488048
1558137108,22928824
1558137109,40375680
1558137110,28647456
1558137111,24650744
1558137112,35760024
1558137113,25565480
1558137114,36102928
1558137115,27114200
1558137116,23591128
1558137117,35222904
1558137118,23765544
1558137119,35138136
1558137120,24495624
1558137121,35826448
1558137122,29812400
1558137123,25081312
1558137124,35454112
1558137125,26542168
1558137126,22093504
1558137127,38399384
1558137128,25857200
1558137129,19010952
1558137130,29381720
1558137131,25338624
1558137132,35541864
1558137133,26542768
1558137134,22833952
1558137135,33594632
1558137136,23083768
1558137137,25607192
1558137138,24405160
1558137139,35658696
1558137140,25206272
1558137141,36568760
1558137142,26529704
1558137143,25594736
1558137144,35600464
1558137145,26469376
1558137146,23303200
1558137147,33802368
1558137148,25189920
1558137149,37449120
1558137150,27108632
1558137151,24290472
1558137152,34419904
1558137153,24420608
1558137154,38220880
1558137155,27583840
1558137156,23095888
1558137157,33956848
1558137158,24377424
1558137159,36742216
1558137160,26841856
1558137161,24020232
1558137162,33887560
1558137163,23886280
1558137164,35569560
1558137165,25157152
1558137166,35439184
1558137167,26332664
1558137168,36761672
1558137169,23790896
1558137170,37222344
1558137171,25458040
1558137172,35884184
1558137173,26437640
1558137174,36143104
1558137175,29882040
1558137176,24752936
1558137177,35600760
1558137178,25317424
1558137179,36592408
1558137180,29379224
1558137181,26442024
1558137182,36437968
1558137183,28116408
1558137184,23993208
1558137185,35426048
1558137186,25284264
1558137187,36766248
1558137188,27424088
1558137189,24471264
1558137190,35210104
1558137191,26601648
1558137192,22844944
1558137193,33422104
1558137194,23280536
1558137195,34949968
1558137196,25140664
1558137197,38048328
1558137198,26877840
1558137199,24106896
1558137200,34269640
1558137201,27339368
1558137202,23256272
1558137203,34481064
1558137204,24508688
1558137205,35302032
1558137206,26260368
1558137207,37397920
1558137208,27946184
1558137209,23806864
1558137210,34256776
1558137211,24462536
1558137212,35155824
1558137213,26653416
1558137214,22726272
1558137215,33621064
1558137216,23582960
1558137217,37361520
1558137218,27698576
1558137219,23487536
1558137220,33698984
1558137221,23171296
1558137222,34929352
1558137223,24260936
1558137224,34696328
1558137225,25188936
1558137226,36127336
1558137227,26736768
1558137228,24578608
1558137229,26797568
1558137230,37179304
1558137231,24206752
1558137232,36037040
1558137233,26039152
1558137234,22788720
1558137235,34049120
1558137236,23147664
1558137237,33829960
1558137238,23217160
1558137239,37357032
1558137240,25372688
1558137241,35966488
1558137242,27186288
1558137243,33722480
1558137244,25228552
1558137245,36785672
1558137246,26426328
1558137247,22694056
1558137248,33742696
1558137249,24129248
1558137250,35305744
1558137251,24788224
1558137252,35337104
1558137253,26098600
1558137254,36469304
1558137255,31960704
1558137256,25990688
1558137257,36974576
1558137258,28010544
1558137259,24304752
1558137260,38642968
1558137261,26525520
1558137262,23294608
1558137263,34148992
1558137264,24054648
1558137265,35047192
1558137266,24998456
1558137267,35864328
1558137268,26007528
1558137269,22849664
1558137270,33379040
1558137271,25113696
1558137272,35648008
1558137273,26057096
1558137274,21889192
1558137275,32743616
1558137276,24966264
1558137277,35937224
1558137278,25971344
1558137279,18624864
1558137280,28809184
1558137281,24434624
1558137282,35850320
1558137283,25314384
1558137284,35861792
1558137285,26193200
1558137286,36371424
1558137287,32136000
1558137288,26099256
1558137289,36433984
1558137290,18362760
1558137291,28803736
1558137292,24706168
1558137293,36453112
1558137294,24984704
1558137295,36647048
1558137296,26047168
1558137297,18197304
1558137298,32581968
1558137299,26859416
1558137300,24845488
1558137301,35721056
1558137302,24585424
1558137303,38859824
1558137304,26899224
1558137305,23852936
1558137306,34339704
1558137307,24511808
1558137308,34211408
1558137309,26676208
1558137310,22149848
1558137311,33621776
1558137312,22951560
1558137313,34404048
1558137314,26394808
1558137315,36907808
1558137316,29704264
1558137317,24079992
1558137318,34160616
1558137319,24439928
1558137320,36160264
1558137321,25879096
1558137322,36802120
1558137323,28194896
1558137324,24080488
1558137325,39029600
1558137326,26642616
1558137327,24305728
1558137328,34866184
1558137329,25438768
1558137330,35959648
1558137331,29503136
1558137332,31552784
1558137333,34581072
1558137334,24852600
1558137335,35839888
1558137336,29056080
1558137337,23825056
1558137338,35345736
1558137339,24651776
1558137340,35225016
1558137341,28738824
1558137342,31338968
1558137343,34961240
1558137344,25102968
1558137345,35980104
1558137346,25827848
1558137347,23265136
1558137348,33452712
1558137349,31705120
1558137350,22255272
1558137351,33186112
1558137352,25200192
1558137353,37608224
1558137354,26412848
1558137355,23458376
1558137356,32990240
1558137357,26559088
1558137358,22177208
1558137359,34431552
1558137360,23939000
1558137361,34700128
1558137362,24072680
1558137363,36405312
1558137364,25805864
1558137365,36976512
1558137366,27931264
1558137367,24469688
1558137368,35578416
1558137369,25419720
1558137370,36480448
1558137371,27222688
1558137372,23182208
1558137373,38480728
1558137374,25716432
1558137375,37729864
1558137376,28249848
1558137377,24389256
1558137378,34488336
1558137379,25547904
1558137380,36035824
1558137381,27198400
1558137382,23488136
1558137383,33780528
1558137384,25435200
1558137385,36167264
1558137386,26876488
1558137387,22844480
1558137388,32998952
1558137389,24057424
1558137390,35285104
1558137391,27157040
1558137392,23337776
1558137393,34087496
1558137394,24700360
1558137395,36000168
1558137396,25768392
1558137397,36565064
1558137398,30999376
1558137399,21985248
1558137400,33736664
1558137401,23993808
1558137402,33820144
1558137403,24845528
1558137404,35311080
1558137405,29711880
1558137406,24309216
1558137407,36075984
1558137408,25448936
1558137409,26910552
1558137410,37195160
1558137411,25400768
1558137412,37225504
1558137413,27204296
1558137414,23611304
1558137415,34161832
1558137416,26509360
1558137417,22667320
1558137418,32907360
1558137419,22892968
1558137420,33684024
1558137421,23459032
1558137422,34072608
1558137423,24523832
1558137424,34888928
1558137425,26553440
1558137426,22168448
1558137427,37958112
1558137428,25643320
1558137429,36840744
1558137430,28668256
1558137431,24024568
1558137432,34277656
1558137433,24391344
1558137434,36037104
1558137435,25745208
1558137436,35758472
1558137437,27612280
1558137438,23708816
1558137439,36045472
1558137440,24598880
1558137441,35227728
1558137442,24868680
1558137443,22925240
1558137444,33681008
1558137445,23486408
1558137446,33504152
1558137447,24107584
1558137448,38926384
1558137449,27969656
1558137450,24016672
1558137451,34794944
1558137452,24656304
1558137453,35738776
1558137454,26272264
1558137455,22958080
1558137456,32737248
1558137457,23321464
1558137458,33245432
1558137459,26235848
1558137460,36955120
1558137461,29055232
1558137462,23333416
1558137463,34265368
1558137464,24801664
1558137465,36746760
1558137466,25888888
1558137467,36616792
1558137468,26628976
1558137469,30228912
1558137470,41833616
1558137471,27163160
1558137472,23614080
1558137473,34484376
1558137474,24390720
1558137475,37844896
1558137476,25687632
1558137477,37925840
1558137478,28160800
1558137479,23406880
1558137480,36654248
1558137481,24953400
1558137482,36206672
1558137483,26016888
1558137484,34944208
1558137485,33242216
1558137486,26492440
1558137487,22636832
1558137488,33343656
1558137489,23234512
1558137490,33471576
1558137491,23790280
1558137492,34244456
1558137493,24391784
1558137494,34944144
1558137495,25177296
1558137496,23087312
1558137497,33870960
1558137498,23678960
1558137499,34658976
1558137500,24212120
1558137501,36072344
1558137502,25452344
1558137503,18266600
1558137504,29217408
1558137505,24973272
1558137506,34882088
1558137507,28180288
1558137508,23249304
1558137509,34103184
1558137510,23664008
1558137511,34242472
1558137512,26741168
1558137513,22698840
1558137514,34536536
1558137515,24146280
1558137516,34501072
1558137517,25811152
1558137518,36169168
1558137519,27867304
1558137520,24110416
1558137521,34642728
1558137522,25012440
1558137523,36907824
1558137524,26632992
1558137525,22634160
1558137526,28564832
1558137527,22985152
1558137528,37865536
1558137529,34330608
1558137530,28655464
1558137531,23618760
1558137532,33666808
1558137533,26332624
1558137534,18453856
1558137535,30562208
1558137536,25383160
1558137537,36404992
1558137538,26704856
1558137539,23810272
1558137540,34489480
1558137541,24650272
1558137542,34940720
1558137543,34296760
1558137544,28355080
1558137545,23913072
1558137546,35187592
1558137547,24530568
1558137548,34812792
1558137549,26503888
1558137550,23513176
1558137551,34309192
1558137552,24688160
1558137553,35409640
1558137554,27139032
1558137555,22919744
1558137556,33085720
1558137557,24058472
1558137558,33700104
1558137559,25718800
1558137560,36541880
1558137561,27072504
1558137562,23983544
1558137563,35271616
1558137564,24054736
1558137565,18292064
1558137566,28456608
1558137567,24413136
1558137568,35012432
1558137569,25274912
1558137570,37873472
1558137571,28811768
1558137572,23400432
1558137573,35160584
1558137574,23738416
1558137575,35107208
1558137576,27364280
1558137577,23568560
1558137578,34743760
1558137579,23598976
1558137580,34692824
1558137581,25958600
1558137582,35916344
1558137583,28158944
1558137584,23691368
1558137585,34730504
1558137586,24453520
1558137587,35905096
1558137588,25319856
1558137589,26349608
1558137590,36922048
1558137591,26221136
1558137592,23856640
1558137593,35326416
1558137594,24479304
1558137595,35853144
1558137596,25461512
1558137597,37219248
1558137598,28010848
1558137599,23822008
1558137600,34235680
1558137601,24080616
1558137602,36203368
1558137603,27137472
1558137604,23244232
1558137605,34679424
1558137606,24164472
1558137607,35300464
1558137608,25160160
1558137609,36770664
1558137610,27158544
1558137611,23484264
1558137612,34207392
1558137613,24556248
1558137614,35046960
1558137615,26187688
1558137616,36067200
1558137617,27679872
1558137618,24945744
1558137619,36178904
1558137620,27211680
1558137621,24003184
1558137622,34015696
1558137623,24802496
1558137624,36347096
1558137625,29779224
1558137626,24888872
1558137627,35681080
1558137628,26053352
1558137629,24524592
1558137630,35030512
1558137631,25698912
1558137632,35537016
1558137633,26542184
1558137634,22966832
1558137635,35851936
1558137636,26014736
1558137637,37540904
1558137638,27071928
1558137639,24145440
1558137640,35258896
1558137641,25269824
1558137642,35206800
1558137643,26279456
1558137644,22228968
1558137645,38203832
1558137646,25357872
1558137647,35947232
1558137648,28923584
1558137649,30892728
1558137650,23504008
1558137651,35077240
1558137652,24883584
1558137653,36775184
1558137654,26217240
1558137655,29660160
1558137656,32703600
1558137657,24111992
1558137658,34916904
1558137659,25300584
1558137660,36086432
1558137661,32361600
1558137662,26182648
1558137663,36866520
1558137664,27967184
1558137665,23706344
1558137666,38630824
1558137667,27905984
1558137668,23978504
1558137669,35658824
1558137670,25102784
1558137671,35783744
1558137672,26025160
1558137673,18504480
1558137674,28813792
1558137675,24964944
1558137676,23472600
1558137677,33317064
1558137678,23630656
1558137679,34190824
1558137680,24323368
1558137681,35467280
1558137682,27717856
1558137683,23544136
1558137684,33828880
1558137685,23861248
1558137686,33821760
1558137687,25218776
1558137688,35953160
1558137689,27009024
1558137690,23411280
1558137691,34284576
1558137692,24549576
1558137693,22476848
1558137694,32528904
1558137695,23080592
1558137696,33367112
1558137697,24105728
1558137698,34181648
1558137699,25619928
1558137700,35692864
1558137701,26855192
1558137702,22911168
1558137703,34470712
1558137704,25640552
1558137705,36561240
1558137706,26411936
1558137707,23512592
1558137708,33210328
1558137709,30749816
1558137710,42155200
1558137711,28989360
1558137712,25084416
1558137713,36506656
1558137714,27141112
1558137715,24969840
1558137716,34902000
1558137717,26253056
1558137718,22202856
1558137719,33542336
1558137720,25644712
1558137721,36837632
1558137722,26055536
1558137723,22801184
1558137724,33198560
1558137725,23156104
1558137726,34801680
1558137727,25457064
1558137728,36701480
1558137729,27500048
1558137730,24380864
1558137731,35833040
1558137732,24514760
1558137733,36127544
1558137734,25632384
1558137735,37319792
1558137736,30794704
1558137737,25652528
1558137738,35689472
1558137739,28750400
1558137740,24534416
1558137741,28185416
1558137744,33957552
1558137745,24715472
1558137746,34774384
1558137747,29760096
1558137748,24361424
1558137749,34863776
1558137750,24923912
1558137751,36912328
1558137752,27085432
1558137753,23108408
1558137754,33008048
1558137755,24583408
1558137756,34758656
1558137757,25864824
1558137758,22118144
1558137759,32768936
1558137760,23853816
1558137761,34880440
1558137762,24032536
1558137763,38279360
1558137764,26400128
1558137765,37351312
1558137766,28689816
1558137767,24904088
1558137768,34742680
1558137769,32879536
1558137770,25978688
1558137771,22482192
1558137772,33136856
1558137773,23008736
1558137774,36270656
1558137775,25749536
1558137776,36491008
1558137777,30141984
1558137778,24135248
1558137779,37658056
1558137780,26404808
1558137781,22584384
1558137782,32810440
1558137783,23121488
1558137784,33503344
1558137785,24134376
1558137786,35263056
1558137787,25847048
1558137788,36940568
1558137789,28568888
1558137790,24856400
1558137791,35606440
1558137792,26230832
1558137793,22806592
1558137794,34017168
1558137795,24866920
1558137796,35258424
1558137797,28276544
1558137798,23461504
1558137799,34527696
1558137800,23541936
1558137801,34951616
1558137802,24911920
1558137803,35736888
1558137804,26489272
1558137805,23907064
1558137806,36841216
1558137807,26678248
1558137808,23196928
1558137809,34306104
1558137810,24132992
1558137811,35491320
1558137812,25400880
1558137813,37755296
1558137814,27049304
1558137815,24365512
1558137816,34722712
1558137817,25999760
1558137818,22871640
1558137819,33412968
1558137820,23489920
1558137821,35376064
1558137822,37255376
1558137823,35745832
1558137824,27471072
1558137825,24281272
1558137826,35569456
1558137827,25799792
1558137828,22807528
1558137829,19269960
1558137830,30021960
1558137831,25331768
1558137832,35456672
1558137833,27505080
1558137834,23946480
1558137835,34696440
1558137836,25202928
1558137837,36347624
1558137838,26236816
1558137839,22548176
1558137840,33847368
1558137841,23461984
1558137842,33841744
1558137843,33106272
1558137844,25043344
1558137845,37691496
1558137846,28270224
1558137847,25370880
1558137848,36575760
1558137849,26479000
1558137850,22698576
1558137851,33749624
1558137852,23001104
1558137853,34302024
1558137854,23796328
1558137855,36237088
1558137856,25475128
1558137857,36473256
1558137858,28270256
1558137859,23633464
1558137860,36325992
1558137861,26085384
1558137862,18496080
1558137863,31342936
1558137864,25599752
1558137865,37604728
1558137866,28175376
1558137867,23724224
1558137868,34574920
1558137869,24558152
1558137870,35236560
1558137871,25514496
1558137872,36278800
1558137873,26785336
1558137874,23276472
1558137875,35037576
1558137876,24693056
1558137877,37373296
1558137878,27341944
1558137879,23838056
1558137880,34190352
1558137881,25067992
1558137882,35260072
1558137883,26436328
1558137884,23407936
1558137885,34152264
1558137886,24790680
1558137887,35639664
1558137888,26662496
1558137889,30317248
1558137890,23603120
1558137891,35556512
1558137892,25533832
1558137893,36106992
1558137894,26774784
1558137895,22903816
1558137896,33052704
1558137897,24172648
1558137898,34295448
1558137899,25329256
1558137900,36491304
1558137901,27746608
1558137902,23429216
1558137903,34708016
1558137904,23792376
1558137905,36459720
1558137906,25853808
1558137907,37476200
1558137908,28444176
1558137909,24441544
1558137910,36670856
1558137911,26331192
1558137912,36461224
1558137913,30724448
1558137914,24982224
1558137915,37560536
1558137916,26786120
1558137917,23719808
1558137918,34617320
1558137919,25594560
1558137920,36328816
1558137921,27806456
1558137922,23665976
1558137923,35508928
1558137924,25374904
1558137925,22793832
1558137926,34875120
1558137927,23809984
1558137928,35509944
1558137929,25010784
1558137930,35821944
1558137931,26914664
1558137932,23263856
1558137933,34187272
1558137934,23788840
1558137935,36515592
1558137936,25909392
1558137937,23396040
1558137938,33740824
1558137939,24314896
1558137940,36288808
1558137941,25922640
1558137942,18402408
1558137943,29572488
1558137944,25468520
1558137945,36182528
1558137946,26188032
1558137947,23357344
1558137948,33764840
1558137949,31329880
1558137950,36455616
1558137951,33708768
1558137952,25568440
1558137953,22941544
1558137954,33074304
1558137955,23577792
1558137956,35167776
1558137957,25676120
1558137958,35780872
1558137959,28337808
1558137960,24944096
1558137961,37114744
1558137962,25977080
1558137963,22702224
1558137964,34516696
1558137965,24209456
1558137966,34149184
1558137967,25735296
1558137968,37684008
1558137969,31218416
1558137970,25019160
1558137971,36598328
1558137972,38423288
1558137973,22786752
1558137974,33186568
1558137975,23333904
1558137976,33109160
1558137977,23737000
1558137978,35781560
1558137979,26254584
1558137980,23024960
1558137981,33881112
1558137982,23632416
1558137983,34586416
1558137984,25309680
1558137985,35879720
1558137986,26050984
1558137987,22945576
1558137988,33086184
1558137989,25822176
1558137990,36267128
1558137991,27787176
1558137992,23150080
1558137993,34004624
1558137994,22807896
1558137995,34387840
1558137996,23483560
1558137997,35231688
1558137998,24473592
1558137999,35717768
1558138000,26239752
1558138001,37533928
1558138002,28631832
1558138003,24998896
1558138004,35196704
1558138005,28407536
1558138006,23339608
1558138007,35251312
1558138008,25048696
1558138009,25038264
1558138010,37077840
1558138011,25774872
1558138012,36358032
1558138013,29227704
1558138014,24160056
1558138015,38576192
1558138016,26612672
1558138017,23740240
1558138018,34342384
1558138019,24031648
1558138020,36175672
1558138021,25332880
1558138022,36157440
1558138023,27317816
1558138024,23661000
1558138025,34627288
1558138026,27137072
1558138027,23197680
1558138028,33262432
1558138029,23538408
1558138030,34364128
1558138031,26429752
1558138032,36510784
1558138033,29744880
1558138034,24791784
1558138035,35766488
1558138036,25390296
1558138037,22178168
1558138038,32411896
1558138039,22980448
1558138040,34542592
1558138041,23715544
1558138042,37024016
1558138043,25751896
1558138044,36006496
1558138045,30865216
1558138046,25123776
1558138047,36846752
1558138048,26329208
1558138049,23242824
1558138050,36351288
1558138051,25065776
1558138052,35761688
1558138053,29334328
1558138054,24181576
1558138055,35600832
1558138056,24646864
1558138057,35476512
1558138058,25423632
1558138059,36817368
1558138060,28087824
1558138061,25447664
1558138062,35473192
1558138063,28077896
1558138064,25591840
1558138065,36107504
1558138066,28235056
1558138067,23671112
1558138068,33670256
1558138069,32446128
1558138070,25929120
1558138071,36786776
1558138072,28108552
1558138073,23539064
1558138074,34212184
1558138075,24720792
1558138076,35074992
1558138077,25670880
1558138078,36218464
1558138079,27515704
1558138080,24917600
1558138081,35697344
1558138082,26863136
1558138083,24431296
1558138084,34478664
1558138085,24941416
1558138086,35275120
1558138087,25455352
1558138088,37912752
1558138089,28487032
1558138090,24410536
1558138091,35877872
1558138092,25717920
1558138093,22146392
1558138094,32022360
1558138095,23296168
1558138096,35972232
1558138097,24999120
1558138098,35305080
1558138099,26027976
1558138100,36666392
1558138101,28962288
1558138102,23495712
1558138103,34396400
1558138104,25038176
1558138105,35773440
1558138106,25576496
1558138107,22178600
1558138108,33198392
1558138109,23534576
1558138110,34629944
1558138111,24771968
1558138112,34582896
1558138113,25620880
1558138114,35368336
1558138115,29906968
1558138116,25004048
1558138117,36230304
1558138118,38135672
1558138119,22515136
1558138120,33279480
1558138121,23389392
1558138122,34883672
1558138123,24361168
1558138124,37741520
1558138125,26546048
1558138126,22117008
1558138127,34071408
1558138128,23316168
1558138129,19159024
1558138130,30514928
1558138131,25646992
1558138132,36709728
1558138133,28347032
1558138134,24506488
1558138135,37117080
1558138136,27919848
1558138137,23561760
1558138138,33555672
1558138139,24053496
1558138140,37270352
1558138141,27928432
1558138142,23768872
1558138143,20919960
1558138144,31110184
1558138145,25449880
1558138146,35979024
1558138147,27575400
1558138148,23514480
1558138149,34304824
1558138150,25602376
1558138151,37876888
1558138152,30679792
1558138153,25501736
1558138154,35723560
1558138155,28729296
1558138156,23373928
1558138157,34776464
1558138158,24166296
1558138159,35683432
1558138160,25775864
1558138161,37065664
1558138162,28781968
1558138163,23863352
1558138164,34260728
1558138165,24021448
1558138166,35390264
1558138167,26122112
1558138168,22706176
1558138169,33369064
1558138170,23265240
1558138171,35682136
1558138172,24718080
1558138173,37329272
1558138174,26822128
1558138175,22609480
1558138176,32991824
1558138177,23575896
1558138178,36841272
1558138179,25432888
1558138180,18455856
1558138181,29744200
1558138182,24793920
1558138183,35654352
1558138184,27034752
1558138185,23059728
1558138186,33286536
1558138187,23220136
1558138188,33561832
1558138189,33588752
1558138190,26758680
1558138191,24296016
1558138192,35492704
1558138193,25231640
1558138194,35505288
1558138195,26781720
1558138196,23429024
1558138197,34064864
1558138198,23962512
1558138199,34671216
1558138200,27397744
1558138201,30872104
1558138202,33462392
1558138203,25145056
1558138204,35352944
1558138205,25793632
1558138206,22146936
1558138207,33876432
1558138208,23812344
1558138209,34324432
1558138210,24664840
1558138211,38945112
1558138212,27737736
1558138213,24133720
1558138214,34536600
1558138215,25525576
1558138216,22164064
1558138217,33577688
1558138218,22988760
1558138219,35179704
1558138220,24289984
1558138221,35042808
1558138222,26181856
1558138223,23615568
1558138224,35035688
1558138225,24732960
1558138226,34870416
1558138227,25547424
1558138228,36240216
1558138229,27675624
1558138230,23928136
1558138231,34726976
1558138232,24505768
1558138233,36434424
1558138234,26599816
1558138235,23798216
1558138236,33773864
1558138237,24347856
1558138238,37647896
1558138239,26753456
1558138240,18788416
1558138241,29524480
1558138242,25189584
1558138243,22410096
1558138244,32537784
1558138245,23551456
1558138246,33484248
1558138247,23552840
1558138248,34763544
1558138249,30871168
1558138250,24418472
1558138251,36163952
1558138252,25402952
1558138253,36048160
1558138254,29413400
1558138255,25336624
1558138256,35430696
1558138257,27539000
1558138258,23574584
1558138259,35990824
1558138260,25257368
1558138261,35756232
1558138262,26742224
1558138263,37140184
1558138264,28373976
1558138265,25452880
1558138266,35170976
1558138267,26618088
1558138268,36540864
1558138269,28507632
1558138270,26566552
1558138271,36081776
1558138272,29620424
1558138273,24705256
1558138274,34932576
1558138275,26110208
1558138276,37193680
1558138277,28606288
1558138278,23684280
1558138279,34409856
1558138280,25054312
1558138281,36650864
1558138282,27358184
1558138283,24581776
1558138284,34665600
1558138285,25524432
1558138286,22852016
1558138287,33260728
1558138288,22928920
1558138289,34085104
1558138290,23924176
1558138291,38152880
1558138292,25881816
1558138293,37146832
1558138294,28665120
1558138295,23177208
1558138296,33096856
1558138297,23746920
1558138298,33541816
1558138299,24040256
1558138300,34802224
1558138301,25493664
1558138302,36554536
1558138303,28017888
1558138304,23550184
1558138305,34286336
1558138306,24232192
1558138307,38504936
1558138308,26548824
1558138309,29786184
1558138310,40488336
1558138311,25972176
1558138312,23589496
1558138313,34126008
1558138314,36460240
1558138315,33646048
1558138316,24016128
1558138317,36588800
1558138318,26389816
1558138319,22651016
1558138320,34744456
1558138321,24747368
1558138322,35916704
1558138323,29317648
1558138324,23846320
1558138325,34901760
1558138326,25315088
1558138327,36237760
1558138328,26697136
1558138329,24138520
1558138330,34354432
1558138331,24018256
1558138332,34365568
1558138333,25917968
1558138334,23418176
1558138335,34349656
1558138336,23444792
1558138337,34211312
1558138338,23681312
1558138339,37778952
1558138340,26222312
1558138341,22406696
1558138342,32399720
1558138343,23296784
1558138344,34674824
1558138345,24270072
1558138346,35079656
1558138347,25114392
1558138348,35207760
1558138349,26195448
1558138350,24026792
1558138351,35021944
1558138352,25819632
1558138353,35511152
1558138354,28664144
1558138355,25193136
1558138356,36040728
1558138357,24439128
1558138358,24127904
1558138359,34669888
1558138360,25582144
1558138361,22838064
1558138362,32759248
1558138363,24277680
1558138364,34543072
1558138365,24772032
1558138366,38602120
1558138367,27960688
1558138368,24270744
1558138369,20233400
1558138370,29928592
1558138371,25267648
1558138372,36057152
1558138373,26795128
1558138374,22229584
1558138375,33054128
1558138376,23534160
1558138377,35148176
1558138378,24037552
1558138379,35180280
1558138380,25185424
1558138381,36317864
1558138382,29227144
1558138383,24389440
1558138384,34980640
1558138385,24397920
1558138386,34328784
1558138387,25610464
1558138388,36434584
1558138389,28406176
1558138390,23612400
1558138391,34863608
1558138392,23929448
1558138393,36114064
1558138394,25510264
1558138395,36334848
1558138396,26893160
1558138397,23489704
1558138398,37689592
1558138399,26314168
1558138400,36426176
1558138401,27250696
1558138402,23492592
1558138403,34279856
1558138404,23835344
1558138405,35726072
1558138406,25054704
1558138407,35999768
1558138408,26888880
1558138409,24754912
1558138410,35457136
1558138411,26597328
1558138412,22841432
1558138413,35188184
1558138414,24236392
1558138415,35406328
1558138416,26735784
1558138417,22941072
1558138418,32748512
1558138419,23651648
1558138420,36650624
1558138421,26238656
1558138422,36602432
1558138423,28628824
1558138424,25604832
1558138425,36246152
1558138426,26851392
1558138427,23578160
1558138428,33586664
1558138429,32513688
1558138430,23786792
1558138431,35962744
1558138432,24744912
1558138433,35597776
1558138434,25868392
1558138435,22753624
1558138436,36358584
1558138437,25414584
1558138438,35297256
1558138439,26198576
1558138440,18256288
1558138441,29741496
1558138442,25508536
1558138443,26055800
1558138444,36056960
1558138445,26596272
1558138446,23493072
1558138447,37690168
1558138448,26093976
1558138449,36817024
1558138450,27070344
1558138451,24347888
1558138452,38016032
1558138453,29995176
1558138454,24075672
1558138455,34802560
1558138456,25099128
1558138457,37395800
1558138458,28226640
1558138459,23845880
1558138460,33836024
1558138461,24153488
1558138462,35882584
1558138463,28189344
1558138464,24896200
1558138465,34688480
1558138466,25355040
1558138467,18201824
1558138468,28435256
1558138469,25077536
1558138470,34967160
1558138471,26354808
1558138472,36490352
1558138473,28672464
1558138474,25438488
1558138475,36694816
1558138476,26271648
1558138477,18455680
1558138478,28767080
1558138479,24768360
1558138480,35665632
1558138481,25860384
1558138482,18370704
1558138483,30698040
1558138484,25417000
1558138485,23329472
1558138486,34230936
1558138487,24534576
1558138488,34520144
1558138489,30973696
1558138490,28588752
1558138491,24069336
1558138492,34342864
1558138493,24551240
1558138494,34818032
1558138495,25986152
1558138496,36760704
1558138497,28915360
1558138498,24583624
1558138499,36956184
1558138500,26296080
1558138501,22896400
1558138502,32978072
1558138503,23394904
1558138504,33352704
1558138505,25772424
1558138506,36090648
1558138507,26311528
1558138508,37031640
1558138509,28780496
1558138510,23438032
1558138511,38304520
1558138512,26802728
1558138513,24290288
1558138514,34186848
1558138515,26943464
1558138516,25431392
1558138517,36394968
1558138518,26385248
1558138519,23027608
1558138520,32983864
1558138521,23361176
1558138522,34104728
1558138523,24285680
1558138524,34284976
1558138525,25584920
1558138526,35834560
1558138527,26794680
1558138528,23138072
1558138529,33978264
1558138530,23646576
1558138531,35065752
1558138532,26483736
1558138533,22450112
1558138534,33610088
1558138535,23744280
1558138536,35387320
1558138537,26029000
1558138538,36477912
1558138539,28741480
1558138540,23277544
1558138541,34549224
1558138542,25753480
1558138543,23239496
1558138544,33077856
1558138545,24189816
1558138546,34198472
1558138547,25880544
1558138548,36257856
1558138549,34530680
1558138550,28454688
1558138551,23885768
1558138552,35253320
1558138553,26282984
1558138554,22734032
1558138555,33928040
1558138556,23660464
1558138557,34126344
1558138558,25095472
1558138559,36310288
1558138560,27280392
1558138561,24707464
1558138562,34640696
1558138563,25119112
1558138564,22645056
1558138565,35433560
1558138566,23866784
1558138567,35117264
1558138568,25720496
1558138569,36583992
1558138570,29338472
1558138571,23980160
1558138572,35384640
1558138573,25944936
1558138574,36475080
1558138575,31866328
1558138576,24962448
1558138577,35928016
1558138578,26125384
1558138579,22093424
1558138580,32304144
1558138581,23565072
1558138582,33647304
1558138583,23812600
1558138584,35413000
1558138585,25050520
1558138586,37067976
1558138587,26856176
1558138588,23567280
1558138589,36217384
1558138590,24746048
1558138591,36462848
1558138592,26679248
1558138593,23103888
1558138594,32751952
1558138595,23869592
1558138596,37086192
1558138597,25987152
1558138598,37085688
1558138599,29011432
1558138600,23997792
1558138601,35157264
1558138602,25914088
1558138603,36754904
1558138604,27766456
1558138605,23299672
1558138606,34181512
1558138607,26329440
1558138608,36515600
1558138609,18574808
1558138610,29878464
1558138611,25398032
1558138612,37352240
1558138613,27195296
1558138614,22787928
1558138615,34412264
1558138616,24268416
1558138617,35258912
1558138618,26181416
1558138619,22545384
1558138620,33656232
1558138621,24093344
1558138622,34937320
1558138623,24814144
1558138624,35328992
1558138625,26370760
1558138626,22484656
1558138627,33668584
1558138628,24158496
1558138629,35172384
1558138630,25144832
1558138631,36485800
1558138632,26987016
1558138633,24750912
1558138634,35102232
1558138635,24399896
1558138636,36704176
1558138637,27095800
1558138638,24039488
1558138639,35907720
1558138640,25040600
1558138641,38110544
1558138642,28214256
1558138643,23788576
1558138644,36840640
1558138645,26048656
1558138646,22962416
1558138647,33681928
1558138648,23553408
1558138649,34939424
1558138650,24676928
1558138651,37722128
1558138652,26349168
1558138653,22745456
1558138654,33051456
1558138655,24652136
1558138656,35306528
1558138657,25995232
1558138658,18395680
1558138659,29276248
1558138660,24786184
1558138661,36851272
1558138662,27062816
1558138663,23921288
1558138664,34577656
1558138665,25823312
1558138666,23547096
1558138667,34930048
1558138668,23608400
1558138669,18954848
1558138670,29879464
1558138671,26756800
1558138672,22938848
1558138673,34395728
1558138674,23743600
1558138675,34592872
1558138676,24541976
1558138677,36152168
1558138678,25337504
1558138679,36213256
1558138680,26983208
1558138681,22961304
1558138682,35790792
1558138683,25557064
1558138684,36206072
1558138685,28037608
1558138686,24626192
1558138687,35301152
1558138688,25292064
1558138689,36423912
1558138690,26210792
1558138691,22852208
1558138692,33172264
1558138693,24968936
1558138694,35063816
1558138695,26298232
1558138696,18787144
1558138697,29710160
1558138698,24571848
1558138699,37223864
1558138700,26696416
1558138701,23463144
1558138702,33424440
1558138703,23191520
1558138704,34983864
1558138705,24107576
1558138706,35305864
1558138707,25991936
1558138708,35720344
1558138709,30819360
1558138710,25630856
1558138711,37052624
1558138712,26507472
1558138713,22803112
1558138714,32660160
1558138715,23561320
1558138716,34728120
1558138717,25136064
1558138718,35459736
1558138719,25946160
1558138720,36932744
1558138721,29329192
1558138722,24448464
1558138723,35280432
1558138724,25916032
1558138725,23799088
1558138726,34549184
1558138727,24694792
1558138728,35349880
1558138729,32722344
1558138730,24952624
1558138731,36924088
1558138732,26486048
1558138733,23117304
1558138734,33376520
1558138735,23326040
1558138736,35359440
1558138737,25569016
1558138738,22273728
1558138739,33674632
1558138740,23763392
1558138741,36057672
1558138742,24599248
1558138743,25039504
1558138744,22221264
1558138745,33047064
1558138746,24432600
1558138747,36262280
1558138748,25519920
1558138749,37404200
1558138750,28086824
1558138751,23723784
1558138752,34663616
1558138753,24579840
1558138754,34862080
1558138755,26090416
1558138756,35763128
1558138757,28274928
1558138758,23976648
1558138759,34792952
1558138760,24641032
1558138761,36081592
1558138762,29794616
1558138763,34490424
1558138764,34423768
1558138765,25269120
1558138766,35895856
1558138767,28338544
1558138768,24684352
1558138769,35869328
1558138770,27318352
1558138771,24195160
1558138772,34388280
1558138773,27134328
1558138774,23025848
1558138775,33824536
1558138776,23585216
1558138777,34875544
1558138778,25016448
1558138779,36523000
1558138780,26566720
1558138781,22764496
1558138782,32768816
1558138783,23353312
1558138784,37583600
1558138785,41181320
1558138786,23064848
1558138787,35033960
1558138788,23283856
1558138789,25806176
1558138790,35885176
1558138791,25953464
1558138792,36056104
1558138793,27434424
1558138794,23666512
1558138795,35638440
1558138796,26236784
1558138797,23654616
1558138798,33521000
1558138799,25124352
1558138800,22953048
1558138801,34205544
1558138802,23624424
1558138803,34656424
1558138804,24070360
1558138805,35576840
1558138806,25699936
1558138807,22497336
1558138808,33047312
1558138809,22893800
1558138810,33328056
1558138811,24966976
1558138812,35127976
1558138813,26422360
1558138814,18356120
1558138815,29127344
1558138816,26994440
1558138817,23639280
1558138818,35415312
1558138819,25891832
1558138820,35931680
1558138821,32156472
1558138822,26155632
1558138823,23009128
1558138824,33990920
1558138825,23551128
1558138826,33755832
1558138827,24291904
1558138828,34302432
1558138829,25386840
1558138830,35817016
1558138831,27329712
1558138832,26007232
1558138833,36380200
1558138834,28506216
1558138835,24534568
1558138836,34802720
1558138837,25478056
1558138838,36641960
1558138839,28784016
1558138840,23660872
1558138841,34855720
1558138842,24335392
1558138843,35917640
1558138844,25284632
1558138845,36524648
1558138846,26425168
1558138847,22252904
1558138848,36985832
1558138849,23801112
1558138850,25395848
1558138851,22049680
1558138852,31907104
1558138853,24521216
1558138854,34693032
1558138855,25994720
1558138856,36458024
1558138857,27833264
1558138858,24270496
1558138859,35637136
1558138860,26759176
1558138861,23166384
1558138862,33683704
1558138863,23493104
1558138864,37833264
1558138865,26643120
1558138866,36654432
1558138867,29450272
1558138868,24112576
1558138869,37012592
1558138870,25505960
1558138871,36678624
1558138872,26930040
1558138873,23979776
1558138874,34159176
1558138875,26352552
1558138876,18441072
1558138877,29827520
1558138878,24825344
1558138879,35809512
1558138880,29065192
1558138881,25923648
1558138882,22647848
1558138883,33142344
1558138884,23013984
1558138885,37953544
1558138886,25596048
1558138887,36766528
1558138888,26540640
1558138889,22331536
1558138890,32714192
1558138891,23972160
1558138892,34685536
1558138893,39586720
1558138894,34913248
1558138895,25631024
1558138896,22744296
1558138897,34968344
1558138898,24175640
1558138899,35112424
1558138900,24537176
1558138901,35934448
1558138902,26642512
1558138903,23464200
1558138904,33344088
1558138905,23317040
1558138906,34100424
1558138907,26268736
1558138908,22580192
1558138909,41241800
1558138910,28062168
1558138911,24194448
1558138912,33891528
1558138913,24839432
1558138914,35610568
1558138915,39270424
1558138916,36161968
1558138917,27068264
1558138918,25130584
1558138919,36960392
1558138920,26426160
1558138921,22243104
1558138922,32610200
1558138923,24795008
1558138924,36700328
1558138925,27196944
1558138926,23159024
1558138927,34250992
1558138928,23365088
1558138929,37609456
1558138930,25650912
1558138931,22467120
1558138932,33263984
1558138933,23439456
1558138934,34495224
1558138935,25020688
1558138936,34980720
1558138937,26038576
1558138938,36361448
1558138939,32570880
1558138940,26574224
1558138941,22762256
1558138942,32851056
1558138943,23310600
1558138944,33960656
1558138945,23470576
1558138946,34188824
1558138947,23971552
1558138948,34949328
1558138949,25960920
1558138950,22283064
1558138951,33989368
1558138952,22964896
1558138953,33639568
1558138954,23787344
1558138955,38222808
1558138956,28588440
1558138957,24329216
1558138958,34425640
1558138959,25351336
1558138960,38367936
1558138961,30304240
1558138962,24508168
1558138963,34783032
1558138964,25219880
1558138965,35568920
1558138966,26539176
1558138967,23581120
1558138968,33766864
1558138969,31740624
1558138970,23293088
1558138971,34948624
1558138972,24435112
1558138973,34945344
1558138974,24953632
1558138975,36392456
1558138976,28415136
1558138977,23898448
1558138978,34086528
1558138979,24130744
1558138980,35645864
1558138981,25707896
1558138982,22497120
1558138983,34493896
1558138984,23110672
1558138985,33880928
1558138986,23444352
1558138987,38262592
1558138988,26144632
1558138989,18385896
1558138990,29106904
1558138991,25606880
1558138992,36809664
1558138993,26770912
1558138994,23407760
1558138995,34361032
1558138996,23639752
1558138997,34406224
1558138998,26060648
1558138999,18379256
1558139000,29051264
1558139001,25003592
1558139002,35497712
1558139003,29926328
1558139004,25217024
1558139005,36330744
1558139006,25821720
1558139007,36939248
1558139008,27018872
1558139009,24459496
1558139010,35153736
1558139011,26481808
1558139012,18377440
1558139013,29160448
1558139014,25480824
1558139015,37451504
1558139016,26804304
1558139017,23671848
1558139018,34088704
1558139019,24992392
1558139020,36461872
1558139021,26794936
1558139022,22744088
1558139023,34247712
1558139024,23602968
1558139025,34656360
1558139026,24340808
1558139027,34936576
1558139028,25089728
1558139029,29508016
1558139030,40653792
1558139031,28470736
1558139032,23765896
1558139033,34889160
1558139034,26197656
1558139035,22810984
1558139036,34396336
1558139037,23803192
1558139038,33878152
1558139039,23943880
1558139040,36156224
1558139041,26683720
1558139042,36727048
1558139043,27535824
1558139044,29978384
1558139045,32369112
1558139046,37663920
1558139047,28593848
1558139048,24151728
1558139049,34800768
1558139050,24683976
1558139051,18669912
1558139052,29499328
1558139053,25056880
1558139054,35000216
1558139055,25685048
1558139056,24043352
1558139057,36164600
1558139058,25535888
1558139059,36211064
1558139060,26127856
1558139061,23642016
1558139062,33949800
1558139063,24095408
1558139064,34470728
1558139065,24744472
1558139066,34764992
1558139067,26472664
1558139068,18357608
1558139069,28988136
1558139070,24817136
1558139071,36424048
1558139072,28760712
1558139073,25168056
1558139074,35162040
1558139075,25752888
1558139076,35748752
1558139077,29943352
1558139078,24442664
1558139079,35271144
1558139080,26237664
1558139081,37493848
1558139082,30416200
1558139083,28080144
1558139084,22966424
1558139085,34238568
1558139086,22927448
1558139087,33493488
1558139088,23425080
1558139089,20228648
1558139090,30239968
1558139091,25577312
1558139092,35507272
1558139093,29921128
1558139094,25881248
1558139095,36598768
1558139096,26931328
1558139097,23647896
1558139098,33840528
1558139099,26014160
1558139100,36601720
1558139101,28453952
1558139102,24212768
1558139103,34707784
1558139104,25957888
1558139105,23190184
1558139106,33211272
1558139107,24281752
1558139108,34566224
1558139109,26511208
1558139110,32137992
1558139111,34498888
1558139112,24946856
1558139113,35525160
1558139114,25792536
1558139115,36960136
1558139116,29769648
1558139117,25362584
1558139118,35216320
1558139119,26223200
1558139120,23295512
1558139121,35833632
1558139122,24658176
1558139123,35467912
1558139124,25273264
1558139125,36123456
1558139126,27027936
1558139127,23940960
1558139128,34254496
1558139129,23813488
1558139130,34147616
1558139131,25125064
1558139132,38239280
1558139133,27012072
1558139134,22665688
1558139135,33667592
1558139136,25052008
1558139137,35859344
1558139138,26381936
1558139139,22517168
1558139140,32571280
1558139141,24500296
1558139142,34423208
1558139143,25604296
1558139144,35530048
1558139145,27027856
1558139146,24338168
1558139147,34752512
1558139148,24127296
1558139149,20908984
1558139150,30899544
1558139151,26529200
1558139152,19762080
1558139153,29237984
1558139154,26272072
1558139155,22004520
1558139156,32348912
1558139157,24789664
1558139158,35040824
1558139159,27814368
1558139160,23654752
1558139161,34882776
1558139162,24371880
1558139163,35102064
1558139164,24292984
1558139165,35874352
1558139166,24949320
1558139167,35954016
1558139168,26028448
1558139169,36812568
1558139170,28211144
1558139171,23903328
1558139172,34280856
1558139173,25351968
1558139174,35434800
1558139175,31982184
1558139176,25078400
1558139177,36164784
1558139178,27157664
1558139179,22940320
1558139180,36024416
1558139181,25054136
1558139182,35569384
1558139183,25801744
1558139184,23303072
1558139185,34035808
1558139186,24180256
1558139187,34729328
1558139188,25698424
1558139189,22453128
1558139190,32985520
1558139191,23823152
1558139192,34282104
1558139193,25207400
1558139194,35310560
1558139195,21191296
1558139196,25500560
1558139197,36149032
1558139198,26783624
1558139199,23420592
1558139200,33589376
1558139201,27474000
1558139202,23596664
1558139203,34429568
1558139204,23927584
1558139205,34820208
1558139206,26373880
1558139207,22688080
1558139208,32802728
1558139209,30641824
1558139210,22869704
1558139211,34638696
1558139212,24555632
1558139213,35171232
1558139214,24943904
1558139215,36026072
1558139216,26080552
1558139217,24631800
1558139218,34479672
1558139219,25341856
1558139220,35513976
1558139221,27243432
1558139222,25814984
1558139223,37184840
1558139224,28313496
1558139225,23321304
1558139226,33577048
1558139227,24214136
1558139228,35462616
1558139229,26274768
1558139230,36247712
1558139231,28883960
1558139232,23680168
1558139233,22913736
1558139234,33299016
1558139235,23257920
1558139236,33471944
1558139237,24065936
1558139238,34269096
1558139239,25400976
1558139240,35488864
1558139241,26778824
1558139242,23504272
1558139243,34593584
1558139244,24672816
1558139245,35326744
1558139246,24766704
1558139247,35112728
1558139248,26224600
1558139249,25376088
1558139250,35268104
1558139251,26856360
1558139252,22195304
1558139253,33017952
1558139254,22663248
1558139255,34728016
1558139256,23810680
1558139257,34748832
1558139258,24252088
1558139259,34776888
1558139260,28724680
1558139261,24617288
1558139262,34818952
1558139263,25176328
1558139264,35749432
1558139265,27641784
1558139266,23370608
1558139267,34194984
1558139268,24020904
1558139269,23345104
1558139270,33396616
1558139271,24018424
1558139272,34317056
1558139273,24480488
1558139274,34828192
1558139275,25195024
1558139276,23462792
1558139277,34291504
1558139278,23382712
1558139279,33977032
1558139280,23717992
1558139281,36250096
1558139282,24962936
1558139283,35450288
1558139284,24968512
1558139285,35788480
1558139286,25747328
1558139287,23167744
1558139288,33095216
1558139289,23500704
1558139290,33425840
1558139291,23668256
1558139292,40471288
1558139293,27238952
1558139294,23530856
1558139295,34047272
1558139296,24006896
1558139297,34606352
1558139298,24945280
1558139299,35196120
1558139300,26414632
1558139301,18948064
1558139302,28873248
1558139303,30350232
1558139304,24502640
1558139305,35542160
1558139306,25627896
1558139307,36233496
1558139308,26794840
1558139309,23916128
1558139310,33906880
1558139311,24514640
1558139312,34608480
1558139313,24663112
1558139314,22888072
1558139315,33840928
1558139316,22934936
1558139317,34086080
1558139318,24001032
1558139319,36471568
1558139320,26319952
1558139321,23254104
1558139322,33311752
1558139323,23601840
1558139324,35486664
1558139325,25772728
1558139326,35691968
1558139327,27191720
1558139328,23515136
1558139329,19046896
1558139330,34203792
1558139331,27608568
1558139332,23197976
1558139333,34596288
1558139334,23983712
1558139335,37507232
1558139336,26540336
1558139337,22720096
1558139338,32804336
1558139339,22830080
1558139340,34593656
1558139341,24889336
1558139342,34963104
1558139343,26294944
1558139344,26589520
1558139345,24259920
1558139346,35499064
1558139347,24824888
1558139348,34647192
1558139349,25292288
1558139350,35424520
1558139351,33887432
1558139352,27365680
1558139353,24402344
1558139354,34478568
1558139355,25604904
1558139356,35443512
1558139357,28904552
1558139358,23490600
1558139359,34086744
1558139360,24762152
1558139361,35603920
1558139362,26426320
1558139363,22813920
1558139364,32498488
1558139365,22777864
1558139366,33081624
1558139367,26571936
1558139368,18353376
1558139369,29043112
1558139370,24232296
1558139371,35336368
1558139372,25999048
1558139373,22778768
1558139374,33365568
1558139375,23373352
1558139376,33449544
1558139377,23286160
1558139378,39458280
1558139379,26677032
1558139380,23194960
1558139381,34250576
1558139382,24347344
1558139383,22703288
1558139384,32971624
1558139385,22832616
1558139386,33161336
1558139387,23059760
1558139388,33492504
1558139389,20853504
1558139390,23940256
1558139391,34469848
1558139392,25320352
1558139393,36125128
1558139394,33454032
1558139395,27499408
1558139396,23511496
1558139397,34044632
1558139398,23809424
1558139399,34350720
1558139400,25257608
1558139401,36190488
1558139402,26194944
1558139403,36755128
1558139404,28465072
1558139405,27383864
1558139406,23043832
1558139407,33970408
1558139408,22904776
1558139409,33705888
1558139410,27433016
1558139411,22110264
1558139412,32575432
1558139413,22835912
1558139414,33265408
1558139415,23383128
1558139416,34730768
1558139417,25295224
1558139418,35465256
1558139419,26749312
1558139420,23160152
1558139421,35674424
1558139422,24528648
1558139423,35109504
1558139424,25194288
1558139425,36356576
1558139426,32993480
1558139427,27189592
1558139428,23290384
1558139429,34243888
1558139430,22974784
1558139431,33879552
1558139432,23773160
1558139433,34284328
1558139434,24490992
1558139435,35258160
1558139436,24909768
1558139437,37231296
1558139438,26709688
1558139439,23345736
1558139440,33458680
1558139441,23300808
1558139442,34924080
1558139443,24251464
1558139444,34668624
1558139445,24693616
1558139446,34936280
1558139447,30381512
1558139448,24982944
1558139449,27812128
1558139450,37594696
1558139451,25558696
1558139452,23248768
1558139453,34422360
1558139454,24733504
1558139455,35792128
1558139456,25991464
1558139457,37236720
1558139458,29392928
1558139459,24023888
1558139460,34596384
1558139461,24838856
1558139462,35469232
1558139463,30963296
1558139464,24628048
1558139465,35814016
1558139466,25380288
1558139467,36405760
1558139468,26399280
1558139469,24180904
1558139470,34225872
1558139471,24617944
1558139472,35352856
1558139473,25463656
1558139474,24058864
1558139475,35343936
1558139476,25670176
1558139477,36540248
1558139478,26400864
1558139479,22558848
1558139480,34277880
1558139481,23835088
1558139482,34165880
1558139483,23954584
1558139484,34005544
1558139485,28900824
1558139486,23628368
1558139487,34278120
1558139488,23330760
1558139489,34209224
1558139490,23933632
1558139491,36046296
1558139492,25745840
1558139493,36443712
1558139494,26684752
1558139495,23370216
1558139496,38696184
1558139497,26390096
1558139498,18468000
1558139499,29375704
1558139500,24422184
1558139501,35373824
1558139502,25697408
1558139503,36334288
1558139504,26565584
1558139505,22925640
1558139506,33238576
1558139507,26111112
1558139508,36221504
1558139509,18374480
1558139510,28427296
1558139511,24973248
1558139512,35325288
1558139513,26081952
1558139514,36124072
1558139515,27270776
1558139516,23965192
1558139517,34559960
1558139518,26426512
1558139519,23204584
1558139520,33564576
1558139521,24910416
1558139522,35065264
1558139523,26623504
1558139524,22912624
1558139525,34285824
1558139526,23268568
1558139527,34754288
1558139528,24199712
1558139529,23499384
1558139530,33684024
1558139531,24289560
1558139532,35207800
1558139533,25925176
1558139534,23871608
1558139535,34927800
1558139536,24157536
1558139537,35040544
1558139538,24456136
1558139539,35503368
1558139540,24884952
1558139541,35584216
1558139542,26619064
1558139543,22822600
1558139544,33022360
1558139545,24325896
1558139546,34081112
1558139547,24259240
1558139548,34979048
1558139549,25249696
1558139550,23397144
1558139551,34245200
1558139552,23818904
1558139553,34740184
1558139554,24196312
1558139555,23543504
1558139556,33404808
1558139557,24608832
1558139558,34791064
1558139559,25869208
1558139560,36170648
1558139561,28855192
1558139562,23496344
1558139563,34662464
1558139564,25168216
1558139565,35546960
1558139566,30143808
1558139567,24682552
1558139568,34689272
1558139569,33297040
1558139570,25640552
1558139571,36233304
1558139572,28521704
1558139573,23280800
1558139574,33904088
1558139575,24845464
1558139576,35602216
1558139577,32727440
1558139578,26385568
1558139579,22581056
1558139580,33140568
1558139581,23670344
1558139582,33708008
1558139583,23836576
1558139584,33914312
1558139585,24243536
1558139586,35297880
1558139587,26394224
1558139588,24521328
1558139589,35724088
1558139590,25761088
1558139591,36239296
1558139592,27140240
1558139593,23784536
1558139594,34460768
1558139595,25426248
1558139596,35775968
1558139597,26954408
1558139598,23042160
1558139599,38229680
1558139600,26392848
1558139601,22439592
1558139602,33361760
1558139603,23832568
1558139604,35122840
1558139605,25246768
1558139606,36203208
1558139607,27024872
1558139608,23124264
1558139609,35390664
1558139610,26064936
1558139611,36748856
1558139612,27527696
1558139613,24366288
1558139614,34961352
1558139615,27401624
1558139616,23395920
1558139617,34178816
1558139618,23389272
1558139619,34630576
1558139620,24800816
1558139621,36651720
1558139622,26596816
1558139623,23180336
1558139624,24837800
1558139625,24668000
1558139626,35630872
1558139627,25808784
1558139628,36057072
1558139629,34394592
1558139630,29737032
1558139631,26139440
1558139632,22952904
1558139633,34273440
1558139634,23482544
1558139635,34920520
1558139636,25107648
1558139637,36757736
1558139638,26309464
1558139639,22883200
1558139640,32950200
1558139641,23650064
1558139642,35133680
1558139643,24924184
1558139644,24868232
1558139645,35627096
1558139646,26497352
1558139647,25576288
1558139648,35809160
1558139649,26726048
1558139650,22836272
1558139651,33744256
1558139652,23936376
1558139653,35901416
1558139654,24796424
1558139655,35544248
1558139656,25326760
1558139657,36448568
1558139658,29893208
1558139659,25559424
1558139660,35415024
1558139661,26081920
1558139662,37013400
1558139663,27514288
1558139664,24154672
1558139665,35786440
1558139666,25309912
1558139667,37676760
1558139668,26833720
1558139669,25172704
1558139670,35417280
1558139671,25813144
1558139672,36554872
1558139673,27228528
1558139674,23586520
1558139675,35415760
1558139676,24252376
1558139677,35662208
1558139678,25951800
1558139679,36986984
1558139680,31007512
1558139681,25891568
1558139682,36330848
1558139683,27972152
1558139684,24081952
1558139685,38750576
1558139686,28362624
1558139687,23994704
1558139688,35100912
1558139689,31805960
1558139690,23140888
1558139691,35584416
1558139692,23934656
1558139693,34839456
1558139694,24556256
1558139695,35466072
1558139696,28073000
1558139697,24098632
1558139698,34243352
1558139699,24738936
1558139700,35541736
1558139701,25272752
1558139702,36718000
1558139703,27545544
1558139704,23937240
1558139705,35700784
1558139706,24526688
1558139707,22341720
1558139708,32577800
1558139709,22793600
1558139710,34851328
1558139711,24076024
1558139712,34496464
1558139713,26199600
1558139714,22219440
1558139715,33240416
1558139716,22888048
1558139717,34192264
1558139718,26107424
1558139719,23109408
1558139720,33600544
1558139721,23248640
1558139722,33760240
1558139723,23426384
1558139724,34343960
1558139725,25542616
1558139726,36426696
1558139727,27410024
1558139728,23719624
1558139729,39079512
1558139730,28477808
1558139731,23779312
1558139732,33880976
1558139733,25725576
1558139734,35865448
1558139735,28697760
1558139736,23234304
1558139737,34845792
1558139738,24819456
1558139739,36043952
1558139740,30557192
1558139741,24644048
1558139742,35690584
1558139743,25846856
1558139744,35918296
1558139745,29989040
1558139746,25193408
1558139747,37524600
1558139748,26396928
1558139749,27270232
1558139750,37509264
1558139751,29146752
1558139752,24977448
1558139753,35661584
1558139754,25605648
1558139755,36637320
1558139756,27987848
1558139757,23999000
1558139758,34204816
1558139759,24533864
1558139760,34598128
1558139761,28272984
1558139762,24209152
1558139763,35503824
1558139764,24289800
1558139765,35005888
1558139766,24542128
1558139767,37110112
1558139768,28453544
1558139769,23802992
1558139770,34002680
1558139771,23876520
1558139772,35227744
1558139773,25271232
1558139774,35923952
1558139775,26474432
1558139776,22378760
1558139777,37664704
1558139778,25640224
1558139779,36210880
1558139780,28160960
1558139781,23363432
1558139782,34119304
1558139783,25266008
1558139784,35413160
1558139785,26826112
1558139786,22657656
1558139787,33963368
1558139788,24855712
1558139789,36091280
1558139790,26427488
1558139791,22428144
1558139792,33242528
1558139793,25575944
1558139794,22213120
1558139795,32995704
1558139796,22713848
1558139797,34506920
1558139798,23438296
1558139799,35110992
1558139800,24354600
1558139801,35230496
1558139802,25330424
1558139803,35826464
1558139804,28819448
1558139805,24298696
1558139806,34363976
1558139807,25864024
1558139808,36163240
1558139809,19342632
1558139810,30382792
1558139811,25820112
1558139812,36322472
1558139813,32618680
1558139814,43350584
1558139815,29595216
1558139816,24422920
1558139817,36293696
1558139818,25885168
1558139819,36179224
1558139820,32368616
1558139821,26659720
1558139822,22252520
1558139823,33127008
1558139824,22801520
1558139825,37080472
1558139826,25289320
1558139827,36995552
1558139828,26964008
1558139829,23805216
1558139830,37990216
1558139831,27605056
1558139832,23883032
1558139833,34999264
1558139834,24177608
1558139835,35625168
1558139836,25323856
1558139837,36618552
1558139838,27047888
1558139839,23748312
1558139840,33867648
1558139841,25470200
1558139842,35995712
1558139843,27123272
1558139844,22684904
1558139845,33482648
1558139846,24909032
1558139847,36479632
1558139848,26894800
1558139849,22272560
1558139850,32482608
1558139851,24707976
1558139852,35842200
1558139853,26250496
1558139854,36696280
1558139855,28472664
1558139856,22944392
1558139857,36731152
1558139858,25279920
1558139859,35962520
1558139860,25958992
1558139861,36577632
1558139862,30147624
1558139863,26085936
1558139864,18286816
1558139865,29804880
1558139866,25233224
1558139867,39312248
1558139868,28810392
1558139869,31653760
1558139870,22907640
1558139871,33481312
1558139872,23925688
1558139873,36967160
1558139874,25855136
1558139875,36712608
1558139876,26592472
1558139877,23562192
1558139878,37793336
1558139879,26483952
1558139880,22932728
1558139881,33649256
1558139882,24029992
1558139883,34505984
1558139884,24914416
1558139885,35749560
1558139886,25584704
1558139887,36505720
1558139888,29111392
1558139889,24837104
1558139890,34990472
1558139891,26331976
1558139892,18510704
1558139893,29109208
1558139894,26737824
1558139895,23065464
1558139896,33589352
1558139897,23315792
1558139898,33743056
1558139899,24103736
1558139900,34624104
1558139901,24587112
1558139902,35074536
1558139903,25678304
1558139904,35821296
1558139905,29596248
1558139906,23946528
1558139907,35212736
1558139908,24936992
1558139909,37908120
1558139910,26539064
1558139911,22464232
1558139912,33038528
1558139913,23166816
1558139914,33013472
1558139915,23482104
1558139916,34386640
1558139917,24911840
1558139918,35327032
1558139919,25393912
1558139920,37597800
1558139921,28414960
1558139922,24161344
1558139923,35179936
1558139924,24695024
1558139925,35423328
1558139926,27876560
1558139927,23572376
1558139928,34101368
1558139929,31801504
1558139930,22921984
1558139931,35652640
1558139932,25005520
1558139933,36142496
1558139934,25927168
1558139935,36625192
1558139936,29213880
1558139937,25867232
1558139938,36248984
1558139939,27820072
1558139940,24261544
1558139941,34836864
1558139942,24901768
1558139943,36070256
1558139944,34311016
1558139945,28815232
1558139946,23157112
1558139947,38770984
1558139948,25755416
1558139949,37193872
1558139950,27170352
1558139951,23888112
1558139952,34439224
1558139953,25211744
1558139954,35688880
1558139955,26188016
1558139956,36362176
1558139957,27719624
1558139958,24470832
1558139959,35909192
1558139960,25382088
1558139961,36372096
1558139962,26556216
1558139963,25294856
1558139964,35714008
1558139965,26362016
1558139966,22037008
1558139967,32914272
1558139968,23991104
1558139969,36208928
1558139970,25150472
1558139971,21534072
1558139972,28870040
1558139973,25895896
1558139974,22876736
1558139975,33779056
1558139976,23109120
1558139977,34011032
1558139978,23848280
1558139979,22435144
1558139980,32613952
1558139981,23248592
1558139982,33622176
1558139983,24118224
1558139984,36447752
1558139985,26163184
1558139986,22569568
1558139987,33235888
1558139988,23362296
1558139989,41152216
1558139990,31626616
1558139991,25542096
1558139992,35879240
1558139993,26390088
1558139994,36165592
1558139995,28970328
1558139996,24233816
1558139997,35208440
1558139998,26158680
1558139999,37046712
1558140000,30896592
1558140001,25200008
1558140002,35894032
1558140003,26194344
1558140004,36108680
1558140005,29624480
1558140006,27216088
1558140007,23717944
1558140008,33676040
1558140009,24233976
1558140010,37661808
1558140011,26180512
1558140012,36317880
1558140013,29250768
1558140014,24087072
1558140015,35160768
1558140016,25873776
1558140017,22334984
1558140018,32622896
1558140019,23344584
1558140020,33449336
1558140021,24568632
1558140022,36168280
1558140023,26028040
1558140024,35987976
1558140025,27644928
1558140026,23473072
1558140027,40433904
1558140028,28262192
1558140029,23912952
1558140030,34134968
1558140031,37200944
1558140032,34516480
1558140033,25419184
1558140034,35340824
1558140035,26550808
1558140036,36197768
1558140037,29152568
1558140038,28675736
1558140039,23766032
1558140040,33715168
1558140041,24276688
1558140042,34808504
1558140043,24953560
1558140044,36227736
1558140045,26007072
1558140046,35857568
1558140047,27378464
1558140048,23345672
1558140049,19560320
1558140050,29717056
1558140051,24802656
1558140052,35205224
1558140053,25356776
1558140054,25119608
1558140055,35732760
1558140056,24908416
1558140057,35605640
1558140058,25162072
1558140059,24376376
1558140060,34621216
1558140061,24478584
1558140062,34875640
1558140063,25472864
1558140064,35899136
1558140065,27854136
1558140066,23842080
1558140067,34879672
1558140068,24212648
1558140069,34664864
1558140070,28714576
1558140071,24516424
1558140072,34923296
1558140073,25457632
1558140074,35558552
1558140075,28957000
1558140076,26993024
1558140077,22617120
1558140078,32863744
1558140079,23090160
1558140080,33402864
1558140081,24109888
1558140082,34978848
1558140083,24824440
1558140084,34688696
1558140085,25327680
1558140086,23458360
1558140087,34374072
1558140088,23378968
1558140089,34138928
1558140090,24376480
1558140091,23511240
1558140092,34204536
1558140093,23658904
1558140094,33659296
1558140095,24112152
1558140096,34052424
1558140097,25365312
1558140098,35765000
1558140099,27125600
1558140100,23738864
1558140101,34580880
1558140102,25012536
1558140103,35731992
1558140104,25249592
1558140105,35859528
1558140106,26358912
1558140107,25323952
1558140108,35515656
1558140109,33157264
1558140110,25403528
1558140111,36323912
1558140112,27520600
1558140113,23411984
1558140114,33536224
1558140115,24019736
1558140116,34241120
1558140117,24125824
1558140118,35654040
1558140119,26424128
1558140120,23190632
1558140121,33621808
1558140122,23534288
1558140123,40156976
1558140124,28445896
1558140125,24689936
1558140126,34793704
1558140127,25529176
1558140128,24153024
1558140129,35360000
1558140130,24741184
1558140131,35382480
1558140132,25745384
1558140133,36329336
1558140134,27485608
1558140135,24060352
1558140136,33850696
1558140137,24288816
1558140138,34433536
1558140139,25101136
1558140140,27911856
1558140141,31304200
1558140142,18239696
1558140143,28868016
1558140144,28147488
1558140145,23821080
1558140146,34027512
1558140147,24215992
1558140148,34286912
1558140149,24507696
1558140150,36418616
1558140151,26246200
1558140152,36852384
1558140153,28581136
1558140154,23039424
1558140155,39724632
1558140156,26262112
1558140157,22319464
1558140158,32345840
1558140159,22956664
1558140160,36953928
1558140161,26091328
1558140162,36895200
1558140163,28061472
1558140164,23913152
1558140165,34460464
1558140166,25013648
1558140167,35911208
1558140168,25790336
1558140169,25806712
1558140170,35700304
1558140171,32207968
1558140172,25720056
1558140173,36583528
1558140174,26776464
1558140175,22767656
1558140176,32899456
1558140177,24018144
1558140178,34136928
1558140179,24647752
1558140180,34769856
1558140181,26922864
1558140182,24437352
1558140183,35310184
1558140184,24535848
1558140185,35611440
1558140186,25943360
1558140187,25831024
1558140188,36091592
1558140189,27534624
1558140190,23917552
1558140191,34741320
1558140192,26618776
1558140193,37415744
1558140194,27091704
1558140195,23719136
1558140196,33777992
1558140197,26864184
1558140198,18484520
1558140199,29392864
1558140200,24654592
1558140201,36299248
1558140202,27712336
1558140203,24308704
1558140204,34024248
1558140205,25499552
1558140206,35587792
1558140207,26269960
1558140208,23612864
1558140209,34611712
1558140210,23992320
1558140211,35216616
1558140212,24868576
1558140213,22047576
1558140214,32670920
1558140215,22691272
1558140216,33060200
1558140217,23233608
1558140218,33689640
1558140219,24387912
1558140220,34183440
1558140221,24436096
1558140222,35588704
1558140223,25286816
1558140224,24212464
1558140225,35061688
1558140226,40308984
1558140227,35179032
1558140228,25550512
1558140229,27670560
1558140230,38828648
1558140231,24989032
1558140232,35874336
1558140233,26330616
1558140234,36041000
1558140235,34461336
1558140236,26327272
1558140237,23193240
1558140238,33545048
1558140239,23369704
1558140240,33431104
1558140241,24818504
1558140242,35555392
1558140243,25985272
1558140244,26562400
1558140245,22857408
1558140246,38324832
1558140247,26328112
1558140248,21974288
1558140249,32651608
1558140250,22834880
1558140251,33489640
1558140252,24478232
1558140253,35460296
1558140254,24438232
1558140255,35776136
1558140256,26173480
1558140257,24256744
1558140258,34591728
1558140259,24725552
1558140260,35109984
1558140261,25576464
1558140262,23489880
1558140263,34446032
1558140264,23493632
1558140265,34600976
1558140266,24211376
1558140267,37457272
1558140268,25993736
1558140269,36518024
1558140270,28232872
1558140271,23583576
1558140272,37162976
1558140273,26343952
1558140274,36267872
1558140275,28795256
1558140276,23488648
1558140277,34592056
1558140278,26413704
1558140279,22357184
1558140280,32574472
1558140281,23035008
1558140282,33793968
1558140283,23849008
1558140284,34660048
1558140285,24237920
1558140286,34605712
1558140287,25134928
1558140288,35671968
1558140289,35857688
1558140290,28092432
1558140291,24214464
1558140292,36694512
1558140293,27593384
1558140294,18626992
1558140295,30181912
1558140296,25110432
1558140297,36009192
1558140298,25891528
1558140299,37310360
1558140300,30091440
1558140301,25815184
1558140302,36816368
1558140303,27861840
1558140304,25360616
1558140305,38380208
1558140306,28087224
1558140307,23127912
1558140308,33261864
1558140309,23140888
1558140310,35733120
1558140311,24867784
1558140312,35377056
1558140313,27535472
1558140314,23791264
1558140315,37523696
1558140316,26796416
1558140317,23423336
1558140318,33254728
1558140319,23285320
1558140320,33266720
1558140321,25085648
1558140322,35465464
1558140323,25950696
1558140324,22589536
1558140325,33358064
1558140326,25419768
1558140327,36572664
1558140328,26318592
1558140329,22808736
1558140330,33348496
1558140331,23525296
1558140332,35109904
1558140333,24790360
1558140334,34821880
1558140335,25672496
1558140336,35893832
1558140337,34295336
1558140338,26530224
1558140339,22695640
1558140340,32919880
1558140341,22879296
1558140342,34664616
1558140343,24433688
1558140344,34877360
1558140345,24982024
1558140346,35213600
1558140347,26033384
1558140348,18418808
1558140349,23176936
1558140350,33441296
1558140351,23306944
1558140352,34111760
1558140353,26690680
1558140354,18679768
1558140355,29342680
1558140356,23902248
1558140357,35796040
1558140358,26571992
1558140359,22947592
1558140360,32668840
1558140361,23213912
1558140362,33572256
1558140363,24896904
1558140364,38507128
1558140365,29355880
1558140366,23605736
1558140367,35104248
1558140368,24473584
1558140369,35675536
1558140370,25717688
1558140371,36482368
1558140372,26992760
1558140373,23839456
1558140374,36393936
1558140375,27088008
1558140376,23293520
1558140377,34024376
1558140378,23833344
1558140379,34603488
1558140380,25183896
1558140381,35752736
1558140382,26153536
1558140383,37402416
1558140384,28310272
1558140385,26302328
1558140386,36383072
1558140387,28865424
1558140388,23667360
1558140389,34411840
1558140390,23214256
1558140391,35068816
1558140392,23885792
1558140393,34881992
1558140394,24980768
1558140395,35774280
1558140396,29504904
1558140397,25212032
1558140398,35598736
1558140399,26124432
1558140400,36406368
1558140401,32227416
1558140402,25677824
1558140403,36813224
1558140404,27356832
1558140405,24272128
1558140406,35261064
1558140407,25799832
1558140408,18259704
1558140409,23897712
1558140410,34027560
1558140411,22562120
1558140412,37976192
1558140413,26238272
1558140414,35991304
1558140415,28644040
1558140416,24489864
1558140417,37363928
1558140418,26790216
1558140419,23901192
1558140420,34419936
1558140421,23853960
1558140422,34198016
1558140423,26547312
1558140424,36130728
1558140425,29709288
1558140426,24317624
1558140427,35026384
1558140428,27633680
1558140429,24207888
1558140430,34460712
1558140431,25746192
1558140432,36051600
1558140433,31264496
1558140434,26316208
1558140435,23648200
1558140436,33678624
1558140437,23752584
1558140438,33800744
1558140439,24174128
1558140440,34604128
1558140441,24792792
1558140442,35583912
1558140443,26122136
1558140444,23573568
1558140445,34898440
1558140446,23882992
1558140447,34827176
1558140448,24185144
1558140449,38401704
1558140450,27825864
1558140451,24090984
1558140452,34023304
1558140453,24470520
1558140454,34417888
1558140455,26393040
1558140456,36727200
1558140457,27867976
1558140458,24148352
1558140459,35080640
1558140460,26453696
1558140461,22935888
1558140462,32905672
1558140463,23674696
1558140464,34019480
1558140465,26501976
1558140466,18349920
1558140467,29695912
1558140468,24950528
1558140469,21848976
1558140470,32130432
1558140471,26327736
1558140472,23045664
1558140473,34541864
1558140474,23750240
1558140475,35133392
1558140476,26609800
1558140477,23277560
1558140478,33816312
1558140479,24312448
1558140480,34448352
1558140481,27504520
1558140482,23596480
1558140483,35111984
1558140484,24297520
1558140485,35898576
1558140486,25503336
1558140487,37211816
1558140488,28552320
1558140489,24950528
1558140490,35222864
1558140491,25281536
1558140492,38906592
1558140493,30119688
1558140494,25154528
1558140495,36151384
1558140496,27553704
1558140497,24117456
1558140498,35060320
1558140499,26238872
1558140500,36104424
1558140501,29173064
1558140502,23618416
1558140503,35561224
1558140504,25415880
1558140505,18774456
1558140506,29394776
1558140507,24945488
1558140508,18301832
1558140509,31289752
1558140510,25319424
1558140511,36006808
1558140512,28271744
1558140513,23305184
1558140514,34137168
1558140515,25297336
1558140516,35120024
1558140517,25655352
1558140518,35969144
1558140519,31068992
1558140520,26031712
1558140521,22756128
1558140522,33654184
1558140523,23415848
1558140524,33607632
1558140525,24730032
1558140526,35116912
1558140527,27490904
1558140528,23587464
1558140529,18299792
1558140530,29288480
1558140531,25629096
1558140532,35575920
1558140533,27198232
1558140534,23510840
1558140535,38225104
1558140536,28367464
1558140537,24289320
1558140538,34848952
1558140539,25135552
1558140540,23129472
1558140541,34463032
1558140542,24130744
1558140543,35623968
1558140544,34684456
1558140545,28462696
1558140546,24864336
1558140547,36659168
1558140548,25954072
1558140549,23093696
1558140550,32890872
1558140551,25483944
1558140552,36788000
1558140553,28076512
1558140554,24171928
1558140555,34811968
1558140556,26082808
1558140557,22886512
1558140558,33434392
1558140559,23619264
1558140560,33887576
1558140561,26167312
1558140562,36659888
1558140563,29114944
1558140564,23636688
1558140565,34425576
1558140566,24183928
1558140567,36551296
1558140568,26511504
1558140569,22571120
1558140570,32843760
1558140571,25076920
1558140572,35648904
1558140573,26562648
1558140574,22459752
1558140575,33580672
1558140576,23600808
1558140577,38707904
1558140578,27377776
1558140579,24182472
1558140580,34497544
1558140581,25844104
1558140582,35775352
1558140583,28281768
1558140584,24485328
1558140585,34940608
1558140586,25094032
1558140587,36103808
1558140588,28352976
1558140589,29656704
1558140590,22806520
1558140591,33669200
1558140592,23383880
1558140593,35280120
1558140594,24743360
1558140595,35604192
1558140596,25776408
1558140597,36441600
1558140598,32371504
1558140599,25550752
1558140600,35756352
1558140601,26870400
1558140602,23312952
1558140603,38836624
1558140604,25863144
1558140605,23670304
1558140606,33989104
1558140607,24221232
1558140608,34074304
1558140609,24887032
1558140610,36801840
1558140611,27348600
1558140612,23330096
1558140613,34711496
1558140614,25606192
1558140615,37874128
1558140616,28705376
1558140617,23945688
1558140618,34361624
1558140619,25467296
1558140620,36412848
1558140621,27580256
1558140622,23470120
1558140623,34644976
1558140624,24026536
1558140625,38209344
1558140626,28365696
1558140627,24356064
1558140628,34655048
1558140629,26859320
1558140630,23005648
1558140631,33986392
1558140632,23777032
1558140633,35467768
1558140634,25202264
1558140635,35854648
1558140636,28811480
1558140637,25895600
1558140638,36243392
1558140639,27306360
1558140640,23727648
1558140641,34255728
1558140642,25722200
1558140643,36996192
1558140644,28549912
1558140645,24065944
1558140646,34278888
1558140647,28449016
1558140648,23559048
1558140649,20898184
1558140650,32311528
1558140651,26389968
1558140652,36148192
1558140653,30487536
1558140654,24771704
1558140655,35897936
1558140656,25526840
1558140657,21862472
1558140658,37030984
1558140659,25935664
1558140660,36536592
1558140661,27276368
1558140662,22925096
1558140663,33913064
1558140664,23614200
1558140665,34854760
1558140666,24479632
1558140667,35704032
1558140668,25231232
1558140669,37654848
1558140670,26712088
1558140671,23604968
1558140672,33542552
1558140673,24442808
1558140674,35651312
1558140675,25564400
1558140676,36596128
1558140677,27487088
1558140678,23183944
1558140679,34536520
1558140680,24031072
1558140681,34891896
1558140682,24559992
1558140683,35970488
1558140684,26087800
1558140685,36832432
1558140686,28325848
1558140687,24576352
1558140688,34866600
1558140689,27303584
1558140690,23467824
1558140691,34548432
1558140692,23450656
1558140693,34661168
1558140694,24212512
1558140695,36404184
1558140696,25179024
1558140697,36175472
1558140698,26275880
1558140699,36780984
1558140700,30782056
1558140701,25360128
1558140702,35198536
1558140703,26096488
1558140704,36170448
1558140705,28806232
1558140706,23850144
1558140707,35278496
1558140708,24751056
1558140709,21754232
1558140710,34327792
1558140711,27414368
1558140712,23699616
1558140713,35994568
1558140714,24854584
1558140715,35904472
1558140716,25785720
1558140717,35732440
1558140718,28185344
1558140719,24697552
1558140720,34929568
1558140721,25887832
1558140722,18500368
1558140723,29450984
1558140724,25237288
1558140725,36226728
1558140726,26436736
1558140727,23309976
1558140728,33336088
1558140729,23905432
1558140730,33860560
1558140731,26861496
1558140732,23119144
1558140733,34211160
1558140734,23326232
1558140735,34382736
1558140736,24519976
1558140737,36205208
1558140738,25937264
1558140739,36854480
1558140740,27180208
1558140741,24039840
1558140742,36112208
1558140743,25479208
1558140744,35495760
1558140745,26764600
1558140746,36816856
1558140747,33671776
1558140748,25911752
1558140749,36752560
1558140750,28257608
1558140751,24162392
1558140752,34426240
1558140753,26262032
1558140754,36370224
1558140755,27687336
1558140756,23664440
1558140757,35007024
1558140758,25406528
1558140759,36362240
1558140760,27923424
1558140761,23282496
1558140762,33196232
1558140763,24518088
1558140764,34749128
1558140765,25458528
1558140766,36488744
1558140767,28169728
1558140768,26333776
1558140769,29340960
1558140770,39466488
1558140771,26580064
1558140772,22452152
1558140773,36716768
1558140774,24828360
1558140775,35813832
1558140776,26107440
1558140777,23038968
1558140778,32820304
1558140779,23597584
1558140780,34124696
1558140781,25098616
1558140782,35357928
1558140783,26359512
1558140784,23016344
1558140785,34110952
1558140786,23441608
1558140787,35676640
1558140788,24462936
1558140789,22061544
1558140790,32035984
1558140791,22717032
1558140792,32998672
1558140793,23590152
1558140794,33696832
1558140795,24403600
1558140796,35143160
1558140797,26025480
1558140798,23106280
1558140799,33714192
1558140800,25385848
1558140801,36492344
1558140802,27000552
1558140803,24077664
1558140804,34026152
1558140805,23910912
1558140806,35015608
1558140807,25995480
1558140808,22705320
1558140809,33144032
1558140810,23165192
1558140811,34681032
1558140812,25231704
1558140813,34745704
1558140814,25355416
1558140815,36005800
1558140816,30608408
1558140817,24891016
1558140818,36020528
1558140819,26080512
1558140820,36456216
1558140821,31927160
1558140822,25809088
1558140823,37292208
1558140824,28275360
1558140825,23578104
1558140826,37651000
1558140827,26214288
1558140828,36799912
1558140829,18672320
1558140830,30202496
1558140831,25406160
1558140832,36498992
1558140833,27471040
1558140834,23474784
1558140835,34310712
1558140836,24932432
1558140837,22960656
1558140838,33266352
1558140839,24261704
1558140840,34496600
1558140841,25595808
1558140842,35574936
1558140843,27557608
1558140844,29139664
1558140845,24499352
1558140846,35771768
1558140847,26240320
1558140848,24447320
1558140849,35480968
1558140850,25500592
1558140851,36172056
1558140852,26113792
1558140853,22445512
1558140854,33239008
1558140855,23349792
1558140856,33640856
1558140857,24940016
1558140858,35527552
1558140859,26711872
1558140860,18548008
1558140861,29624984
1558140862,25815280
1558140863,37058480
1558140864,32486552
1558140865,25929952
1558140866,36769104
1558140867,27676224
1558140868,23979544
1558140869,37186656
1558140870,26345832
1558140871,36984880
1558140872,28006024
1558140873,22000256
1558140874,33512016
1558140875,25193768
1558140876,35111352
1558140877,26590680
1558140878,22999704
1558140879,33643840
1558140880,25584008
1558140881,36061856
1558140882,26817032
1558140883,23278120
1558140884,33671552
1558140885,26671408
1558140886,22641544
1558140887,33458792
1558140888,23493168
1558140889,18887632
1558140890,29017688
1558140891,25044128
1558140892,34804472
1558140893,25971160
1558140894,37494768
1558140895,21591040
1558140896,25959992
1558140897,36362688
1558140898,27966176
1558140899,24022560
1558140900,34287704
1558140901,27129224
1558140902,22493216
1558140903,34354272
1558140904,23399496
1558140905,35714792
1558140906,28007696
1558140907,23620864
1558140908,35043992
1558140909,25286536
1558140910,35798312
1558140911,26619944
1558140912,22704424
1558140913,33546384
1558140914,23081408
1558140915,33851256
1558140916,24299064
1558140917,35516496
1558140918,26000088
1558140919,36811424
1558140920,27447424
1558140921,24259712
1558140922,38401944
1558140923,27734408
1558140924,23952200
1558140925,34750824
1558140926,24431632
1558140927,35623176
1558140928,26233160
1558140929,22619632
1558140930,32634336
1558140931,22865392
1558140932,33363232
1558140933,24154216
1558140934,34175224
1558140935,26459192
1558140936,35059416
1558140937,30403472
1558140938,28400264
1558140939,23437680
1558140940,34348912
1558140941,24575008
1558140942,35953216
1558140943,26505584
1558140944,23324416
1558140945,34242560
1558140946,23747248
1558140947,34997144
1558140948,25786688
1558140949,25368736
1558140950,35422632
1558140951,25580456
1558140952,35488096
1558140953,27519672
1558140954,25824488
1558140955,36575512
1558140956,28940200
1558140957,24014160
1558140958,35991832
1558140959,27334440
1558140960,22811280
1558140961,34034184
1558140962,23428040
1558140963,35801872
1558140964,24406584
1558140965,36291960
1558140966,26044704
1558140967,36746864
1558140968,29541568
1558140969,24572168
1558140970,36607384
1558140971,26295392
1558140972,23027800
1558140973,34739256
1558140974,23773608
1558140975,34747712
1558140976,24098424
1558140977,34789160
1558140978,24476920
1558140979,35995104
1558140980,26933912
1558140981,22832984
1558140982,32749272
1558140983,23571504
1558140984,34942016
1558140985,24891000
1558140986,37325824
1558140987,27000896
1558140988,23602936
1558140989,36257040
1558140990,24970672
1558140991,38215632
1558140992,28434048
1558140993,23701592
1558140994,35045440
1558140995,25715288
1558140996,38061176
1558140997,29514824
1558140998,24550560
1558140999,35824528
1558141000,25853960
1558141001,37859928
1558141002,28659592
1558141003,24742056
1558141004,35005952
1558141005,25370448
1558141006,35343376
1558141007,28396128
1558141008,24371656
1558141009,24890280
1558141010,34941648
1558141011,24676856
1558141012,35793928
1558141013,27501072
1558141014,23719512
1558141015,36060240
1558141016,24769448
1558141017,36853824
1558141018,27247416
1558141019,23625392
1558141020,35018168
1558141021,25887384
1558141022,36640560
1558141023,28995112
1558141024,24595048
1558141025,36456072
1558141026,25724536
1558141027,37554992
1558141028,29115376
1558141029,25715832
1558141030,36658032
1558141031,27359368
1558141032,24094984
1558141033,35651440
1558141034,26035576
1558141035,36752128
1558141036,29315272
1558141037,24220184
1558141038,34507344
1558141039,25223176
1558141040,35592592
1558141041,26096616
1558141042,36180176
1558141043,27878584
1558141044,25307808
1558141045,36343968
1558141046,26362336
1558141047,18361424
1558141048,28434168
1558141049,25195016
1558141050,36772128
1558141051,26409352
1558141052,23327536
1558141053,34455600
1558141054,23723864
1558141055,37523992
1558141056,25458608
1558141057,22747352
1558141058,32860680
1558141059,24016912
1558141060,35046400
1558141061,24886760
1558141062,35322920
1558141063,26344352
1558141064,36562912
1558141065,28276008
1558141066,23986944
1558141067,35492504
1558141068,25629400
1558141069,27650624
1558141070,37803568
1558141071,26515776
1558141072,18452696
1558141073,29788944
1558141074,25047008
1558141075,36534472
1558141076,26951472
1558141077,24090768
1558141078,34256832
1558141079,25221184
1558141080,36815360
1558141081,27167760
1558141082,23864304
1558141083,35489792
1558141084,25204744
1558141085,36173264
1558141086,26283296
1558141087,24611448
1558141088,27448144
1558141089,26781696
1558141090,22946184
1558141091,34785776
1558141092,25450472
1558141093,36516864
1558141094,27019248
1558141095,24266816
1558141096,34112032
1558141097,24414440
1558141098,34944032
1558141099,24524064
1558141100,35352136
1558141101,25381792
1558141102,35920248
1558141103,30286880
1558141104,24274384
1558141105,35762064
1558141106,26284760
1558141107,22727072
1558141108,32979784
1558141109,24285136
1558141110,34451688
1558141111,25040384
1558141112,35270848
1558141113,27143728
1558141114,23309344
1558141115,33878240
1558141116,25077416
1558141117,35808840
1558141118,26270488
1558141119,23418328
1558141120,33903640
1558141121,24304096
1558141122,34341624
1558141123,25536136
1558141124,36702200
1558141125,27582176
1558141126,23313032
1558141127,35385792
1558141128,24453216
1558141129,22339208
1558141130,35860312
1558141131,28669160
1558141132,24855024
1558141133,36479704
1558141134,26310784
1558141135,22908488
1558141136,33354584
1558141137,23364016
1558141138,33566544
1558141139,23581368
1558141140,35379272
1558141141,25640520
1558141142,36357416
1558141143,30887856
1558141144,31405432
1558141145,25902456
1558141146,22797560
1558141147,33285912
1558141148,23770928
1558141149,35034608
1558141150,24996864
1558141151,36494376
1558141152,38668216
1558141153,22896824
1558141154,32832808
1558141155,24048880
1558141156,33783576
1558141157,25070784
1558141158,35983408
1558141159,29050880
1558141160,24680256
1558141161,35508560
1558141162,26179528
1558141163,23006432
1558141164,33767008
1558141165,23612256
1558141166,35943368
1558141167,25643856
1558141168,35629352
1558141169,26870280
1558141170,23171744
1558141171,36250968
1558141172,24465640
1558141173,36012312
1558141174,37631168
1558141175,36788960
1558141176,26861248
1558141177,24004648
1558141178,36298168
1558141179,25116096
1558141180,37532216
1558141181,27448296
1558141182,24467104
1558141183,36083000
1558141184,25366208
1558141185,36774192
1558141186,27827656
1558141187,24553560
1558141188,34463160
1558141189,32570336
1558141190,24755096
1558141191,35897008
1558141192,26025672
1558141193,23023344
1558141194,33154072
1558141195,23133752
1558141196,35252024
1558141197,25347096
1558141198,35948312
1558141199,29747968
1558141200,25018960
1558141201,37230736
1558141202,27849272
1558141203,24647736
1558141204,34827280
1558141205,26173968
1558141206,36131024
1558141207,28686192
1558141208,24368624
1558141209,34995904
1558141210,25912632
1558141211,36830656
1558141212,29154248
1558141213,25979680
1558141214,36240480
1558141215,28395744
1558141216,23282696
1558141217,35896320
1558141218,24075160
1558141219,35793240
1558141220,25321528
1558141221,36690832
1558141222,26140208
1558141223,22992792
1558141224,35466520
1558141225,24532080
1558141226,36512792
1558141227,26767536
1558141228,23687144
1558141229,34297616
1558141230,25116224
1558141231,36714224
1558141232,27877464
1558141233,24072256
1558141234,34033264
1558141235,26317504
1558141236,34973776
1558141237,30919056
1558141238,26334080
1558141239,23106920
1558141240,34592152
1558141241,25876528
1558141242,36203672
1558141243,27425472
1558141244,22721376
1558141245,33611184
1558141246,23404808
1558141247,34027648
1558141248,25024448
1558141249,27084888
1558141250,37211560
1558141251,25928448
1558141252,35941376
1558141253,28948000
1558141254,25352320
1558141255,36362112
1558141256,26849048
1558141257,23094488
1558141258,33690272
1558141259,24686072
1558141260,35086064
1558141261,28531688
1558141262,23040312
1558141263,34228520
1558141264,25342216
1558141265,36439616
1558141266,26310672
1558141267,22677576
1558141268,32598904
1558141269,23103960
1558141270,33917864
1558141271,24026872
1558141272,34828184
1558141273,25012760
1558141274,35745152
1558141275,25852144
1558141276,35845984
1558141277,27162304
1558141278,23291680
1558141279,34161304
1558141280,25278664
1558141281,36491656
1558141282,26733104
1558141283,22590240
1558141284,32648152
1558141285,25379624
1558141286,35448144
1558141287,26682976
1558141288,22966688
1558141289,33690064
1558141290,25463792
1558141291,18841504
1558141292,31425536
1558141293,26723936
1558141294,35153472
1558141295,29203456
1558141296,24549472
1558141297,35361088
1558141298,25758104
1558141299,36522808
1558141300,26837960
1558141301,24598608
1558141302,34771904
1558141303,26558120
1558141304,36718632
1558141305,28839920
1558141306,25627760
1558141307,36178936
1558141308,27981664
1558141309,30821544
1558141310,40924936
1558141311,29367112
1558141312,25421944
1558141313,36473848
1558141314,28658304
1558141315,24574552
1558141316,34794560
1558141317,27962568
1558141318,22745912
1558141319,36399696
1558141320,24502280
1558141321,35705504
1558141322,28095928
1558141323,24986344
1558141324,34918352
1558141325,25282632
1558141326,35638560
1558141327,26037712
1558141328,22205416
1558141329,32868840
1558141330,24160376
1558141331,34808248
1558141332,24715736
1558141333,23089704
1558141334,32935984
1558141335,24004376
1558141336,34491800
1558141337,24579568
1558141338,36009120
1558141339,26046448
1558141340,35961888
1558141341,29085976
1558141342,23788968
1558141343,35652616
1558141344,26651504
1558141345,23545176
1558141346,34056848
1558141347,23911696
1558141348,33871624
1558141349,24487456
1558141350,35048744
1558141351,27252816
1558141352,23320792
1558141353,34508792
1558141354,23675392
1558141355,36604080
1558141356,26303592
1558141357,22822056
1558141358,32896136
1558141359,23840272
1558141360,34467824
1558141361,24566280
1558141362,35428832
1558141363,26245256
1558141364,37747160
1558141365,29100304
1558141366,25184776
1558141367,22612480
1558141368,32949528
1558141369,30210880
1558141370,40855480
1558141371,30927240
1558141372,26050664
1558141373,22492832
1558141374,32528024
1558141375,24043096
1558141376,34271424
1558141377,24291112
1558141378,34967672
1558141379,25288168
1558141380,35566208
1558141381,26604792
1558141382,24804176
1558141383,36496608
1558141384,24680368
1558141385,35383656
1558141386,25854704
1558141387,36648408
1558141388,29270832
1558141389,25080256
1558141390,35685840
1558141391,25939144
1558141392,22789536
1558141393,38125128
1558141394,25683424
1558141395,36382736
1558141396,26584760
1558141397,22866512
1558141398,33216504
1558141399,23984864
1558141400,34187872
1558141401,24374648
1558141402,36712848
1558141403,26795480
1558141404,24977208
1558141405,35604928
1558141406,25317816
1558141407,36041824
1558141408,26561192
1558141409,22798224
1558141410,33796488
1558141411,23865792
1558141412,34169616
1558141413,26542128
1558141414,35043896
1558141415,33131888
1558141416,26527096
1558141417,23527088
1558141418,33773320
1558141419,23859440
1558141420,36017384
1558141421,26334968
1558141422,18520792
1558141423,29900424
1558141424,25548624
1558141425,22221080
1558141426,35124312
1558141427,24114352
1558141428,34351024
1558141429,31671928
1558141430,25461736
1558141431,18287696
1558141432,28915632
1558141433,25274224
1558141434,35385136
1558141435,26045880
1558141436,23104672
1558141437,34878632
1558141438,24461048
1558141439,35608416
1558141440,27135072
1558141441,23394136
1558141442,34795592
1558141443,24285280
1558141444,23566360
1558141445,34661376
1558141446,24393336
1558141447,38488536
1558141448,29082256
1558141449,23992376
1558141450,33792224
1558141451,24199280
1558141452,35527528
1558141453,26384128
1558141454,36059480
1558141455,27865016
1558141456,24751256
1558141457,35682024
1558141458,26533056
1558141459,22642880
1558141460,32766072
1558141461,23218384
1558141462,34192872
1558141463,26004928
1558141464,22532984
1558141465,33297304
1558141466,23278552
1558141467,34049608
1558141468,23329208
1558141469,35820184
1558141470,25126528
1558141471,35875048
1558141472,26036352
1558141473,18421848
1558141474,29446520
1558141475,25382920
1558141476,35625656
1558141477,27060016
1558141478,23164512
1558141479,37259304
1558141480,25583192
1558141481,36009112
1558141482,26369120
1558141483,22649608
1558141484,34090624
1558141485,24465240
1558141486,34255872
1558141487,24739752
1558141488,36528368
1558141489,33907392
1558141490,26277112
1558141491,36900616
1558141492,28440616
1558141493,26204584
1558141494,18283304
1558141495,32463760
1558141496,26635032
1558141497,23921472
1558141498,35817368
1558141499,25331840
1558141500,36611536
1558141501,30288184
1558141502,24688320
1558141503,35804896
1558141504,26037720
1558141505,22575400
1558141506,35152944
1558141507,24169888
1558141508,34193648
1558141509,25278152
1558141510,35232320
1558141511,27529688
1558141512,23102136
1558141513,34099408
1558141514,23517488
1558141515,35248552
1558141516,25049080
1558141517,36430776
1558141518,26825368
1558141519,23923504
1558141520,34563000
1558141521,24001344
1558141522,36639544
1558141523,26115280
1558141524,36621696
1558141525,27283736
1558141526,23567008
1558141527,36265688
1558141528,24712136
1558141529,35813720
1558141530,24571744
1558141531,35745200
1558141532,28073904
1558141533,26180584
1558141534,36653496
1558141535,26281136
1558141536,22533408
1558141537,33443808
1558141538,23282376
1558141539,35056992
1558141540,23535400
1558141541,30163168
1558141542,26075040
1558141543,30405104
1558141544,32177072
1558141545,23076392
1558141546,33312144
1558141547,23333648
1558141548,33470576
1558141549,34283104
1558141550,26473792
1558141551,18423040
1558141552,29113000
1558141553,25161616
1558141554,23331168
1558141555,34294128
1558141556,23114640
1558141557,35764976
1558141558,23985480
1558141559,34586800
1558141560,24761176
1558141561,35829792
1558141562,26778808
1558141563,23367648
1558141564,33673352
1558141565,25647800
1558141566,36073864
1558141567,30782256
1558141568,25444328
1558141569,36288728
1558141570,28288056
1558141571,24040608
1558141572,33881904
1558141573,25054944
1558141574,35727024
1558141575,25583224
1558141576,36938232
1558141577,29109616
1558141578,23670608
1558141579,34214856
1558141580,24603272
1558141581,36791944
1558141582,26080040
1558141583,24193000
1558141584,33828040
1558141585,23709184
1558141586,35256328
1558141587,24748504
1558141588,34908768
1558141589,25897704
1558141590,36192600
1558141591,28605760
1558141592,23463448
1558141593,34148216
1558141594,24709952
1558141595,35297200
1558141596,26707592
1558141597,23299280
1558141598,33412776
1558141599,24153160
1558141600,34531944
1558141601,25889056
1558141602,37128856
1558141603,29338960
1558141604,25127216
1558141605,35650944
1558141606,24829896
1558141607,22775368
1558141608,32999392
1558141609,30710072
1558141610,23078280
1558141611,33898888
1558141612,23775496
1558141613,36426344
1558141614,25678032
1558141615,36511280
1558141616,29008856
1558141617,24563272
1558141618,37723536
1558141619,27085968
1558141620,23573968
1558141621,35114816
1558141622,23610408
1558141623,34624096
1558141624,25906144
1558141625,36678688
1558141626,30068168
1558141627,24219712
1558141628,34470112
1558141629,28674824
1558141630,23698056
1558141631,36574536
1558141632,24265840
1558141633,35156624
1558141634,29060992
1558141635,24613376
1558141636,34621168
1558141637,26825584
1558141638,22279880
1558141639,34027664
1558141640,24075248
1558141641,34660488
1558141642,24971040
1558141643,35626256
1558141644,28473032
1558141645,26044160
1558141646,36072344
1558141647,29349336
1558141648,24882824
1558141649,33968576
1558141650,26452064
1558141651,22686512
1558141652,32536568
1558141653,22928368
1558141654,34028272
1558141655,39236000
1558141656,35535176
1558141657,26195440
1558141658,22489352
1558141659,33427960
1558141660,23012976
1558141661,38106688
1558141662,25641512
1558141663,37795536
1558141664,29147496
1558141665,24713960
1558141666,39024888
1558141667,28702296
1558141668,24070120
1558141669,21486072
1558141670,32134456
1558141671,29310136
1558141672,23820760
1558141673,34657144
1558141674,25151216
1558141675,35722240
1558141676,26168752
1558141677,22219328
1558141678,32251568
1558141679,23834408
1558141680,33684072
1558141681,24175696
1558141682,38777424
1558141683,29036664
1558141684,25778424
1558141685,36549032
1558141686,28459384
1558141687,24269776
1558141688,35198536
1558141689,26430032
1558141690,18495184
1558141691,29139248
1558141692,24918672
1558141693,38069648
1558141694,27399600
1558141695,24738672
1558141696,34829480
1558141697,24300080
1558141698,35264304
1558141699,25435360
1558141700,37007096
1558141701,26592568
1558141702,36756904
1558141703,30456472
1558141704,25034672
1558141705,38216104
1558141706,26828752
1558141707,23071344
1558141708,34410680
1558141709,25649432
1558141710,37252552
1558141711,29055216
1558141712,23477448
1558141713,34670680
1558141714,26754832
1558141715,23023688
1558141716,33685480
1558141717,23733136
1558141718,34064240
1558141719,24706456
1558141720,35347024
1558141721,26591472
1558141722,18394432
1558141723,29458592
1558141724,24951032
1558141725,18634480
1558141726,30673728
1558141727,25666512
1558141728,35908496
1558141729,34047592
1558141730,29983112
1558141731,26342808
1558141732,36261792
1558141733,29015736
1558141734,35637816
1558141735,35698440
1558141736,25968992
1558141737,23150976
1558141738,32893640
1558141739,23430776
1558141740,33464560
1558141741,25307600
1558141742,35980960
1558141743,26256704
1558141744,26512472
1558141745,23860456
1558141746,36377792
1558141747,26251248
1558141748,22899296
1558141749,33499616
1558141750,23279552
1558141751,33710048
1558141752,24266048
1558141753,35664192
1558141754,25495760
1558141755,36836776
1558141756,28768456
1558141757,23755696
1558141758,34721696
1558141759,24176904
1558141760,34216376
1558141761,25135336
1558141762,38058696
1558141763,29001824
1558141764,24684408
1558141765,35708984
1558141766,26740080
1558141767,22795880
1558141768,34686896
1558141769,23863328
1558141770,33997720
1558141771,24238256
1558141772,36060064
1558141773,30608680
1558141774,24946808
1558141775,35951528
1558141776,25472608
1558141777,36333768
1558141778,30176664
1558141779,24601864
1558141780,35174296
1558141781,25573848
1558141782,35634488
1558141783,29079432
1558141784,23992568
1558141785,35294640
1558141786,24403424
1558141787,35244856
1558141788,24815000
1558141789,25114464
1558141790,35273952
1558141791,26862704
1558141792,23236528
1558141793,34056688
1558141794,23591912
1558141795,35472184
1558141796,24096288
1558141797,34482800
1558141798,23974984
1558141799,37873184
1558141800,26426464
1558141801,22709880
1558141802,32805616
1558141803,23270792
1558141804,36579280
1558141805,28486200
1558141806,23673336
1558141807,34398648
1558141808,24919496
1558141809,36821416
1558141810,26895928
1558141811,22856184
1558141812,33048856
1558141813,23508184
1558141814,34302872
1558141815,24912088
1558141816,37958624
1558141817,26829064
1558141818,23250960
1558141819,34023008
1558141820,25489248
1558141821,36631424
1558141822,27097664
1558141823,23717840
1558141824,34300392
1558141825,24047952
1558141826,34769072
1558141827,25783256
1558141828,35852984
1558141829,28773000
1558141830,23593592
1558141831,37045600
1558141832,26819096
1558141833,23038480
1558141834,33763064
1558141835,24978328
1558141836,35100112
1558141837,27689536
1558141838,23322960
1558141839,33915616
1558141840,23526104
1558141841,34918960
1558141842,26369448
1558141843,22521096
1558141844,32923080
1558141845,23321800
1558141846,34215928
1558141847,23437496
1558141848,34576736
1558141849,32219488
1558141850,23714912
1558141851,34668504
1558141852,24173336
1558141853,39760336
1558141854,28876096
1558141855,24100048
1558141856,34341024
1558141857,24891336
1558141858,35077104
1558141859,26310688
1558141860,21483928
1558141861,29396448
1558141862,24340904
1558141863,35226872
1558141864,26729776
1558141865,24110920
1558141866,34501416
1558141867,26159488
1558141868,22511528
1558141869,38426720
1558141870,25636336
1558141871,36542704
1558141872,27443168
1558141873,23349160
1558141874,38184120
1558141875,25936008
1558141876,36573976
1558141877,27571608
1558141878,23657240
1558141879,34618248
1558141880,24709160
1558141881,35611856
1558141882,26255136
1558141883,22876344
1558141884,33491872
1558141885,24013048
1558141886,34232048
1558141887,24005056
1558141888,34172080
1558141889,24788952
1558141890,22197336
1558141891,33097104
1558141892,22902552
1558141893,33647960
1558141894,23500120
1558141895,34422576
1558141896,24469784
1558141897,35258744
1558141898,25076304
1558141899,36949864
1558141900,26077480
1558141901,23348912
1558141902,33302960
1558141903,24093728
1558141904,35675456
1558141905,25279520
1558141906,23004280
1558141907,32850712
1558141908,23466192
1558141909,19008760
1558141910,29220008
1558141911,25952656
1558141912,35666144
1558141913,25895656
1558141914,36710416
1558141915,28180536
1558141916,24258936
1558141917,40018424
1558141918,27505176
1558141919,24340800
1558141920,35280432
1558141921,25721216
1558141922,23458000
1558141923,34052112
1558141924,24055432
1558141925,35647856
1558141926,26001600
1558141927,36940224
1558141928,28062824
1558141929,23399528
1558141930,33293200
1558141931,23973272
1558141932,34450920
1558141933,27112760
1558141934,23551864
1558141935,34515576
1558141936,25043368
1558141937,35754152
1558141938,26498080
1558141939,23456496
1558141940,33422192
1558141941,24241552
1558141942,34680904
1558141943,25604392
1558141944,37403384
1558141945,29260600
1558141946,23870320
1558141947,35227168
1558141948,23723416
1558141949,18421272
1558141950,20605704
1558141951,24800264
1558141952,35733632
1558141953,26258408
1558141954,36552168
1558141955,29361544
1558141956,23874928
1558141957,35110328
1558141958,24584712
1558141959,35316024
1558141960,28715576
1558141961,24603488
1558141962,34806312
1558141963,25064568
1558141964,35529800
1558141965,29029672
1558141966,24552640
1558141967,35076808
1558141968,25436552
1558141969,27700296
1558141970,39510600
1558141971,29032664
1558141972,23236152
1558141973,34233064
1558141974,24242040
1558141975,37052832
1558141976,26590976
1558141977,23336664
1558141978,33476880
1558141979,24780760
1558141980,34518864
1558141981,25989208
1558141982,23959080
1558141983,34269744
1558141984,24779384
1558141985,35702432
1558141986,27466872
1558141987,24121448
1558141988,34969536
1558141989,24917664
1558141990,35270088
1558141991,28357664
1558141992,23992856
1558141993,37637616
1558141994,25867632
1558141995,22088064
1558141996,32362376
1558141997,22796400
1558141998,32983528
1558141999,23420112
1558142000,33607832
1558142001,23986416
1558142002,35677384
1558142003,25345400
1558142004,36684896
1558142005,27557856
1558142006,24423904
1558142007,34996984
1558142008,23815856
1558142009,37895112
1558142010,25845232
1558142011,23055520
1558142012,32969184
1558142013,22997192
1558142014,37884752
1558142015,27215528
1558142016,23713736
1558142017,34938976
1558142018,23936912
1558142019,37067440
1558142020,26902808
1558142021,23935672
1558142022,34250424
1558142023,23992240
1558142024,34343848
1558142025,25139992
1558142026,35194808
1558142027,26136168
1558142028,36077328
1558142029,34218048
1558142030,33423488
1558142031,26384448
1558142032,36585880
1558142033,29169392
1558142034,23817800
1558142035,34449600
1558142036,24209608
1558142037,35647224
1558142038,26126752
1558142039,22910168
1558142040,32655960
1558142041,25614088
1558142042,35521496
1558142043,26198296
1558142044,27151992
1558142045,23686912
1558142046,39460360
1558142047,29074096
1558142048,23576008
1558142049,34876032
1558142050,24134656
1558142051,35081952
1558142052,25919600
1558142053,35655776
1558142054,28743800
1558142055,24433472
1558142056,34847416
1558142057,25958528
1558142058,35989560
1558142059,28060240
1558142060,23771824
1558142061,35208728
1558142062,27513680
1558142063,23696728
1558142064,34576392
1558142065,24318528
1558142066,34614592
1558142067,25372400
1558142068,36309568
1558142069,27150384
1558142070,23339360
1558142071,34256824
1558142072,24043704
1558142073,37944224
1558142074,27079064
1558142075,23785688
1558142076,33577888
1558142077,24256008
1558142078,36879496
1558142079,25448776
1558142080,23648184
1558142081,34914536
1558142082,24297656
1558142083,34988184
1558142084,25515392
1558142085,36516824
1558142086,26992728
1558142087,24262440
1558142088,34268424
1558142089,22683944
1558142090,33484520
1558142091,23210376
1558142092,33489624
1558142093,24202520
1558142094,35434960
1558142095,25719712
1558142096,35533304
1558142097,28017600
1558142098,23482920
1558142099,38009528
1558142101,37515184
1558142102,28086888
1558142103,23466512
1558142104,34523824
1558142105,26079848
1558142106,18221904
1558142107,29435400
1558142108,24885008
1558142109,35499136
1558142110,26173536
1558142111,22418176
1558142112,32403328
1558142113,22840824
1558142114,33419936
1558142115,24688024
1558142116,35334312
1558142117,25665880
1558142118,35837432
1558142119,26672240
1558142120,23520944
1558142121,34954848
1558142122,42812928
1558142123,34791000
1558142124,24809232
1558142125,35554272
1558142126,25505976
1558142127,36556776
1558142128,26340864
1558142129,18629912
1558142130,30348864
1558142131,29357096
1558142132,23744872
1558142133,34687968
1558142134,24154488
1558142135,36966448
1558142136,27797416
1558142137,24523792
1558142138,35136704
1558142139,24723344
1558142140,34880352
1558142141,25688600
1558142142,36526856
1558142143,28827384
1558142144,24350176
1558142145,35220376
1558142146,25840376
1558142147,24663104
1558142148,34747416
1558142149,31947984
1558142150,23457024
1558142151,34197952
1558142152,24441480
1558142153,36052192
1558142154,26557664
1558142155,22348088
1558142156,32007832
1558142157,23941880
1558142158,34938616
1558142159,25224784
1558142160,35243472
1558142161,26344808
1558142162,22502928
1558142163,37945040
1558142164,26489312
1558142165,29147008
1558142166,31493192
1558142167,22429920
1558142168,39225152
1558142169,26506200
1558142170,22339944
1558142171,33227712
1558142172,23065760
1558142173,33792224
1558142174,24404016
1558142175,35259832
1558142176,24061864
1558142177,34866024
1558142178,24647008
1558142179,36728784
1558142180,26322536
1558142181,22298808
1558142182,32334784
1558142183,22958872
1558142184,39693816
1558142185,27024760
1558142186,23046160
1558142187,33953136
1558142188,24203184
1558142189,34893248
1558142190,25635376
1558142191,36487304
1558142192,26891000
1558142193,23690080
1558142194,34187072
1558142195,28443224
1558142196,23347872
1558142197,34858216
1558142198,23899760
1558142199,34439640
1558142200,24882984
1558142201,36964360
1558142202,26519904
1558142203,22515312
1558142204,33027768
1558142205,23271240
1558142206,39022632
1558142207,26831248
1558142208,23518432
1558142209,23791568
1558142210,33821168
1558142211,22568288
1558142212,33845384
1558142213,23372304
1558142214,33833288
1558142215,23202040
1558142216,34080328
1558142217,27894240
1558142218,22780944
1558142219,33609032
1558142220,22824136
1558142221,34293032
1558142222,23487336
1558142223,35119400
1558142224,25459864
1558142225,36712920
1558142226,28194160
1558142227,23765448
1558142228,22739368
1558142229,33473760
1558142230,22905728
1558142231,33589488
1558142232,23230704
1558142233,39609872
1558142234,28351376
1558142235,23429600
1558142236,34240400
1558142237,24142496
1558142238,34729664
1558142239,25511448
1558142240,35549752
1558142241,28990448
1558142242,23539648
1558142243,35487208
1558142244,25195784
1558142245,36064176
1558142246,26282992
1558142247,36904152
1558142248,29511072
1558142249,28447192
1558142250,24249136
1558142251,34894928
1558142252,23212896
1558142253,33768112
1558142254,25832968
1558142255,36688648
1558142256,26030568
1558142257,22215512
1558142258,32894136
1558142259,24285704
1558142260,35159800
1558142261,25484136
1558142262,35774936
1558142263,26224600
1558142264,23687984
1558142265,35039528
1558142266,24229616
1558142267,34899520
1558142268,24584480
1558142269,21411896
1558142270,35316640
1558142271,29081408
1558142272,22632544
1558142273,33967496
1558142274,23307240
1558142275,37126608
1558142276,26032448
1558142277,36612192
1558142278,28917776
1558142279,24227384
1558142280,37189688
1558142281,28652104
1558142282,24062216
1558142283,35243264
1558142284,25108408
1558142285,36133200
1558142286,26575360
1558142287,22856608
1558142288,33417768
1558142289,23206248
1558142290,33560608
1558142291,27858624
1558142292,22896232
1558142293,33707856
1558142294,23406096
1558142295,33951336
1558142296,23605512
1558142297,35845880
1558142298,24697768
1558142299,35691248
1558142300,25025504
1558142301,35676272
1558142302,26929568
1558142303,23739760
1558142304,34029288
1558142305,25561400
1558142306,35910440
1558142307,32231680
1558142308,26254488
1558142309,36811216
1558142310,27919264
1558142311,23470808
1558142312,34198352
1558142313,24329664
1558142314,34928296
1558142315,24787152
1558142316,34853296
1558142317,25467792
1558142318,37833944
1558142319,28768800
1558142320,23444232
1558142321,34278392
1558142322,22972168
1558142323,39633864
1558142324,26739856
1558142325,22415024
1558142326,32371840
1558142327,22988016
1558142328,32981512
1558142329,31516952
1558142330,22869616
1558142331,33683744
1558142332,22897816
1558142333,34081472
1558142334,24689440
1558142335,35303056
1558142336,26036728
1558142337,18283632
1558142338,29343600
1558142339,25626840
1558142340,35471472
1558142341,26795440
1558142342,18552424
1558142343,29244640
1558142344,23418352
1558142345,34355960
1558142346,23586504
1558142347,34344160
1558142348,24765408
1558142349,37648736
1558142350,27104728
1558142351,22893848
1558142352,32833616
1558142353,23209608
1558142354,34366024
1558142355,25950864
1558142356,35754584
1558142357,27175848
1558142358,23426200
1558142359,34457408
1558142360,25030824
1558142361,36294000
1558142362,26113080
1558142363,36908568
1558142364,28731240
1558142365,25852208
1558142366,22278296
1558142367,33129000
1558142368,22821016
1558142369,34448008
1558142370,23317712
1558142371,37351928
1558142372,24706568
1558142373,35689896
1558142374,26318576
1558142375,22975032
1558142376,37456512
1558142377,25795112
1558142378,36024272
1558142379,27295168
1558142380,23750184
1558142381,36134440
1558142382,26141824
1558142383,36783976
1558142384,27395704
1558142385,23937768
1558142386,33745384
1558142387,29323064
1558142388,24147688
1558142389,20581160
1558142390,30760096
1558142391,24890736
1558142392,23529360
1558142393,34512104
1558142394,24655040
1558142395,35510656
1558142396,25472400
1558142397,24973176
1558142398,35923944
1558142399,26496552
1558142400,22651176
1558142401,33728904
1558142402,36046872
1558142403,34968928
1558142404,26324864
1558142405,23042152
1558142406,33367512
1558142407,23219632
1558142408,38976176
1558142409,26600704
1558142410,36618992
1558142411,28799160
1558142412,23418768
1558142413,34099800
1558142414,24982488
1558142415,35826448
1558142416,26521440
1558142417,22863200
1558142418,32812144
1558142419,25562104
1558142420,35651040
1558142421,26201144
1558142422,22335768
1558142423,32909224
1558142424,24782312
1558142425,35888672
1558142426,25344048
1558142427,36056136
1558142428,25916360
1558142429,25671736
1558142430,35600088
1558142431,26261536
1558142432,36159848
1558142433,27679456
1558142434,25283976
1558142435,35876488
1558142436,25805344
1558142437,36547528
1558142438,27261304
1558142439,23993600
1558142440,35569928
1558142441,24950504
1558142442,35570280
1558142443,26329832
1558142444,36664880
1558142445,29467368
1558142446,23775352
1558142447,34493256
1558142448,23637464
1558142449,19143176
1558142450,35793856
1558142451,28641952
1558142452,23580296
1558142453,34096104
1558142454,24001224
1558142455,35502088
1558142456,25308600
1558142457,36311688
1558142458,26024240
1558142459,18289768
1558142460,29519184
1558142461,26909064
1558142462,22725264
1558142463,33824016
1558142464,23513000
1558142465,34481704
1558142466,26303240
1558142467,23536808
1558142468,33239224
1558142469,23777200
1558142470,33891112
1558142471,24229592
1558142472,35608576
1558142473,25450456
1558142474,36262568
1558142475,27292192
1558142476,23796096
1558142477,38695600
1558142478,25915408
1558142479,36933360
1558142480,27285552
1558142481,23677128
1558142482,39326296
1558142483,27058472
1558142484,23538904
1558142485,33976248
1558142486,23360856
1558142487,34394024
1558142488,23716792
1558142489,34451448
1558142490,25442848
1558142491,36654992
1558142492,27360840
1558142493,27214568
1558142494,23093416
1558142495,33787184
1558142496,23259616
1558142497,34533288
1558142498,26671384
1558142499,22605200
1558142500,33276984
1558142501,22913688
1558142502,33449824
1558142503,23574040
1558142504,34649440
1558142505,24807216
1558142506,34851504
1558142507,24825928
1558142508,35097056
1558142509,27978216
1558142510,31690400
1558142511,23213184
1558142512,32745704
1558142513,23891536
1558142514,35433080
1558142515,24850664
1558142516,35081192
1558142517,26133152
1558142518,35768840
1558142519,27892736
1558142520,27564320
1558142521,23603944
1558142522,33807688
1558142523,24152896
1558142524,35187360
1558142525,24827784
1558142526,35959344
1558142527,26219960
1558142528,18315424
1558142529,30039480
1558142530,25155328
1558142531,34742624
1558142532,26431048
1558142533,36919552
1558142534,28604144
1558142535,24730168
1558142536,39725720
1558142537,29760064
1558142538,23795392
1558142539,34431312
1558142540,24841528
1558142541,35815976
1558142542,25584888
1558142543,36392800
1558142544,26572560
1558142545,23745064
1558142546,33680304
1558142547,25334632
1558142548,36176880
1558142549,26657536
1558142550,19249624
1558142551,30279976
1558142552,26193096
1558142553,37201504
1558142554,26697104
1558142555,23482512
1558142556,34271736
1558142557,24657568
1558142558,38861136
1558142559,26950392
1558142560,22433048
1558142561,33570472
1558142562,23120776
1558142563,38285224
1558142564,25979496
1558142565,37113904
1558142566,28223552
1558142567,23599928
1558142568,34618312
1558142569,33285752
1558142570,24955640
1558142571,36096064
1558142572,25151640
1558142573,36936640
1558142574,26810568
1558142575,22783600
1558142576,32838696
1558142577,23262320
1558142578,33907064
1558142579,25395240
1558142580,37158200
1558142581,27645736
1558142582,23893784
1558142583,34994864
1558142584,26272520
1558142585,23379872
1558142586,33122416
1558142587,23077024
1558142588,34003752
1558142589,23433720
1558142590,35201192
1558142591,25226056
1558142592,35377224
1558142593,26095696
1558142594,19379560
1558142595,31208056
1558142596,24590216
1558142597,35809896
1558142598,25470608
1558142599,22250904
1558142600,36272568
1558142601,25258728
1558142602,35430312
1558142603,26041664
1558142604,36267256
1558142605,27778880
1558142606,24202080
1558142607,35436272
1558142608,25680944
1558142609,35112584
1558142610,29189456
1558142611,26388392
1558142612,36712848
1558142613,27153960
1558142614,23281072
1558142615,35484368
1558142616,24399608
1558142617,35200256
1558142618,24849064
1558142619,35982928
1558142620,25796152
1558142621,24487376
1558142622,34258688
1558142623,24653080
1558142624,34811288
1558142625,26091520
1558142626,36428920
1558142627,28879888
1558142628,23454048
1558142629,41516064
1558142630,27030256
1558142631,24571648
1558142632,38962176
1558142633,27604544
1558142634,23819608
1558142635,34631384
1558142636,24879328
1558142637,35659632
1558142638,25803416
1558142639,35779528
1558142640,28403032
1558142641,25046368
1558142642,35368344
1558142643,31213280
1558142644,35331296
1558142645,27388024
1558142646,23359488
1558142647,35120480
1558142648,25430752
1558142649,36525656
1558142650,26214536
1558142651,18557032
1558142652,28848008
1558142653,24626208
1558142654,18309568
1558142655,29703440
1558142656,24803112
1558142657,35682024
1558142658,26198432
1558142659,24737976
1558142660,35906184
1558142661,28150704
1558142662,24320560
1558142663,35059808
1558142664,24526080
1558142665,37090016
1558142666,26108904
1558142667,22800432
1558142668,32963752
1558142669,23683792
1558142670,34848640
1558142671,24712368
1558142672,35213296
1558142673,25231376
1558142674,36243216
1558142675,28057656
1558142676,24459992
1558142677,35293968
1558142678,24672016
1558142679,35475704
1558142680,28581912
1558142681,30863272
1558142682,34362976
1558142683,25961832
1558142684,35820304
1558142685,28286744
1558142686,24565688
1558142687,35980024
1558142688,25443568
1558142689,26725008
1558142690,37718392
1558142691,26100760
1558142692,37084472
1558142693,28921384
1558142694,23284128
1558142695,34168896
1558142696,24508336
1558142697,36173856
1558142698,26278624
1558142699,36926112
1558142700,28211296
1558142701,24325080
1558142702,35328544
1558142703,25205608
1558142704,35612432
1558142705,26424224
1558142706,37393576
1558142707,31864128
1558142708,25498136
1558142709,36157640
1558142710,26167088
1558142711,22976688
1558142712,33586224
1558142713,24348440
1558142714,34369728
1558142715,25343928
1558142716,36354696
1558142717,26851224
1558142718,23424248
1558142719,34662776
1558142720,24583488
1558142721,35138136
1558142722,26646192
1558142723,24239088
1558142724,34735512
1558142725,26366104
1558142726,36357272
1558142727,27565496
1558142728,23937480
1558142729,35198144
1558142730,24172328
1558142731,35159616
1558142732,24734952
1558142733,38979256
1558142734,28125216
1558142735,23736536
1558142736,34039968
1558142737,23826536
1558142738,37625216
1558142739,26693880
1558142740,22301696
1558142741,33414680
1558142742,23333224
1558142743,37549088
1558142744,26654672
1558142745,22672848
1558142746,32517112
1558142747,22953752
1558142748,32808104
1558142749,32415456
1558142750,23598000
1558142751,34273280
1558142752,24520664
1558142753,35418792
1558142754,28933872
1558142755,24318200
1558142756,34365632
1558142757,24478736
1558142758,34325944
1558142759,25978824
1558142760,22884208
1558142761,34135464
1558142762,23755392
1558142763,34554304
1558142764,23771952
1558142765,36110656
1558142766,24995896
1558142767,35631944
1558142768,25344728
1558142769,35988784
1558142770,30907568
1558142771,25157664
1558142772,35583328
1558142773,25854344
1558142774,36096088
1558142775,27519016
1558142776,24208376
1558142777,35268064
1558142778,24658544
1558142779,35623376
1558142780,26089656
1558142781,22733000
1558142782,33483960
1558142783,23655776
1558142784,33337984
1558142785,24084872
1558142786,18290136
1558142787,29364520
1558142788,24693872
1558142789,35307888
1558142790,26399992
1558142791,37308296
1558142792,28648976
1558142793,24726608
1558142794,35050520
1558142795,26555048
1558142796,36397112
1558142797,34725248
1558142798,27111760
1558142799,23097856
1558142800,33497240
1558142801,22770984
1558142802,38786016
1558142803,27358640
1558142804,23550416
1558142805,34738664
1558142806,24132576
1558142807,34940552
1558142808,25079408
1558142809,24398848
1558142810,34747552
1558142811,24770424
1558142812,35023920
1558142813,26564088
1558142814,22828784
1558142815,34233776
1558142816,23375496
1558142817,34169896
1558142818,28365464
1558142819,24457720
1558142820,34358264
1558142821,25140752
1558142822,35247624
1558142823,31871960
1558142824,26050520
1558142825,18637912
1558142826,28906144
1558142827,24584920
1558142828,35356048
1558142829,26153832
1558142830,36240840
1558142831,27663608
1558142832,31990896
1558142833,34177248
1558142834,27520520
1558142835,23295000
1558142836,33759312
1558142837,23687528
1558142838,33746840
1558142839,25302376
1558142840,36394384
1558142841,27523504
1558142842,23343448
1558142843,34357448
1558142844,23953200
1558142845,36444872
1558142846,26142696
1558142847,18380552
1558142848,28643984
1558142849,24466224
1558142850,22763216
1558142851,33485632
1558142852,22969176
1558142853,34176720
1558142854,24048464
1558142855,35639120
1558142856,25899792
1558142857,36837032
1558142858,27272448
1558142859,24093320
1558142860,33913512
1558142861,25796888
1558142862,36090680
1558142863,27673648
1558142864,23853056
1558142865,34925088
1558142866,28226400
1558142867,24752632
1558142868,34700616
1558142869,32850896
1558142870,24734672
1558142871,22088912
1558142872,32686320
1558142873,23331744
1558142874,33183224
1558142875,23784720
1558142876,33864856
1558142877,25565864
1558142878,35676528
1558142879,26908504
1558142880,23276312
1558142881,34327248
1558142882,26802712
1558142883,23741160
1558142884,33769840
1558142885,25394240
1558142886,35044568
1558142887,26220432
1558142888,22376608
1558142889,33162344
1558142890,22724888
1558142891,33320024
1558142892,23258672
1558142893,40553864
1558142894,26532768
1558142895,23820944
1558142896,33767864
1558142897,25156352
1558142898,35480080
1558142899,27115240
1558142900,23368448
1558142901,34444824
1558142902,24042296
1558142903,35349952
1558142904,25463216
1558142905,36797896
1558142906,26788480
1558142907,22984968
1558142908,33158760
1558142909,26791216
1558142910,22083144
1558142911,32709416
1558142912,22718384
1558142913,33398192
1558142914,23142840
1558142915,35887352
1558142916,24219984
1558142917,35306112
1558142918,24358752
1558142919,35457632
1558142920,29708912
1558142921,24429592
1558142922,34670608
1558142923,24977768
1558142924,35318496
1558142925,25978184
1558142926,37317016
1558142927,28592696
1558142928,23312416
1558142929,41269032
1558142930,27197120
1558142931,24842104
1558142932,34757344
1558142933,25214360
1558142934,35558328
1558142935,26656800
1558142936,25638152
1558142937,35976048
1558142938,26208296
1558142939,23067576
1558142940,33708888
1558142941,23788736
1558142942,35299280
1558142943,25033880
1558142944,23671344
1558142945,18755248
1558142946,28881472
1558142947,29303816
1558142948,24659896
1558142949,35496704
1558142950,24898256
1558142951,35554200
1558142952,25538600
1558142953,37276288
1558142954,27248240
1558142955,24217896
1558142956,34004288
1558142957,24436648
1558142958,18425144
1558142959,29520024
1558142960,25118224
1558142961,35668128
1558142962,25799216
1558142963,24628056
1558142964,34991728
1558142965,26531128
1558142966,36609776
1558142967,27762296
1558142968,23846240
1558142969,36118280
1558142970,24677728
1558142971,35527312
1558142972,25663304
1558142973,36268568
1558142974,33424560
1558142975,27437328
1558142976,23380152
1558142977,34073392
1558142978,23453864
1558142979,34589304
1558142980,25301712
1558142981,36023288
1558142982,26223704
1558142983,19519360
1558142984,29808656
1558142985,25521296
1558142986,35548464
1558142987,26528680
1558142988,36122792
1558142989,23748208
1558142990,39937424
1558142991,25825896
1558142992,35981872
1558142993,27616792
1558142994,23593624
1558142995,39856944
1558142996,28344272
1558142997,23981288
1558142998,34400648
1558142999,25689040
1558143000,35677456
1558143001,29859296
1558143002,23389384
1558143003,34243960
1558143004,24050160
1558143005,35068240
1558143006,29094928
1558143007,24119200
1558143008,34030472
1558143009,24355208
1558143010,34147600
1558143011,25607608
1558143012,36942696
1558143013,27814984
1558143014,24508688
1558143015,35347320
1558143016,25840384
1558143017,23780376
1558143018,33811936
1558143019,24426176
1558143020,34318856
1558143021,25743752
1558143022,23920792
1558143023,35247064
1558143024,25535576
1558143025,37044848
1558143026,27415576
1558143027,26644728
1558143028,23301584
1558143029,33844496
1558143030,23114672
1558143031,33952648
1558143032,23946584
1558143033,36240840
1558143034,25844912
1558143035,37129896
1558143036,26899272
1558143037,24087160
1558143038,35390792
1558143039,24866968
1558143040,34832768
1558143041,25552088
1558143042,35766600
1558143043,32353272
1558143044,26624688
1558143045,22460048
1558143046,32526624
1558143047,23107208
1558143048,33267168
1558143049,31915440
1558143050,23496984
1558143051,34740944
1558143052,25040712
1558143053,35532744
1558143054,30494440
1558143055,25890296
1558143056,36008512
1558143057,29397136
1558143058,23878104
1558143059,34839672
1558143060,25755464
1558143061,37067080
1558143062,29010432
1558143063,23745624
1558143064,33585912
1558143065,25431144
1558143066,35453792
1558143067,25800616
1558143068,22437136
1558143069,32911920
1558143070,25685496
1558143071,36271816
1558143072,28191032
1558143073,23972568
1558143074,34044584
1558143075,25556400
1558143076,36174472
1558143077,27823888
1558143078,23918512
1558143079,35185696
1558143080,24240192
1558143081,22212648
1558143082,32056848
1558143083,22463120
1558143084,32359272
1558143085,23342488
1558143086,33214952
1558143087,24431200
1558143088,34942024
1558143089,25634312
1558143090,35609584
1558143091,26198128
1558143092,25188224
1558143093,35817616
1558143094,26051928
1558143095,22750224
1558143096,32818160
1558143097,25914624
1558143098,22828048
1558143099,33809296
1558143100,23578768
1558143101,34155224
1558143102,29073224
1558143103,24823832
1558143104,35105008
1558143105,26251704
1558143106,22053752
1558143107,32590384
1558143108,22891776
1558143109,41117608
1558143110,27134184
1558143111,24250272
1558143112,34244416
1558143113,29216312
1558143114,23577264
1558143115,35136512
1558143116,24143536
1558143117,34961968
1558143118,24808584
1558143119,36507064
1558143120,26255352
1558143121,22110992
1558143122,32092976
1558143123,22997112
1558143124,38473632
1558143125,26991232
1558143126,18446688
1558143127,29837792
1558143128,24880856
1558143129,35816872
1558143130,26083216
1558143131,36724504
1558143132,28672104
1558143133,23661496
1558143134,34108192
1558143135,26115456
1558143136,36452904
1558143137,26772352
1558143138,22157520
1558143139,32673536
1558143140,25455576
1558143141,36380800
1558143142,26451376
1558143143,22941016
1558143144,33118368
1558143145,24768544
1558143146,35305624
1558143147,24469704
1558143148,34886408
1558143149,25256584
1558143150,35373968
1558143151,28176360
1558143152,23041088
1558143153,33666904
1558143154,23296120
1558143155,35075792
1558143156,25614752
1558143157,36725496
1558143158,26964360
1558143159,23759016
1558143160,34129776
1558143161,23890608
1558143162,35795640
1558143163,26335648
1558143164,36028864
1558143165,28945672
1558143166,26230240
1558143167,36895168
1558143168,28664816
1558143169,31405848
1558143170,22908336
1558143171,37421616
1558143172,24805376
1558143173,37737328
1558143174,26951432
1558143175,24206984
1558143176,34444712
1558143177,24324976
1558143178,34094216
1558143179,25112664
1558143180,35192176
1558143181,26220704
1558143182,18433168
1558143183,20874000
1558143184,24663584
1558143185,36367496
1558143186,25729168
1558143187,23425488
1558143188,33501360
1558143189,25344728
1558143190,35874648
1558143191,27519192
1558143192,24594592
1558143193,35430968
1558143194,24961688
1558143195,36869304
1558143196,26028008
1558143197,36675776
1558143198,28170240
1558143199,23533472
1558143200,35470264
1558143201,24829736
1558143202,35532360
1558143203,28269096
1558143204,24138896
1558143205,36961448
1558143206,26554840
1558143207,22983656
1558143208,36732624
1558143209,25396424
1558143210,35701336
1558143211,26360264
1558143212,36431072
1558143213,28688944
1558143214,23276712
1558143215,34978640
1558143216,25436712
1558143217,36299808
1558143218,27032184
1558143219,25302224
1558143220,35306936
1558143221,26615408
1558143222,22249920
1558143223,33734296
1558143224,22972568
1558143225,35253184
1558143226,24060552
1558143227,35270848
1558143228,24339424
1558143229,28114480
1558143230,38470632
1558143231,25272104
1558143232,35880992
1558143233,28780496
1558143234,23502664
1558143235,38241328
1558143236,26715872
1558143237,23549256
1558143238,33717888
1558143239,24367792
1558143240,36221000
1558143241,25666816
1558143242,37927064
1558143243,28746272
1558143244,32653024
1558143245,24556568
1558143246,36992960
1558143247,26580936
1558143248,36238800
1558143249,28983208
1558143250,24641144
1558143251,35263632
1558143252,25639856
1558143253,21909000
1558143254,32258504
1558143255,23728496
1558143256,34399544
1558143257,25048032
1558143258,35184168
1558143259,25701888
1558143260,35901176
1558143261,23054240
1558143262,23984824
1558143263,35156328
1558143264,26364592
1558143265,22696288
1558143266,35751944
1558143267,24466904
1558143268,35383800
1558143269,26517008
1558143270,23172688
1558143271,36672808
1558143272,25629704
1558143273,22529752
1558143274,32701336
1558143275,23918296
1558143276,34458808
1558143277,24833672
1558143278,35281616
1558143279,25879880
1558143280,22560312
1558143281,33513464
1558143282,24400248
1558143283,35402184
1558143284,25027304
1558143285,36408360
1558143286,26855320
1558143287,22829200
1558143288,33256504
1558143289,31993536
1558143290,23512216
1558143291,35439360
1558143292,24229640
1558143293,37110576
1558143294,29024368
1558143295,25226808
1558143296,37273264
1558143297,27247944
1558143298,23368328
1558143299,34922920
1558143300,24383768
