timestamp,value
1558038908,0.000245871
1558038910,0.000233933
1558038912,0.000245871
1558038914,0.000245871
1558038916,0.000245871
1558038918,0.000233933
1558038920,0.000233933
1558038922,0.000233933
1558038924,0.000233933
1558038926,0.000245871
1558038928,0.000233933
1558038930,0.000233933
1558038932,0.000233933
1558038934,0.000233933
1558038936,0.000233933
1558038938,0.000233933
1558038940,0.000233933
1558038942,0.000238807
1558038944,0.000238807
1558038946,0.000235719
1558038948,0.000235719
1558038950,0.000235719
1558038952,0.000235719
1558038954,0.000235719
1558038956,0.000235719
1558038958,0.000235719
1558038960,0.000235719
1558038962,0.000238807
1558038964,0.000235719
1558038966,0.000238807
1558038968,0.000238807
1558038970,0.000238807
1558038972,0.000238807
1558038974,0.000238807
1558038976,0.000245871
1558038978,0.000245871
1558038980,0.000238807
1558038982,0.000245871
1558038984,0.000238807
1558038986,0.000245871
1558038988,0.000245871
1558038990,0.000245871
1558038992,0.000248705
1558039000,0.000248705
1558039006,0.000248705
1558039008,0.000248705
1558039010,0.00025096
1558039012,0.000248705
1558039014,0.000248705
1558039016,0.000245871
1558039018,0.000245871
1558039020,0.000245871
1558039022,0.000245871
1558039024,0.000248705
1558039026,0.00025096
1558039028,0.00025096
1558039030,0.00025096
1558039032,0.000248705
1558039034,0.000248705
1558039036,0.00025096
1558039038,0.00025096
1558039040,0.000248705
1558039042,0.00025096
1558039044,0.000248705
1558039046,0.000248705
1558039048,0.000248705
1558039050,0.000248705
1558039052,0.000245871
1558039054,0.000245871
1558039056,0.000245871
1558039058,0.000245871
1558039060,0.000245871
1558039062,0.000240342
1558039064,0.000243818
1558039066,0.000243818
1558039068,0.000243818
1558039070,0.000245871
1558039072,0.000245871
1558039074,0.000248705
1558039076,0.00025096
1558039078,0.000248705
1558039080,0.00025096
1558039082,0.000248705
1558039084,0.00025096
1558039086,0.00025096
1558039088,0.000248705
1558039090,0.000248705
1558039092,0.000248705
1558039094,0.000248705
1558039096,0.000248705
1558039098,0.000248705
1558039100,0.000248705
1558039102,0.000247489
1558039104,0.000248705
1558039106,0.000247489
1558039108,0.000247489
1558039110,0.000247489
1558039112,0.000247489
1558039114,0.000247489
1558039116,0.000245871
1558039118,0.000245871
1558039120,0.000247489
1558039122,0.000248705
1558039124,0.000248705
1558039126,0.000248705
1558039128,0.000247489
1558039130,0.000247489
1558039132,0.000247489
1558039134,0.000245871
1558039136,0.000245871
1558039138,0.000243818
1558039140,0.000243818
1558039142,0.000245871
1558039144,0.000243818
1558039146,0.000245871
1558039148,0.000245871
1558039150,0.000245871
1558039152,0.000247489
1558039154,0.000245871
1558039156,0.000245871
1558039158,0.000245871
1558039160,0.000243818
1558039162,0.000245871
1558039164,0.000243921
1558039166,0.000243921
1558039168,0.000243921
1558039170,0.000243921
1558039172,0.000243921
1558039174,0.000243818
1558039176,0.000243818
1558039178,0.000243818
1558039180,0.000243818
1558039182,0.000243818
1558039184,0.000243818
1558039186,0.000243818
1558039188,0.000243818
1558039190,0.000243818
1558039192,0.000243921
1558039194,0.000243921
1558039196,0.000243921
1558039198,0.000243818
1558039200,0.000243921
1558039202,0.000243818
1558039204,0.000243818
1558039206,0.00024366
1558039208,0.000243818
1558039210,0.000243818
1558039212,0.00024366
1558039214,0.000243818
1558039216,0.00024366
1558039218,0.00024366
1558039220,0.00024366
1558039222,0.00024366
1558039224,0.000243818
1558039226,0.00024366
1558039228,0.000243818
1558039230,0.000243818
1558039232,0.00024366
1558039234,0.00024366
1558039236,0.00024366
1558039238,0.000243301
1558039240,0.00024366
1558039242,0.00024366
1558039244,0.000243301
1558039246,0.00024366
1558039248,0.000243301
1558039250,0.00024366
1558039252,0.00024366
1558039254,0.000243301
1558039256,0.000243301
1558039258,0.00024305
1558039260,0.000243301
1558039262,0.000243301
1558039264,0.00024366
1558039266,0.00024366
1558039268,0.000243818
1558039270,0.000243921
1558039272,0.000243818
1558039274,0.000243818
1558039276,0.000243921
1558039278,0.000243921
1558039280,0.000243818
1558039282,0.000243818
1558039284,0.00024366
1558039286,0.00024366
1558039288,0.000243818
1558039290,0.000243818
1558039292,0.00024366
1558039294,0.000243301
1558039296,0.000243301
1558039298,0.000243301
1558039300,0.00024366
1558039302,0.000243301
1558039304,0.00024305
1558039306,0.00024305
1558039308,0.00024305
1558039310,0.00024305
1558039312,0.00024305
1558039314,0.00024305
1558039316,0.00024305
1558039318,0.000243301
1558039320,0.000243301
1558039322,0.000243301
1558039324,0.000243301
1558039326,0.00024305
1558039328,0.000240342
1558039330,0.00024305
1558039332,0.000240342
1558039334,0.000240342
1558039336,0.00024305
1558039338,0.000240342
1558039340,0.000240342
1558039342,0.000240342
1558039344,0.000238807
1558039346,0.000240342
1558039348,0.00024305
1558039350,0.000243301
1558039352,0.000243301
1558039354,0.00024366
1558039356,0.000243301
1558039358,0.000243301
1558039360,0.00024366
1558039362,0.000243301
1558039364,0.000243301
1558039366,0.000243818
1558039368,0.00024366
1558039370,0.000243818
1558039372,0.00024366
1558039374,0.00024366
1558039376,0.00024366
1558039378,0.000243818
1558039380,0.000243818
1558039382,0.000243921
1558039384,0.000243818
1558039386,0.00024366
1558039388,0.00024366
1558039390,0.000243818
1558039392,0.000243818
1558039394,0.00024366
1558039396,0.000243301
1558039398,0.00024366
1558039400,0.00024366
1558039402,0.00024366
1558039404,0.000243301
1558039406,0.000243301
1558039408,0.00024366
1558039410,0.00024305
1558039412,0.000240342
1558039414,0.000240342
1558039416,0.000240342
1558039418,0.000240342
1558039420,0.00024305
1558039422,0.000240342
1558039424,0.000237825
1558039426,0.000237825
1558039428,0.000237825
1558039430,0.000237825
1558039432,0.000237825
1558039434,0.000237825
1558039436,0.000237355
1558039438,0.000236567
1558039440,0.000233236
1558039442,0.000233236
1558039444,0.000233236
1558039446,0.00023159
1558039448,0.00023159
1558039450,0.00023159
1558039452,0.000231362
1558039454,0.000229356
1558039456,0.000231362
1558039458,0.00023159
1558039460,0.000231362
1558039462,0.000231362
1558039464,0.000231362
1558039466,0.00023159
1558039468,0.000231362
1558039470,0.000231362
1558039472,0.000231362
1558039474,0.000229356
1558039476,0.000231362
1558039478,0.000229356
1558039480,0.000231362
1558039482,0.000231362
1558039484,0.000231362
1558039486,0.00023159
1558039488,0.000231362
1558039490,0.000229356
1558039492,0.000228694
1558039494,0.000227063
1558039496,0.000227063
1558039498,0.000228694
1558039500,0.000229356
1558039502,0.000229356
1558039504,0.000229356
1558039506,0.000229356
1558039508,0.000231362
1558039510,0.000231362
1558039512,0.000231362
1558039514,0.000229356
1558039516,0.000228694
1558039518,0.000227063
1558039520,0.000227063
1558039522,0.000227063
1558039524,0.000227063
1558039526,0.000227063
1558039528,0.000226916
1558039530,0.000226916
1558039532,0.000227063
1558039534,0.000227063
1558039536,0.000228694
1558039538,0.000228694
1558039558,0.000227063
1558039560,0.000227063
1558039562,0.000227063
1558039564,0.000227063
1558039566,0.000228694
1558039568,0.000229356
1558039570,0.000229356
1558039572,0.000231362
1558039574,0.000231362
1558039576,0.000231362
1558039578,0.000231362
1558039580,0.000231362
1558039582,0.000229356
1558039584,0.000229356
1558039586,0.000229356
1558039588,0.000229356
1558039590,0.000228694
1558039592,0.000227063
1558039594,0.000228694
1558039596,0.000227063
1558039598,0.000227063
1558039600,0.000226916
1558039602,0.000227063
1558039604,0.000227063
1558039606,0.00022838
1558039608,0.000228694
1558039610,0.000229356
1558039612,0.000228694
1558039614,0.000228694
1558039616,0.000229356
1558039618,0.000228694
1558039620,0.000228694
1558039622,0.000227063
1558039624,0.000226916
1558039626,0.000226916
1558039628,0.000226916
1558039630,0.000226403
1558039632,0.000222179
1558039634,0.000226916
1558039636,0.000226916
1558039638,0.000226916
1558039640,0.000226916
1558039642,0.000222179
1558039644,0.000222179
1558039646,0.000226916
1558039648,0.000227063
1558039650,0.000222179
1558039652,0.000222179
1558039654,0.000226916
1558039656,0.000226916
1558039658,0.000226916
1558039660,0.000222179
1558039662,0.000222179
1558039664,0.000222179
1558039666,0.000226916
1558039668,0.000222179
1558039670,0.000226916
1558039672,0.000226916
1558039674,0.000222179
1558039676,0.000222179
1558039678,0.000222179
1558039680,0.000222179
1558039682,0.000226916
1558039684,0.000226916
1558039686,0.000222179
1558039688,0.000227063
1558039690,0.00022838
1558039692,0.000229356
1558039694,0.00022838
1558039696,0.000229469
1558039698,0.000229469
1558039700,0.000231099
1558039702,0.00023159
1558039708,0.000231099
1558039710,0.000231099
1558039712,0.00023159
1558039714,0.000231099
1558039716,0.000231099
1558039718,0.000231099
1558039720,0.000231099
1558039722,0.000232215
1558039724,0.000232215
1558039726,0.000232215
1558039728,0.000232215
1558039730,0.000233236
1558039732,0.000233236
1558039734,0.000232215
1558039736,0.000232215
1558039738,0.000232215
1558039740,0.000232215
1558039742,0.000232215
1558039744,0.000232215
1558039746,0.000231099
1558039748,0.000231099
1558039750,0.000231099
1558039752,0.000231099
1558039754,0.000231099
1558039756,0.000231099
1558039758,0.000230447
1558039760,0.000230447
1558039762,0.000230447
1558039764,0.000229469
1558039766,0.000229469
1558039768,0.000229356
1558039770,0.000229469
1558039772,0.000229356
1558039774,0.000229469
1558039776,0.000230447
1558039778,0.000230447
1558039780,0.000229469
1558039782,0.000230447
1558039784,0.000229469
1558039786,0.000229356
1558039788,0.00022838
1558039790,0.00022838
1558039792,0.000229356
1558039794,0.000229356
1558039796,0.000229356
1558039798,0.000229356
1558039800,0.000229356
1558039802,0.000229356
1558039804,0.00022838
1558039806,0.000229356
1558039808,0.00022838
1558039810,0.000229356
1558039812,0.00022838
1558039814,0.000226916
1558039816,0.00022514
1558039818,0.00022445
1558039820,0.00022514
1558039822,0.000226916
1558039824,0.000226916
1558039826,0.000226916
1558039828,0.000226916
1558039830,0.000226916
1558039832,0.00022838
1558039834,0.00022838
1558039836,0.00022838
1558039838,0.000229356
1558039840,0.00022838
1558039842,0.00022838
1558039844,0.000226916
1558039846,0.00022838
1558039848,0.00022838
1558039850,0.00022838
1558039852,0.000226916
1558039854,0.00022514
1558039856,0.000226916
1558039858,0.000226916
1558039860,0.00022838
1558039862,0.000229356
1558039864,0.000229469
1558039866,0.000230447
1558039868,0.000230447
1558039870,0.000230447
1558039872,0.000231099
1558039874,0.000231099
1558039876,0.000231099
1558039878,0.000231099
1558039880,0.000230819
1558039882,0.000231099
1558039884,0.000231099
1558039886,0.000232215
1558039888,0.000232215
1558039890,0.000232215
1558039892,0.000232215
1558039894,0.000232215
1558039896,0.000232215
1558039898,0.000232215
1558039900,0.000232215
1558039902,0.000232215
1558039904,0.000232215
1558039906,0.000235532
1558039908,0.00023573
1558039910,0.000236323
1558039912,0.000236323
1558039914,0.000236323
1558039916,0.00023573
1558039918,0.000236323
1558039920,0.000236323
1558039922,0.00023573
1558039924,0.000235532
1558039926,0.00023573
1558039928,0.000236323
1558039948,0.000233891
1558039960,0.000235532
1558039962,0.000235532
1558039964,0.000235532
1558039966,0.00023573
1558039968,0.000236323
1558039970,0.000236397
1558039972,0.000236397
1558039974,0.000236397
1558039976,0.000236397
1558039978,0.000236834
1558039980,0.000236834
1558039982,0.000236834
1558039984,0.000236397
1558039986,0.000236834
1558039988,0.000236834
1558039990,0.000236397
1558039992,0.000236397
1558039994,0.000236397
1558039996,0.000236397
1558039998,0.000236397
1558040000,0.000236397
1558040002,0.000236834
1558040004,0.000236834
1558040006,0.000236397
1558040008,0.000236323
1558040010,0.000236323
1558040012,0.000236323
1558040014,0.000236323
1558040016,0.00023573
1558040018,0.00023573
1558040020,0.000236323
1558040022,0.000236397
1558040024,0.000236397
1558040026,0.000236397
1558040028,0.000236834
1558040030,0.000236846
1558040032,0.000236846
1558040034,0.000236834
1558040036,0.000239273
1558040038,0.000239273
1558040040,0.000239586
1558040042,0.000239273
1558040044,0.000239273
1558040046,0.000239273
1558040048,0.000236846
1558040050,0.000236846
1558040052,0.000239273
1558040054,0.000239273
1558040056,0.000239273
1558040058,0.000236846
1558040060,0.000236846
1558040062,0.000236846
1558040064,0.000236846
1558040066,0.000236846
1558040068,0.000236397
1558040070,0.000236397
1558040072,0.000236397
1558040074,0.000236834
1558040076,0.000236834
1558040078,0.000236846
1558040080,0.000236846
1558040082,0.000239273
1558040084,0.000236846
1558040086,0.000236834
1558040088,0.000236834
1558040090,0.000236846
1558040092,0.000236846
1558040094,0.000236834
1558040096,0.000236834
1558040098,0.000236846
1558040100,0.000236834
1558040102,0.000236846
1558040104,0.000236846
1558040106,0.000239273
1558040108,0.000236846
1558040110,0.000239586
1558040112,0.000239273
1558040114,0.000239273
1558040116,0.000239586
1558040118,0.000239586
1558040120,0.000239586
1558040122,0.000239865
1558040124,0.000239586
1558040126,0.000239273
1558040128,0.000239273
1558040130,0.000236846
1558040132,0.000236846
1558040134,0.000236846
1558040136,0.000239273
1558040138,0.000236846
1558040140,0.000239273
1558040142,0.000236846
1558040144,0.000236834
1558040146,0.000236397
1558040148,0.000236397
1558040150,0.000236397
1558040152,0.000236834
1558040154,0.000236834
1558040156,0.000236846
1558040158,0.000236846
1558040160,0.000236834
1558040162,0.000236834
1558040164,0.000236834
1558040166,0.000236397
1558040168,0.000236397
1558040170,0.000236397
1558040172,0.000236397
1558040174,0.000236397
1558040176,0.000236834
1558040178,0.000236397
1558040180,0.000236846
1558040182,0.000236846
1558040184,0.000236846
1558040186,0.000236846
1558040188,0.0002385
1558040190,0.000236846
1558040192,0.000236846
1558040194,0.000236846
1558040196,0.000236846
1558040198,0.000236397
1558040200,0.000236323
1558040202,0.000236397
1558040204,0.000236397
1558040206,0.000236846
1558040208,0.000236397
1558040210,0.000236846
1558040212,0.000236397
1558040214,0.000236323
1558040216,0.000236288
1558040218,0.000236323
1558040220,0.000236397
1558040222,0.000236397
1558040224,0.000236323
1558040226,0.000236323
1558040228,0.000236323
1558040230,0.000236288
1558040232,0.000236288
1558040234,0.00023573
1558040236,0.000234416
1558040238,0.00023573
1558040240,0.00023573
1558040242,0.000234416
1558040244,0.000234416
1558040246,0.00023573
1558040248,0.00023573
1558040250,0.000236288
1558040252,0.000236288
1558040254,0.000236288
1558040256,0.000236397
1558040258,0.000236397
1558040260,0.000236397
1558040262,0.000236288
1558040264,0.000236288
1558040266,0.000236288
1558040268,0.00023573
1558040270,0.000233929
1558040272,0.000233929
1558040274,0.000233929
1558040276,0.000233929
1558040278,0.000234416
1558040280,0.000234416
1558040282,0.000236288
1558040284,0.000236288
1558040286,0.000236288
1558040288,0.000236288
1558040290,0.000234416
1558040292,0.000234416
1558040294,0.000233929
1558040296,0.000234416
1558040298,0.000236288
1558040300,0.000234416
1558040302,0.000233929
1558040304,0.000231865
1558040306,0.000230927
1558040308,0.000230927
1558040310,0.000231865
1558040312,0.000231865
1558040314,0.000230927
1558040316,0.000230927
1558040318,0.000230927
1558040320,0.000230819
1558040322,0.000230355
1558040324,0.000228817
1558040326,0.000228817
1558040328,0.000226757
1558040330,0.000228817
1558040332,0.000228817
1558040334,0.000228817
1558040336,0.000226757
1558040338,0.000226757
1558040340,0.000226627
1558040342,0.000226469
1558040344,0.000226469
1558040346,0.000226375
1558040348,0.000225483
1558040350,0.000225011
1558040352,0.000224786
1558040354,0.0002241
1558040356,0.000221708
1558040358,0.0002241
1558040360,0.0002241
1558040362,0.000221708
1558040364,0.0002241
1558040366,0.0002241
1558040368,0.0002241
1558040370,0.0002241
1558040372,0.0002241
1558040374,0.000224786
1558040376,0.000224786
1558040378,0.000225011
1558040380,0.000224786
1558040382,0.000224786
1558040384,0.0002241
1558040386,0.0002241
1558040388,0.0002241
1558040390,0.0002241
1558040392,0.000221708
1558040394,0.000221708
1558040396,0.00022143
1558040398,0.0002241
1558040400,0.0002241
1558040402,0.0002241
1558040404,0.000221708
1558040406,0.0002241
1558040408,0.0002241
1558040410,0.000221708
1558040412,0.00022143
1558040414,0.000221708
1558040416,0.0002241
1558040418,0.000221708
1558040420,0.0002241
1558040422,0.000221708
1558040424,0.00022143
1558040426,0.00022143
1558040442,0.000221214
1558040468,0.000221214
1558040470,0.000221211
1558040472,0.000219339
1558040474,0.000217928
1558040476,0.000217928
1558040478,0.000217928
1558040480,0.000217018
1558040482,0.000217928
1558040484,0.000219339
1558040486,0.000217928
1558040488,0.000217018
1558040490,0.000215875
1558040492,0.000215875
1558040494,0.000217018
1558040496,0.000217018
1558040498,0.000217928
1558040502,0.000217018
1558040504,0.000215875
1558040506,0.000215875
1558040508,0.000217018
1558040510,0.000217928
1558040512,0.000217928
1558040514,0.000217928
1558040516,0.000217928
1558040524,0.000221214
1558040532,0.000219339
1558040556,0.000219339
1558040558,0.000219339
1558040560,0.000219339
1558040562,0.000219339
1558040564,0.000217928
1558040566,0.000217928
1558040568,0.000217333
1558040570,0.000217018
1558040572,0.000217333
1558040574,0.000217018
1558040576,0.000217018
1558040578,0.000217018
1558040580,0.000215875
1558040582,0.000214905
1558040584,0.000215875
1558040586,0.000215875
1558040588,0.000215875
1558040590,0.000217018
1558040592,0.000217018
1558040594,0.000215875
1558040596,0.000217018
1558040598,0.000215875
1558040600,0.000215875
1558040602,0.000217018
1558040604,0.000217018
1558040606,0.000217018
1558040608,0.000217018
1558040610,0.000217018
1558040612,0.000215875
1558040614,0.000215875
1558040616,0.000215478
1558040618,0.000214905
1558040620,0.000215478
1558040622,0.000215875
1558040624,0.000217018
1558040626,0.000217018
1558040628,0.000217018
1558040630,0.000215875
1558040632,0.000215875
1558040634,0.000215478
1558040636,0.000214905
1558040638,0.000215478
1558040640,0.000215875
1558040642,0.000217018
1558040644,0.000217018
1558040646,0.000217018
1558040648,0.000217018
1558040650,0.000217333
1558040652,0.000217018
1558040654,0.000217018
1558040656,0.000215875
1558040658,0.000217018
1558040660,0.000217333
1558040662,0.000217333
1558040664,0.000217333
1558040666,0.000217928
1558040668,0.000217928
1558040670,0.000217928
1558040672,0.000217928
1558040674,0.000217996
1558040676,0.000217928
1558040678,0.000217928
1558040680,0.000217333
1558040682,0.000217333
1558040684,0.000217333
1558040686,0.000217018
1558040688,0.000217333
1558040690,0.000217928
1558040692,0.000217996
1558040694,0.000217996
1558040696,0.000217928
1558040698,0.000217928
1558040700,0.000217928
1558040702,0.000219228
1558040704,0.000221211
1558040706,0.00022143
1558040708,0.000221501
1558040710,0.000221501
1558040712,0.000221708
1558040714,0.000221501
1558040716,0.000221708
1558040718,0.000221501
1558040720,0.000221708
1558040722,0.000221501
1558040724,0.000221501
1558040726,0.00022143
1558040728,0.000221211
1558040730,0.00022143
1558040732,0.00022143
1558040734,0.000221501
1558040736,0.000221708
1558040738,0.000221708
1558040740,0.000221501
1558040742,0.000221708
1558040744,0.000221708
1558040746,0.000222198
1558040748,0.000222198
1558040750,0.000222198
1558040752,0.000222198
1558040754,0.000221708
1558040756,0.000221501
1558040758,0.000221211
1558040760,0.000221211
1558040762,0.000221211
1558040764,0.00022143
1558040766,0.000221501
1558040768,0.000221501
1558040770,0.000222198
1558040772,0.000222198
1558040774,0.000222198
1558040776,0.000222198
1558040778,0.000223317
1558040780,0.000225011
1558040782,0.000225011
1558040784,0.000225011
1558040786,0.000225011
1558040788,0.000223317
1558040790,0.000225011
1558040792,0.000225011
1558040794,0.000223317
1558040796,0.000223317
1558040798,0.000226345
1558040802,0.000226469
1558040804,0.000226469
1558040806,0.000226345
1558040808,0.000226867
1558040810,0.000226345
1558040812,0.000226867
1558040814,0.000226867
1558040816,0.000226867
1558040818,0.000227389
1558040820,0.000228424
1558040822,0.000228424
1558040824,0.000229587
1558040826,0.000228424
1558040828,0.000229587
1558040830,0.000229986
1558040832,0.000230628
1558040834,0.000232219
1558040836,0.000232219
1558040838,0.000232219
1558040840,0.000230628
1558040842,0.000232219
1558040844,0.00023199
1558040846,0.000230628
1558040848,0.000230628
1558040850,0.000229986
1558040852,0.000229587
1558040854,0.000229587
1558040856,0.000229587
1558040858,0.000229986
1558040860,0.000229986
1558040862,0.000229587
1558040864,0.000229986
1558040866,0.000230628
1558040868,0.000230628
1558040870,0.00023199
1558040872,0.00023199
1558040874,0.00023199
1558040876,0.00023199
1558040878,0.000229986
1558040880,0.000229986
1558040882,0.000230628
1558040884,0.000229986
1558040886,0.000229986
1558040888,0.000230628
1558040890,0.000230628
1558040892,0.000230628
1558040894,0.000230628
1558040896,0.000230628
1558040898,0.000229986
1558040900,0.000230628
1558040902,0.000230628
1558040904,0.000230628
1558040906,0.000230628
1558040908,0.000229986
1558040910,0.000229986
1558040912,0.000229986
1558040914,0.000230628
1558040916,0.000230628
1558040918,0.00023199
1558040920,0.000232219
1558040922,0.000234769
1558040924,0.000234769
1558040926,0.000238401
1558040928,0.000238401
1558040930,0.000234769
1558040932,0.000232219
1558040934,0.000232219
1558040936,0.000234769
1558040938,0.000234769
1558040940,0.000234769
1558040942,0.000234769
1558040944,0.000234769
1558040946,0.000234769
1558040948,0.000232219
1558040950,0.00023199
1558040952,0.00023199
1558040954,0.00023199
1558040956,0.00023199
1558040958,0.00023199
1558040960,0.00023199
1558040962,0.00023199
1558040964,0.00023199
1558040966,0.00023199
1558040968,0.00023199
1558040970,0.000230628
1558040972,0.000229986
1558040974,0.000229986
1558040976,0.000230628
1558040978,0.00023199
1558040980,0.000230628
1558040982,0.000230628
1558040984,0.000230628
1558040986,0.000230628
1558040988,0.000230628
1558040990,0.000230628
1558040992,0.000229986
1558040994,0.000230628
1558040996,0.00023199
1558040998,0.000232219
1558041000,0.000232219
1558041002,0.000232219
1558041004,0.000234769
1558041006,0.000238401
1558041008,0.000238401
1558041010,0.000238905
1558041012,0.000238905
1558041014,0.000238981
1558041016,0.000240416
1558041018,0.000238981
1558041020,0.000240416
1558041022,0.00024176
1558041024,0.000240416
1558041026,0.00024176
1558041028,0.00024176
1558041030,0.00024176
1558041032,0.00024176
1558041034,0.00024218
1558041036,0.00024218
1558041038,0.00024218
1558041040,0.00024176
1558041042,0.00024218
1558041044,0.000245127
1558041046,0.000245127
1558041048,0.000247475
1558041050,0.000249356
1558041052,0.000249356
1558041054,0.000249356
1558041056,0.000247475
1558041058,0.000247475
1558041060,0.000247475
1558041062,0.000247475
1558041064,0.000247475
1558041066,0.000249356
1558041068,0.000247475
1558041070,0.000246302
1558041072,0.000246302
1558041074,0.000245127
1558041076,0.000243321
1558041078,0.000243321
1558041080,0.00024176
1558041082,0.00024176
1558041084,0.00024176
1558041086,0.000243321
1558041088,0.000243321
1558041090,0.000243321
1558041092,0.000245127
1558041094,0.000245127
1558041096,0.000243321
1558041098,0.000243321
1558041100,0.00024176
1558041102,0.00024176
1558041104,0.000243321
1558041106,0.000245127
1558041108,0.000245127
1558041110,0.000245127
1558041112,0.000246302
1558041114,0.000246302
1558041116,0.000247475
1558041118,0.000248319
1558041120,0.000248319
1558041122,0.000247475
1558041124,0.000248319
1558041126,0.000249356
1558041128,0.000248319
1558041130,0.000248319
1558041132,0.000248319
1558041134,0.000248319
1558041136,0.000248319
1558041138,0.000246302
1558041140,0.000246302
1558041142,0.000245127
1558041144,0.000245127
1558041146,0.000245127
1558041148,0.000248319
1558041150,0.000246302
1558041152,0.000248319
1558041154,0.000246302
1558041156,0.000248319
1558041158,0.000248319
1558041160,0.000248319
1558041162,0.000248319
1558041164,0.000246302
1558041166,0.000245127
1558041168,0.000245127
1558041170,0.000246302
1558041172,0.000245127
1558041174,0.000246302
1558041176,0.000248319
1558041178,0.000249356
1558041180,0.000248319
1558041182,0.000246302
1558041184,0.000248319
1558041186,0.000250844
1558041188,0.000251266
1558041190,0.000251266
1558041192,0.000251266
1558041194,0.000251266
1558041196,0.000251266
1558041198,0.000249356
1558041200,0.000248319
1558041202,0.000248319
1558041204,0.000246302
1558041206,0.000246302
1558041208,0.000245127
1558041210,0.000246302
1558041212,0.000246302
1558041214,0.000245127
1558041216,0.000245127
1558041218,0.000245127
1558041220,0.000246302
1558041222,0.000245127
1558041224,0.000246302
1558041226,0.000248319
1558041228,0.000248319
1558041230,0.000251266
1558041232,0.000251266
1558041234,0.000251266
1558041236,0.000251266
1558041238,0.000251559
1558041240,0.000251266
1558041242,0.000248319
1558041244,0.000248319
1558041246,0.000246302
1558041248,0.00024746
1558041250,0.00024746
1558041252,0.00024746
1558041254,0.00024746
1558041256,0.00024746
1558041258,0.000246302
1558041260,0.00024746
1558041262,0.00024746
1558041264,0.00024746
1558041266,0.00024746
1558041268,0.00024746
1558041270,0.00024746
1558041272,0.000248319
1558041274,0.000248319
1558041276,0.000248319
1558041278,0.000248319
1558041280,0.00024746
1558041282,0.00024746
1558041284,0.000246302
1558041286,0.00024746
1558041288,0.000248319
1558041290,0.000249795
1558041292,0.00024746
1558041294,0.000246302
1558041296,0.000246302
1558041298,0.000246302
1558041300,0.000246302
1558041302,0.000246302
1558041304,0.000246302
1558041306,0.000248319
1558041308,0.000248319
1558041310,0.000248319
1558041312,0.000248319
1558041314,0.000248319
1558041316,0.000248319
1558041318,0.000249795
1558041320,0.000248319
1558041322,0.00024746
1558041324,0.00024746
1558041326,0.000246302
1558041328,0.000246098
1558041330,0.000246302
1558041332,0.00024746
1558041334,0.000248319
1558041336,0.000248319
1558041338,0.000249795
1558041340,0.000251266
1558041342,0.000251266
1558041344,0.000251266
1558041346,0.000251266
1558041348,0.000249795
1558041350,0.000248319
1558041352,0.00024746
1558041354,0.000248319
1558041356,0.000248319
1558041358,0.000248319
1558041360,0.000249795
1558041362,0.000251266
1558041364,0.000249795
1558041366,0.000248319
1558041368,0.000248319
1558041370,0.000249795
1558041372,0.000249795
1558041374,0.000249795
1558041376,0.000248319
1558041378,0.000249795
1558041380,0.000251266
1558041382,0.000251266
1558041384,0.000251266
1558041386,0.000251559
1558041388,0.000251559
1558041390,0.000251266
1558041392,0.000251266
1558041394,0.000251559
1558041396,0.0002519
1558041398,0.0002519
1558041400,0.000252494
1558041402,0.0002519
1558041404,0.000251559
1558041406,0.000251559
1558041408,0.000251266
1558041410,0.000249795
1558041412,0.000249795
1558041414,0.000251266
1558041416,0.000251266
1558041418,0.000249795
1558041420,0.000251266
1558041422,0.000251559
1558041424,0.000251559
1558041426,0.000251559
1558041428,0.000251266
1558041430,0.000249795
1558041432,0.000249795
1558041434,0.00024746
1558041436,0.00024746
1558041438,0.00024746
1558041440,0.00024746
1558041442,0.000246302
1558041444,0.000245433
1558041446,0.000245433
1558041448,0.000245028
1558041450,0.000245028
1558041452,0.000243506
1558041454,0.000243506
1558041456,0.000243321
1558041458,0.000243321
1558041460,0.000243321
1558041462,0.000241719
1558041464,0.000241719
1558041466,0.000241719
1558041468,0.000242343
1558041470,0.000242343
1558041472,0.000242343
1558041474,0.000241719
1558041476,0.000241719
1558041478,0.000241719
1558041480,0.000241719
1558041482,0.000241719
1558041484,0.000241719
1558041486,0.000240981
1558041488,0.000240981
1558041490,0.000240981
1558041492,0.000241719
1558041494,0.000240981
1558041496,0.000241719
1558041498,0.000241719
1558041500,0.000242343
1558041502,0.000242343
1558041504,0.000241719
1558041506,0.000241719
1558041508,0.000242343
1558041510,0.000243506
1558041512,0.000243506
1558041514,0.000243506
1558041516,0.000242343
1558041518,0.000242343
1558041520,0.000241719
1558041522,0.000241719
1558041524,0.000242343
1558041526,0.000243506
1558041528,0.000243506
1558041530,0.000243506
1558041532,0.000243506
1558041534,0.000243506
1558041536,0.000243506
1558041538,0.000244701
1558041540,0.000242343
1558041542,0.000242343
1558041544,0.000242343
1558041546,0.000242343
1558041548,0.000242343
1558041550,0.000241719
1558041552,0.000242343
1558041554,0.000241719
1558041556,0.000241719
1558041558,0.000242343
1558041560,0.000244701
1558041562,0.000244701
1558041564,0.000245028
1558041566,0.000244701
1558041568,0.000245028
1558041570,0.000244701
1558041572,0.000245028
1558041574,0.000244701
1558041576,0.000242343
1558041578,0.000241339
1558041580,0.000240981
1558041582,0.000240031
1558041584,0.000240031
1558041586,0.000240031
1558041588,0.000240981
1558041590,0.000240031
1558041592,0.000240981
1558041594,0.000241339
1558041596,0.000241339
1558041598,0.000240981
1558041600,0.000241339
1558041602,0.000241339
1558041604,0.000241339
1558041606,0.000241339
1558041608,0.000242343
1558041610,0.000241339
1558041612,0.000241339
1558041614,0.000241339
1558041616,0.000240981
1558041618,0.000240981
1558041620,0.000240981
1558041622,0.000236352
1558041624,0.000236352
1558041626,0.000239086
1558041628,0.000239086
1558041630,0.000239086
1558041632,0.000239086
1558041634,0.000239086
1558041636,0.000236352
1558041638,0.000236352
1558041640,0.000236352
1558041642,0.000239045
1558041644,0.000239045
1558041646,0.000236352
1558041648,0.000236352
1558041650,0.000239045
1558041652,0.000236352
1558041654,0.000236352
1558041656,0.000239045
1558041658,0.000236352
1558041660,0.000236352
1558041662,0.000236352
1558041664,0.000236352
1558041666,0.000239045
1558041668,0.000236352
1558041670,0.000239045
1558041672,0.000239045
1558041674,0.000239086
1558041676,0.000240981
1558041678,0.000240981
1558041680,0.000240981
1558041682,0.000240981
1558041684,0.000241339
1558041686,0.000241339
1558041688,0.000242343
1558041690,0.000242343
1558041692,0.000242343
1558041694,0.000242343
1558041696,0.000241339
1558041698,0.000240981
1558041700,0.000241339
1558041702,0.000240981
1558041704,0.000241339
1558041706,0.000241339
1558041708,0.000242343
1558041710,0.000242343
1558041712,0.000242343
1558041714,0.000242723
1558041716,0.000242723
1558041718,0.000242343
1558041720,0.000242343
1558041722,0.000241339
1558041724,0.000242343
1558041726,0.000242723
1558041728,0.000242343
1558041730,0.000242343
1558041732,0.000241339
1558041734,0.000242343
1558041736,0.000241339
1558041738,0.000241339
1558041740,0.000240981
1558041742,0.000239086
1558041744,0.000239086
1558041746,0.000239045
1558041748,0.000236352
1558041750,0.000236035
1558041752,0.000236035
1558041754,0.000236035
1558041756,0.000236352
1558041758,0.000239045
1558041760,0.000239045
1558041762,0.000239045
1558041764,0.000236035
1558041766,0.000234431
1558041768,0.000233185
1558041770,0.000233158
1558041772,0.000233185
1558041774,0.000233158
1558041776,0.000231934
1558041778,0.00023136
1558041780,0.00023136
1558041782,0.000231934
1558041784,0.000233158
1558041786,0.000233185
1558041788,0.000233185
1558041790,0.000233185
1558041792,0.000233185
1558041794,0.000233158
1558041796,0.000233158
1558041798,0.000233185
1558041800,0.000233185
1558041802,0.000233158
1558041804,0.000233185
1558041806,0.000233185
1558041808,0.000234431
1558041810,0.000235872
1558041812,0.000235872
1558041814,0.000234431
1558041816,0.000235872
1558041818,0.000235872
1558041820,0.000235872
1558041822,0.000235872
1558041824,0.000236035
1558041826,0.000235872
1558041828,0.000234431
1558041830,0.000234431
1558041832,0.000234431
1558041834,0.000233185
1558041836,0.000234431
1558041838,0.000235872
1558041840,0.000234431
1558041842,0.000235872
1558041844,0.000236035
1558041846,0.000236352
1558041848,0.000236352
1558041850,0.000235872
1558041852,0.000236035
1558041854,0.000235872
1558041856,0.000234431
1558041858,0.000234431
1558041860,0.000233185
1558041862,0.000233185
1558041864,0.000234431
1558041866,0.000236035
1558041868,0.000236352
1558041870,0.000236035
1558041872,0.000235872
1558041874,0.000236035
1558041876,0.000235872
1558041878,0.000236035
1558041880,0.000235872
1558041882,0.000235872
1558041884,0.000235872
1558041886,0.000235872
1558041888,0.000235872
1558041890,0.000235872
1558041892,0.000236035
1558041894,0.000236035
1558041896,0.000236035
1558041898,0.000236035
1558041900,0.000236035
1558041902,0.000235872
1558041904,0.000235872
1558041906,0.000235872
1558041908,0.000235872
1558041910,0.000234431
1558041912,0.000234431
1558041914,0.000233185
1558041916,0.000234431
1558041918,0.000233185
1558041920,0.000233185
1558041922,0.000233185
1558041924,0.000233158
1558041926,0.000233185
1558041928,0.000234431
1558041930,0.000235872
1558041932,0.000234431
1558041934,0.000234431
1558041936,0.000234431
1558041938,0.000234431
1558041940,0.000234431
1558041942,0.000234431
1558041944,0.000235872
1558041946,0.000234431
1558041948,0.000233185
1558041950,0.000233185
1558041952,0.000233158
1558041954,0.000233158
1558041956,0.000233185
1558041958,0.000235872
1558041960,0.000236035
1558041962,0.000236035
1558041964,0.000235872
1558041966,0.000236035
1558041968,0.000235872
1558041970,0.000233185
1558041972,0.000233185
1558041974,0.000233185
1558041976,0.000233185
1558041978,0.000233185
1558041980,0.000233185
1558041982,0.000233158
1558041984,0.00023136
1558041986,0.00023136
1558041988,0.000233158
1558041990,0.000233158
1558041992,0.000233158
1558041994,0.000232729
1558041996,0.000232729
1558041998,0.000232729
1558042000,0.00023136
1558042002,0.000230786
1558042004,0.000226278
1558042006,0.000230786
1558042008,0.000226278
1558042010,0.000230786
1558042012,0.000232729
1558042014,0.000232729
1558042016,0.000232729
1558042018,0.000232729
1558042020,0.000232729
1558042022,0.000233158
1558042024,0.000232729
1558042026,0.00023136
1558042028,0.00023136
1558042030,0.000230786
1558042032,0.000230786
1558042034,0.000230786
1558042036,0.000230786
1558042038,0.000230786
1558042040,0.000226278
1558042042,0.000223973
1558042044,0.00021992
1558042046,0.000219403
1558042048,0.000219403
1558042050,0.000219403
1558042052,0.000219029
1558042054,0.000219029
1558042056,0.000219403
1558042058,0.00021992
1558042060,0.00021992
1558042062,0.000223973
1558042064,0.000223973
1558042066,0.000226278
1558042068,0.000226278
1558042070,0.000226278
1558042072,0.000226278
1558042074,0.000229193
1558042076,0.000232729
1558042078,0.000229193
1558042080,0.000232729
1558042082,0.000229193
1558042084,0.000229193
1558042086,0.000232729
1558042088,0.000232729
1558042090,0.000229193
1558042092,0.000229193
1558042094,0.000226278
1558042096,0.000226278
1558042098,0.000226278
1558042100,0.000226278
1558042102,0.000226278
1558042104,0.000226278
1558042106,0.000229193
1558042108,0.000226278
1558042110,0.000229193
1558042112,0.000226278
1558042114,0.000226278
1558042116,0.000226278
1558042118,0.000226278
1558042120,0.000226278
1558042122,0.000224177
1558042124,0.000224177
1558042126,0.000224177
1558042128,0.000224177
1558042130,0.000224177
1558042132,0.000223973
1558042134,0.000223973
1558042136,0.000223973
1558042138,0.000223973
1558042140,0.000224177
1558042142,0.000223973
1558042144,0.000222343
1558042146,0.000222343
1558042148,0.000223973
1558042150,0.000224177
1558042152,0.000224177
1558042154,0.000224177
1558042156,0.000223973
1558042158,0.000222343
1558042160,0.000222343
1558042162,0.000219403
1558042164,0.000222343
1558042166,0.000223973
1558042168,0.000222343
1558042170,0.000222343
1558042172,0.000219403
1558042174,0.000219403
1558042176,0.000222343
1558042178,0.000223973
1558042180,0.000223973
1558042182,0.000226278
1558042184,0.000226278
1558042186,0.000226278
1558042188,0.000229193
1558042190,0.000229193
1558042192,0.000229193
1558042194,0.000229193
1558042196,0.000229193
1558042198,0.000229193
1558042200,0.000229193
1558042202,0.000229193
1558042204,0.000229193
1558042206,0.000229193
1558042208,0.000231218
1558042210,0.000231218
1558042212,0.000231218
1558042214,0.000231218
1558042216,0.000231218
1558042218,0.000231218
1558042220,0.000231218
1558042222,0.000229193
1558042224,0.000226278
1558042226,0.000226278
1558042228,0.000226278
1558042230,0.000229193
1558042232,0.000231218
1558042234,0.000229193
1558042236,0.000229193
1558042238,0.000231385
1558042240,0.000232729
1558042242,0.000231385
1558042244,0.000231218
1558042246,0.000229193
1558042248,0.000231218
1558042250,0.000229193
1558042252,0.000229193
1558042254,0.000226278
1558042256,0.000226278
1558042258,0.000229193
1558042260,0.000229193
1558042262,0.00022966
1558042264,0.00022966
1558042266,0.000231218
1558042268,0.000231218
1558042270,0.000231218
1558042272,0.00022966
1558042274,0.00022966
1558042276,0.000231218
1558042278,0.000231218
1558042280,0.00022966
1558042282,0.000229193
1558042284,0.00022683
1558042286,0.00022683
1558042288,0.00022683
1558042290,0.00022683
1558042292,0.000229193
1558042294,0.000229193
1558042296,0.000229193
1558042298,0.00022683
1558042300,0.000226278
1558042302,0.000224177
1558042304,0.000224177
1558042306,0.000224177
1558042308,0.000226278
1558042310,0.000224177
1558042312,0.000226278
1558042314,0.000224177
1558042316,0.000224177
1558042318,0.000224177
1558042320,0.000226278
1558042322,0.00022683
1558042324,0.00022683
1558042326,0.000229193
1558042328,0.000229193
1558042330,0.00022966
1558042332,0.000229193
1558042334,0.00022966
1558042336,0.000231218
1558042338,0.000231385
1558042340,0.000232729
1558042342,0.000232729
1558042344,0.000232729
1558042346,0.000232729
1558042348,0.000233391
1558042350,0.000234266
1558042352,0.000236419
1558042354,0.000236419
1558042356,0.000236419
1558042358,0.000237585
1558042360,0.000240664
1558042362,0.000240664
1558042364,0.000237585
1558042366,0.000236419
1558042368,0.000234266
1558042370,0.000236419
1558042372,0.000237585
1558042374,0.000237585
1558042376,0.000237585
1558042378,0.000240664
1558042380,0.000240664
1558042382,0.000237585
1558042384,0.000237585
1558042386,0.000237585
1558042388,0.000237585
1558042390,0.000237585
1558042392,0.000237585
1558042394,0.000236419
1558042396,0.000234266
1558042398,0.000234266
1558042400,0.000233391
1558042402,0.000234266
1558042404,0.000236419
1558042406,0.000236419
1558042408,0.000236419
1558042410,0.000234266
1558042412,0.000234266
1558042414,0.000233391
1558042416,0.000234266
1558042418,0.000234266
1558042420,0.000234266
1558042422,0.000234266
1558042424,0.000233391
1558042426,0.000233391
1558042428,0.000232729
1558042430,0.000232723
1558042432,0.000232723
1558042434,0.000232723
1558042436,0.000233391
1558042438,0.000234266
1558042440,0.000236419
1558042442,0.000237585
1558042444,0.000237585
1558042446,0.000237585
1558042448,0.000236419
1558042450,0.000234266
1558042452,0.000234266
1558042454,0.000236419
1558042456,0.000236533
1558042458,0.000237585
1558042460,0.000237585
1558042462,0.000238034
1558042464,0.000238034
1558042466,0.000240208
1558042468,0.000238034
1558042470,0.000238034
1558042472,0.000238034
1558042474,0.000240208
1558042476,0.000238034
1558042478,0.000238034
1558042480,0.000238034
1558042482,0.000237585
1558042484,0.000238034
1558042486,0.000240208
1558042488,0.000238034
1558042490,0.000238034
1558042492,0.000237585
1558042494,0.000238034
1558042496,0.000238034
1558042498,0.000238034
1558042500,0.000238034
1558042502,0.000238034
1558042504,0.000238034
1558042506,0.000237585
1558042508,0.000237585
1558042510,0.000237585
1558042512,0.000238034
1558042514,0.000238034
1558042516,0.000238034
1558042518,0.000237585
1558042520,0.000237585
1558042522,0.000237585
1558042524,0.000237585
1558042526,0.000236533
1558042528,0.000236533
1558042530,0.000237585
1558042532,0.000237585
1558042534,0.000240208
1558042536,0.000240208
1558042538,0.000240208
1558042540,0.000241671
1558042542,0.000240208
1558042544,0.000238034
1558042546,0.000238034
1558042548,0.000238034
1558042550,0.000238034
1558042552,0.000238034
1558042554,0.000238034
1558042556,0.000238034
1558042558,0.000237585
1558042560,0.000237585
1558042562,0.000238034
1558042564,0.000237585
1558042566,0.000237585
1558042568,0.000237585
1558042570,0.000238034
1558042572,0.000237585
1558042574,0.000238034
1558042576,0.000240208
1558042578,0.000241671
1558042580,0.000241671
1558042582,0.000241671
1558042584,0.000241671
1558042586,0.000240208
1558042588,0.000240208
1558042590,0.000238034
1558042592,0.000236533
1558042594,0.000236533
1558042596,0.000236533
1558042598,0.000236533
1558042600,0.000238034
1558042602,0.000238034
1558042604,0.000238034
1558042606,0.000238034
1558042608,0.000238351
1558042610,0.000238034
1558042612,0.000238034
1558042614,0.000236533
1558042616,0.000236533
1558042618,0.000236533
1558042620,0.000233588
1558042622,0.000233588
1558042624,0.000236419
1558042626,0.000233588
1558042628,0.000236419
1558042630,0.000236419
1558042632,0.000236419
1558042634,0.000236533
1558042636,0.000236533
1558042638,0.000238034
1558042640,0.000238351
1558042642,0.000238351
1558042644,0.000238034
1558042646,0.000238034
1558042648,0.000238034
1558042650,0.000236533
1558042652,0.000238034
1558042654,0.000238034
1558042656,0.000236533
1558042658,0.000236533
1558042660,0.000236419
1558042662,0.000236419
1558042664,0.000233588
1558042666,0.000232855
1558042668,0.000232723
1558042670,0.000232855
1558042672,0.000232723
1558042674,0.000232375
1558042676,0.0002317
1558042678,0.0002317
1558042680,0.0002317
1558042682,0.0002317
1558042684,0.000231567
1558042686,0.00023112
1558042688,0.000231567
1558042690,0.000231567
1558042692,0.0002317
1558042694,0.0002317
1558042696,0.000231567
1558042698,0.00023112
1558042700,0.00023112
1558042702,0.00023112
1558042704,0.000230642
1558042706,0.000227023
1558042708,0.000230642
1558042710,0.00023112
1558042712,0.000231567
1558042714,0.000231567
1558042716,0.000231567
1558042718,0.000231567
1558042720,0.000231567
1558042722,0.00023112
1558042724,0.000231567
1558042726,0.0002317
1558042728,0.000231763
1558042730,0.0002317
1558042732,0.0002317
1558042734,0.000231567
1558042736,0.000231567
1558042738,0.0002317
1558042740,0.0002317
1558042742,0.0002317
1558042744,0.0002317
1558042746,0.0002317
1558042748,0.0002317
1558042750,0.000231763
1558042752,0.0002317
1558042754,0.0002317
1558042756,0.000231763
1558042758,0.000232375
1558042760,0.000231763
1558042762,0.000231763
1558042764,0.0002317
1558042766,0.000231763
1558042768,0.0002317
1558042770,0.000231567
1558042772,0.000231567
1558042774,0.000231567
1558042776,0.00023112
1558042778,0.00023112
1558042780,0.00023112
1558042782,0.000227023
1558042784,0.000226744
1558042786,0.000226744
1558042788,0.00022592
1558042790,0.000225232
1558042792,0.000225212
1558042794,0.000224185
1558042796,0.000224185
1558042798,0.000224185
1558042800,0.000224185
1558042802,0.000224185
1558042804,0.000225212
1558042806,0.000225212
1558042808,0.000224185
1558042810,0.000225212
1558042812,0.000224185
1558042814,0.000224185
1558042816,0.000224185
1558042818,0.000224185
1558042820,0.000222842
1558042822,0.000222842
1558042824,0.000225212
1558042826,0.000225232
1558042828,0.000225212
1558042830,0.000225232
1558042832,0.000225232
1558042834,0.000225232
1558042836,0.00022592
1558042838,0.000225232
1558042840,0.00022592
1558042842,0.00022592
1558042844,0.000225232
1558042846,0.000225232
1558042848,0.000225232
1558042850,0.00022592
1558042852,0.000225212
1558042854,0.000225212
1558042856,0.000224185
1558042858,0.000224185
1558042860,0.000225212
1558042862,0.000225212
1558042864,0.000225212
1558042866,0.000225212
1558042868,0.000225212
1558042870,0.00022592
1558042872,0.000226744
1558042874,0.00022592
1558042876,0.000225232
1558042878,0.000225232
1558042880,0.000225232
1558042882,0.000225232
1558042884,0.000225232
1558042886,0.000225212
1558042888,0.000225212
1558042890,0.000225232
1558042892,0.000225232
1558042894,0.000225232
1558042896,0.000225232
1558042898,0.000225212
1558042900,0.000224185
1558042902,0.000222842
1558042904,0.000222236
1558042906,0.000222842
1558042908,0.000222236
1558042910,0.000222842
1558042912,0.000222842
1558042914,0.000222842
1558042916,0.000222842
1558042918,0.000225212
1558042920,0.000225212
1558042922,0.000225232
1558042924,0.00022592
1558042926,0.000225232
1558042928,0.000222842
1558042930,0.000222842
1558042932,0.00022592
1558042934,0.00022592
1558042936,0.00022592
1558042938,0.00022592
1558042940,0.00022592
1558042942,0.000225232
1558042944,0.000225232
1558042946,0.00022592
1558042948,0.000225232
1558042950,0.00022592
1558042952,0.00022592
1558042954,0.000225232
1558042956,0.000225232
1558042958,0.000225232
1558042960,0.000225232
1558042962,0.00022592
1558042964,0.00022592
1558042966,0.00022592
1558042968,0.00022592
1558042970,0.000225232
1558042972,0.000222842
1558042974,0.000222236
1558042976,0.000222236
1558042978,0.000222842
1558042980,0.000224965
1558042982,0.000222842
1558042984,0.000222842
1558042986,0.000222842
1558042988,0.000222842
1558042990,0.000222236
1558042992,0.000222236
1558042994,0.000222051
1558042996,0.000222051
1558042998,0.000221965
1558043000,0.000221965
1558043002,0.000220255
1558043004,0.000219252
1558043006,0.000219252
1558043008,0.000219252
1558043010,0.000218676
1558043012,0.00021852
1558043014,0.000216897
1558043016,0.000215697
1558043018,0.000213934
1558043020,0.000212379
1558043022,0.000212379
1558043024,0.000213248
1558043026,0.000212379
1558043028,0.000213248
1558043030,0.000213248
1558043032,0.000213934
1558043034,0.000213934
1558043036,0.000215697
1558043038,0.000215697
1558043040,0.000216897
1558043042,0.000216897
1558043044,0.000216897
1558043046,0.000216897
1558043048,0.000216897
1558043050,0.000216897
1558043052,0.00021852
1558043054,0.000218676
1558043056,0.000218676
1558043058,0.000219252
1558043060,0.000218676
1558043062,0.000218676
1558043064,0.000219252
1558043066,0.000219252
1558043068,0.000219252
1558043070,0.000219252
1558043072,0.000219252
1558043074,0.000218676
1558043076,0.000218676
1558043078,0.000218676
1558043080,0.000218676
1558043082,0.00021852
1558043084,0.000218676
1558043086,0.000218676
1558043088,0.000218676
1558043090,0.000220255
1558043092,0.000220255
1558043094,0.000220255
1558043096,0.000220255
1558043098,0.000221965
1558043100,0.000221965
1558043102,0.000221965
1558043104,0.000221965
1558043106,0.000222051
1558043108,0.000222051
1558043110,0.000222051
1558043112,0.000222051
1558043114,0.000221965
1558043116,0.000222257
1558043118,0.000222051
1558043120,0.000222257
1558043122,0.000222257
1558043124,0.000222842
1558043126,0.000224965
1558043128,0.000224023
1558043130,0.000224965
1558043132,0.000224965
1558043134,0.000225232
1558043136,0.000225232
1558043138,0.000225917
1558043140,0.000225232
1558043142,0.000225917
1558043144,0.000228341
1558043146,0.000228341
1558043148,0.000225917
1558043150,0.000224965
1558043152,0.000224224
1558043154,0.000224023
1558043156,0.000224224
1558043158,0.000224965
1558043160,0.000225917
1558043162,0.000224965
1558043164,0.000224224
1558043166,0.000224023
1558043168,0.000224023
1558043170,0.000224224
1558043172,0.000224224
1558043174,0.000224965
1558043176,0.000224224
1558043178,0.000224965
1558043180,0.000224965
1558043182,0.000224224
1558043184,0.000224224
1558043186,0.000222842
1558043188,0.000222842
1558043190,0.000224023
1558043192,0.000224023
1558043194,0.000224023
1558043196,0.000222842
1558043198,0.000222842
1558043200,0.000222842
1558043202,0.000222257
1558043204,0.000222257
1558043206,0.000222257
1558043208,0.000222842
1558043210,0.000222842
1558043212,0.000222257
1558043214,0.000222257
1558043216,0.000221965
1558043218,0.000220417
1558043220,0.000221965
1558043222,0.000222257
1558043224,0.000222257
1558043226,0.000222257
1558043228,0.000222257
1558043230,0.000222257
1558043232,0.000224023
1558043234,0.000222257
1558043236,0.000221965
1558043238,0.000220417
1558043240,0.000221965
1558043242,0.000221965
1558043244,0.000222257
1558043246,0.000222257
1558043248,0.000222257
1558043250,0.000222257
1558043252,0.000221965
1558043254,0.000220417
1558043256,0.000221965
1558043258,0.000222257
1558043260,0.000224023
1558043262,0.000224023
1558043264,0.000224023
1558043266,0.000224224
1558043268,0.000224224
1558043270,0.000224965
1558043272,0.000224965
1558043274,0.000224224
1558043276,0.000224965
1558043278,0.000224965
1558043280,0.000224224
1558043282,0.000224224
1558043284,0.000224965
1558043286,0.000225693
1558043288,0.000225693
1558043290,0.000224965
1558043292,0.000225693
1558043294,0.000225693
1558043296,0.000225917
1558043298,0.000225917
1558043300,0.000225917
1558043302,0.000229002
1558043304,0.000228341
1558043306,0.000225917
1558043308,0.000225917
1558043310,0.000225917
1558043312,0.000225917
1558043314,0.000228341
1558043316,0.000228341
1558043318,0.000228341
1558043320,0.000228341
1558043322,0.000229002
1558043324,0.000229487
1558043326,0.000229002
1558043328,0.000229002
1558043330,0.000229487
1558043332,0.000229487
1558043334,0.000229487
1558043336,0.000230768
1558043338,0.0002328
1558043340,0.0002328
1558043342,0.0002328
1558043344,0.00023352
1558043346,0.0002328
1558043348,0.0002328
1558043350,0.0002328
1558043352,0.000230768
1558043354,0.000230768
1558043356,0.000230768
1558043358,0.000230768
1558043360,0.000229487
1558043362,0.000229487
1558043364,0.000229487
1558043366,0.000230768
1558043368,0.000230768
1558043370,0.000229487
1558043372,0.000229002
1558043374,0.00022796
1558043376,0.000225917
1558043378,0.000225917
1558043380,0.00022796
1558043382,0.000225917
1558043384,0.000225693
1558043386,0.000225917
1558043388,0.000225917
1558043390,0.000225917
1558043392,0.000225693
1558043394,0.000225693
1558043396,0.000225484
1558043398,0.000225484
1558043400,0.000225484
1558043402,0.000225693
1558043404,0.000225693
1558043406,0.000225917
1558043408,0.00022796
1558043410,0.00022796
1558043412,0.000228341
1558043414,0.000229002
1558043416,0.000228341
1558043418,0.00022796
1558043420,0.00022796
1558043422,0.000228341
1558043424,0.000229002
1558043426,0.000229487
1558043428,0.000229487
1558043430,0.000229002
1558043432,0.000229002
1558043434,0.000229002
1558043436,0.000229487
1558043438,0.000229487
1558043440,0.000229487
1558043442,0.000234959
1558043444,0.00023352
1558043446,0.000234959
1558043448,0.00023352
1558043450,0.000234959
1558043452,0.000234959
1558043454,0.000234959
1558043456,0.000236556
1558043458,0.000236556
1558043460,0.000236556
1558043462,0.000234959
1558043464,0.000236556
1558043466,0.000236556
1558043468,0.000234959
1558043470,0.000234959
1558043472,0.000234711
1558043474,0.00023352
1558043476,0.00023352
1558043478,0.00023352
1558043480,0.000229487
1558043482,0.00023352
1558043484,0.00023352
1558043486,0.00023352
1558043488,0.000229487
1558043490,0.000229002
1558043492,0.000229002
1558043494,0.000229002
1558043496,0.000229487
1558043498,0.00023352
1558043500,0.000234711
1558043502,0.000234711
1558043504,0.000234711
1558043506,0.00023352
1558043508,0.000234959
1558043510,0.000234959
1558043512,0.000236556
1558043514,0.000234959
1558043516,0.000234959
1558043518,0.000234711
1558043520,0.00023352
1558043522,0.00023352
1558043524,0.00023352
1558043526,0.00023352
1558043528,0.000229487
1558043530,0.000229002
1558043532,0.000229002
1558043534,0.000229002
1558043536,0.000229487
1558043538,0.000229002
1558043540,0.000229002
1558043542,0.000229002
1558043544,0.000229002
1558043546,0.000229002
1558043548,0.000229002
1558043550,0.000229002
1558043552,0.000229487
1558043554,0.000230637
1558043556,0.000230637
1558043558,0.000230637
1558043560,0.000229487
1558043562,0.000230637
1558043564,0.000230637
1558043566,0.000229487
1558043568,0.000229487
1558043570,0.000230637
1558043572,0.000229487
1558043574,0.000229292
1558043576,0.000229487
1558043578,0.000229292
1558043580,0.000229487
1558043582,0.000229292
1558043584,0.000229002
1558043586,0.000229292
1558043588,0.000229002
1558043590,0.000229292
1558043592,0.000229292
1558043594,0.000229487
1558043596,0.000229487
1558043598,0.000229292
1558043600,0.000229292
1558043602,0.000229002
1558043604,0.000229292
1558043606,0.000229292
1558043608,0.000229292
1558043610,0.000229002
1558043612,0.000229292
1558043614,0.000230637
1558043616,0.000229292
1558043618,0.000230637
1558043620,0.000230637
1558043622,0.000230637
1558043624,0.000234711
1558043626,0.000234711
1558043628,0.000234959
1558043630,0.000230637
1558043632,0.000234711
1558043634,0.000234711
1558043636,0.000234711
1558043638,0.000234711
1558043640,0.000230637
1558043642,0.000234959
1558043644,0.000234959
1558043646,0.000236556
1558043648,0.000236556
1558043650,0.000236556
1558043652,0.000236556
1558043654,0.000236556
1558043656,0.000236556
1558043658,0.000237776
1558043660,0.000237776
1558043662,0.000236556
1558043664,0.000236556
1558043666,0.000237776
1558043668,0.000237776
1558043670,0.000237943
1558043672,0.000237943
1558043674,0.000237943
1558043676,0.000239319
1558043678,0.000241165
1558043680,0.000239319
1558043682,0.000241165
1558043684,0.000241165
1558043686,0.000241165
1558043688,0.000239319
1558043690,0.000239319
1558043692,0.000241165
1558043694,0.000241165
1558043696,0.000241404
1558043698,0.000241165
1558043700,0.000241165
1558043702,0.000241165
1558043704,0.000241165
1558043706,0.000241165
1558043708,0.000241165
1558043710,0.000239319
1558043712,0.000234959
1558043714,0.000239319
1558043716,0.000234959
1558043718,0.000239319
1558043720,0.000239319
1558043722,0.000239319
1558043724,0.000234959
1558043726,0.000234959
1558043728,0.000239319
1558043730,0.000234959
1558043732,0.000234959
1558043734,0.000234959
1558043736,0.000234959
1558043738,0.000239319
1558043740,0.000234711
1558043742,0.000234711
1558043744,0.000234959
1558043746,0.000239319
1558043748,0.000239319
1558043750,0.000234959
1558043752,0.000234711
1558043754,0.000234711
1558043756,0.000234711
1558043758,0.000234711
1558043760,0.000234711
1558043762,0.00023247
1558043764,0.00023247
1558043766,0.000234576
1558043768,0.000234576
1558043770,0.00023247
1558043772,0.000234576
1558043774,0.000234576
1558043776,0.000234711
1558043778,0.000234711
1558043780,0.000234959
1558043782,0.000234959
1558043784,0.000234711
1558043786,0.000234576
1558043788,0.000234576
1558043790,0.000234576
1558043792,0.000234576
1558043794,0.000234576
1558043796,0.000234576
1558043798,0.000234711
1558043800,0.000234711
1558043802,0.000234711
1558043804,0.000234959
1558043806,0.000234711
1558043808,0.000234711
1558043810,0.000234711
1558043812,0.000234711
1558043814,0.000234711
1558043816,0.000234711
1558043818,0.000234711
1558043820,0.000234576
1558043822,0.000234576
1558043824,0.000234711
1558043826,0.000234711
1558043828,0.000234576
1558043830,0.000234576
1558043832,0.000234711
1558043834,0.000234576
1558043836,0.000234711
1558043838,0.000234959
1558043840,0.000234959
1558043842,0.000234959
1558043844,0.000234711
1558043846,0.000234959
1558043848,0.000234711
1558043850,0.000234711
1558043852,0.000234576
1558043854,0.000234576
1558043856,0.000234576
1558043858,0.000234711
1558043860,0.000234576
1558043862,0.000234576
1558043864,0.000234576
1558043866,0.000234576
1558043868,0.000234711
1558043870,0.000234711
1558043872,0.000234711
1558043874,0.000234576
1558043876,0.000234576
1558043878,0.00023247
1558043880,0.00023247
1558043882,0.000231791
1558043884,0.000231791
1558043886,0.000231791
1558043888,0.000231791
1558043890,0.000231791
1558043892,0.000231727
1558043894,0.000231727
1558043896,0.000231727
1558043898,0.000231727
1558043900,0.000230907
1558043902,0.000230907
1558043904,0.000230637
1558043906,0.000230412
1558043908,0.000230412
1558043910,0.000230907
1558043912,0.000230907
1558043914,0.000231154
1558043916,0.000231727
1558043918,0.000231727
1558043920,0.000231727
1558043922,0.000231727
1558043924,0.000231727
1558043926,0.000231727
1558043928,0.00023247
1558043930,0.00023247
1558043932,0.00023247
1558043934,0.00023247
1558043936,0.000231791
1558043938,0.000231791
1558043940,0.000231727
1558043942,0.000231727
1558043944,0.000231791
1558043946,0.000231727
1558043948,0.000231727
1558043950,0.000231727
1558043952,0.000231791
1558043954,0.000231791
1558043956,0.00023247
1558043958,0.000234576
1558043960,0.000236076
1558043962,0.000236076
1558043964,0.000236076
1558043966,0.000236373
1558043968,0.000237873
1558043970,0.000237873
1558043972,0.000236373
1558043974,0.000236373
1558043976,0.000236373
1558043978,0.000237873
1558043980,0.000237873
1558043982,0.000236373
1558043984,0.000236373
1558043986,0.000236373
1558043988,0.000236373
1558043990,0.000236373
1558043992,0.000236373
1558043994,0.000236373
1558043996,0.000236373
1558043998,0.000236373
1558044000,0.000236373
1558044002,0.000236373
1558044004,0.000236373
1558044006,0.000236076
1558044008,0.000234576
1558044010,0.000234576
1558044012,0.000236076
1558044014,0.000234576
1558044016,0.000234121
1558044018,0.000234121
1558044020,0.000234576
1558044022,0.000236076
1558044024,0.000236076
1558044026,0.000236076
1558044028,0.000236076
1558044030,0.000236076
1558044032,0.000234121
1558044034,0.000234576
1558044036,0.000236076
1558044038,0.000236373
1558044040,0.000237873
1558044042,0.000236373
1558044044,0.000236373
1558044046,0.000236373
1558044048,0.000236373
1558044050,0.000236076
1558044052,0.000234576
1558044054,0.000234576
1558044056,0.000234576
1558044058,0.000234314
1558044060,0.000234314
1558044062,0.000234314
1558044064,0.000234314
1558044066,0.000234314
1558044068,0.000234576
1558044070,0.000234576
1558044072,0.000236076
1558044074,0.000236076
1558044076,0.000236373
1558044078,0.000236373
1558044080,0.000236373
1558044082,0.000236373
1558044084,0.000236373
1558044086,0.000237873
1558044088,0.000236373
1558044090,0.000236076
1558044092,0.000236373
1558044094,0.000234314
1558044096,0.000236076
1558044098,0.000236076
1558044100,0.000236373
1558044102,0.000236373
1558044104,0.000236373
1558044106,0.000236373
1558044108,0.000237873
1558044110,0.000239704
1558044112,0.000237873
1558044114,0.000237873
1558044116,0.000237873
1558044118,0.000237873
1558044120,0.000236373
1558044122,0.000236373
1558044124,0.000237321
1558044126,0.000237873
1558044128,0.000237873
1558044130,0.000239704
1558044132,0.000239704
1558044134,0.00024031
1558044136,0.00024031
1558044138,0.000237873
1558044140,0.000239704
1558044142,0.000237873
1558044144,0.000237873
1558044146,0.000237873
1558044148,0.000237873
1558044150,0.000237873
1558044152,0.000237873
1558044154,0.000239704
1558044156,0.000239704
1558044158,0.00024031
1558044160,0.00024031
1558044162,0.00024031
1558044164,0.00024031
1558044166,0.000240833
1558044168,0.000245093
1558044170,0.000245093
1558044172,0.000240833
1558044174,0.00024031
1558044176,0.00024031
1558044178,0.00024031
1558044180,0.00024031
1558044182,0.000239704
1558044184,0.000237873
1558044186,0.000237873
1558044188,0.000239704
1558044190,0.000239704
1558044192,0.000237873
1558044194,0.000237321
1558044196,0.000237321
1558044198,0.000237873
1558044200,0.000237873
1558044202,0.000237321
1558044204,0.000236373
1558044206,0.000236076
1558044208,0.000236076
1558044210,0.000234314
1558044212,0.000234314
1558044214,0.000234314
1558044216,0.000234314
1558044218,0.000234121
1558044220,0.000234314
1558044222,0.000236076
1558044224,0.000234314
1558044226,0.000236076
1558044228,0.000234314
1558044230,0.000234314
1558044232,0.000234121
1558044234,0.000231727
1558044236,0.000231727
1558044238,0.000234121
1558044240,0.000231727
1558044242,0.000231154
1558044244,0.000231727
1558044246,0.000234314
1558044248,0.000236373
1558044250,0.000236373
1558044252,0.000236373
1558044254,0.000236373
1558044256,0.000237321
1558044258,0.000236373
1558044260,0.000236373
1558044262,0.000236373
1558044264,0.000234314
1558044266,0.000234891
1558044268,0.000234891
1558044270,0.000234891
1558044272,0.000234314
1558044274,0.000234314
1558044276,0.000234121
1558044278,0.000234121
1558044280,0.000232626
1558044282,0.000232626
1558044284,0.000231154
1558044286,0.000232626
1558044288,0.000232626
1558044290,0.000234121
1558044292,0.000234314
1558044294,0.000234314
1558044296,0.000234314
1558044298,0.000234314
1558044300,0.000234314
1558044302,0.000234121
1558044304,0.000234121
1558044306,0.000234314
1558044308,0.000234121
1558044310,0.000234121
1558044312,0.000234121
1558044314,0.000234121
1558044316,0.000234314
1558044318,0.000234314
1558044320,0.000234314
1558044322,0.000234121
1558044324,0.000232626
1558044326,0.000234121
1558044328,0.000234121
1558044330,0.000234314
1558044332,0.000234314
1558044334,0.000234891
1558044336,0.000234891
1558044338,0.000234891
1558044340,0.000236373
1558044342,0.000236373
1558044344,0.000236373
1558044346,0.000237321
1558044348,0.000237321
1558044350,0.000237873
1558044352,0.000237321
1558044354,0.000237321
1558044356,0.000237321
1558044358,0.000237321
1558044360,0.0002375
1558044362,0.0002375
1558044364,0.0002375
1558044366,0.000237321
1558044368,0.000237321
1558044370,0.000234891
1558044372,0.000237321
1558044374,0.000237321
1558044376,0.000237321
1558044378,0.000234891
1558044380,0.000237321
1558044382,0.000237321
1558044384,0.000237321
1558044386,0.000237321
1558044388,0.000234891
1558044390,0.000234314
1558044392,0.000234314
1558044394,0.000234891
1558044396,0.000234891
1558044398,0.000234314
1558044400,0.000234314
1558044402,0.000234891
1558044404,0.000234314
1558044406,0.000234121
1558044408,0.000234121
1558044410,0.000234314
1558044412,0.000234891
1558044414,0.000237321
1558044416,0.000237321
1558044418,0.000237321
1558044420,0.0002375
1558044422,0.0002375
1558044424,0.00024031
1558044426,0.0002375
1558044428,0.000237321
1558044430,0.000237321
1558044432,0.000237321
1558044434,0.000237321
1558044436,0.0002375
1558044438,0.0002375
1558044440,0.0002375
1558044442,0.000237321
1558044444,0.0002375
1558044446,0.0002375
1558044448,0.0002375
1558044450,0.0002375
1558044452,0.0002375
1558044454,0.0002375
1558044456,0.00023965
1558044458,0.00024031
1558044460,0.00023965
1558044462,0.0002375
1558044464,0.0002375
1558044466,0.00023965
1558044468,0.00023965
1558044470,0.00024031
1558044472,0.00024031
1558044474,0.00023965
1558044476,0.00023965
1558044478,0.00023965
1558044480,0.00023965
1558044482,0.00023965
1558044484,0.00023965
1558044486,0.00023965
1558044488,0.00023965
1558044490,0.00024031
1558044492,0.00024031
1558044494,0.00023965
1558044496,0.00024031
1558044498,0.000241133
1558044500,0.000241133
1558044502,0.000241133
1558044504,0.000241932
1558044506,0.00024031
1558044508,0.000241133
1558044510,0.000241133
1558044512,0.00024031
1558044514,0.00024031
1558044516,0.00024031
1558044518,0.00024031
1558044520,0.00023965
1558044522,0.00023965
1558044524,0.00023965
1558044526,0.00023965
1558044528,0.00024031
1558044530,0.00023965
1558044532,0.00024031
1558044534,0.000241133
1558044536,0.000241133
1558044538,0.000241133
1558044540,0.000241133
1558044542,0.000241133
1558044544,0.000241932
1558044546,0.000241932
1558044548,0.000241932
1558044550,0.000241932
1558044552,0.000241133
1558044554,0.000241932
1558044556,0.000241932
1558044558,0.000241133
1558044560,0.000241133
1558044562,0.000241932
1558044564,0.000241932
1558044566,0.000242665
1558044568,0.000242158
1558044570,0.000242158
1558044572,0.000242158
1558044574,0.000242158
1558044576,0.000242665
1558044578,0.000243406
1558044580,0.000242665
1558044582,0.000242158
1558044584,0.000242158
1558044586,0.000242665
1558044588,0.000243406
1558044590,0.000242665
1558044592,0.000242665
1558044594,0.000242665
1558044596,0.000242158
1558044598,0.000242158
1558044600,0.000242158
1558044602,0.000242665
1558044604,0.000242665
1558044606,0.000242158
1558044608,0.000242665
1558044610,0.000242665
1558044612,0.000243406
1558044614,0.000244672
1558044616,0.000244672
1558044618,0.000243406
1558044620,0.000243406
1558044622,0.000243485
1558044624,0.000243485
1558044626,0.000244672
1558044628,0.000243485
1558044630,0.000243485
1558044632,0.000243485
1558044634,0.000243485
1558044636,0.000243406
1558044638,0.000243406
1558044640,0.000243406
1558044642,0.000244672
1558044644,0.000244839
1558044646,0.000244839
1558044648,0.000244839
1558044650,0.000245284
1558044652,0.000244839
1558044654,0.000243485
1558044656,0.000243485
1558044658,0.000243406
1558044660,0.000243485
1558044662,0.000243406
1558044664,0.000243406
1558044666,0.000242665
1558044668,0.000242665
1558044670,0.000242158
1558044672,0.000242158
1558044674,0.000242665
1558044676,0.000242665
1558044678,0.000242665
1558044680,0.000242665
1558044682,0.000242665
1558044684,0.000242665
1558044686,0.000242158
1558044688,0.000241932
1558044690,0.000241932
1558044692,0.000242665
1558044694,0.000242158
1558044696,0.000242158
1558044698,0.000242665
1558044700,0.000242665
1558044702,0.000243485
1558044704,0.000243485
1558044706,0.000243485
1558044708,0.000243485
1558044710,0.000243485
1558044712,0.000244672
1558044714,0.000244672
1558044716,0.000244672
1558044718,0.000243485
1558044720,0.000244672
1558044722,0.000243485
1558044724,0.000243485
1558044726,0.000243406
1558044728,0.000243406
1558044730,0.000242665
1558044732,0.000241932
1558044734,0.000241932
1558044736,0.000242158
1558044738,0.000242158
1558044740,0.000242158
1558044742,0.000241932
1558044744,0.000241932
1558044746,0.000241932
1558044748,0.000241932
1558044750,0.000241133
1558044752,0.000241133
1558044754,0.00023965
1558044756,0.000240655
1558044758,0.000241133
1558044760,0.000241932
1558044762,0.000242665
1558044764,0.000242158
1558044766,0.000241932
1558044768,0.000241133
1558044770,0.000240655
1558044772,0.000240655
1558044774,0.000240655
1558044776,0.000240655
1558044778,0.000240655
1558044780,0.000240655
1558044782,0.000241133
1558044784,0.000240655
1558044786,0.000241133
1558044788,0.000241133
1558044790,0.000241133
1558044792,0.000241133
1558044794,0.000240655
1558044796,0.00023965
1558044798,0.000237515
1558044800,0.000235201
1558044802,0.000235201
1558044804,0.000237515
1558044806,0.00023965
1558044808,0.00023965
1558044810,0.000237515
1558044812,0.000237515
1558044814,0.00023965
1558044816,0.000240655
1558044818,0.00023965
1558044820,0.00023965
1558044822,0.000240655
1558044824,0.000240655
1558044826,0.000241133
1558044828,0.000241932
1558044830,0.000241932
1558044832,0.000241133
1558044834,0.000240655
1558044836,0.000241133
1558044838,0.000241133
1558044840,0.000241133
1558044842,0.000240655
1558044844,0.000241133
1558044846,0.000241133
1558044848,0.000240655
1558044850,0.000240655
1558044852,0.00023965
1558044854,0.00023965
1558044856,0.000240655
1558044858,0.000240655
1558044860,0.000241133
1558044862,0.000241133
1558044864,0.000241932
1558044866,0.000243406
1558044868,0.000241932
1558044870,0.000241932
1558044872,0.000241133
1558044874,0.000241133
1558044876,0.000241932
1558044878,0.000241932
1558044880,0.000243406
1558044882,0.000243406
1558044884,0.000241932
1558044886,0.000241932
1558044888,0.000241932
1558044890,0.000241932
1558044892,0.000241133
1558044894,0.000240655
1558044896,0.000240655
1558044898,0.000240655
1558044900,0.000240655
1558044902,0.000237515
1558044904,0.000237515
1558044906,0.00023693
1558044908,0.000237515
1558044910,0.000237515
1558044912,0.00023693
1558044914,0.00023693
1558044916,0.000235201
1558044918,0.000235138
1558044920,0.000235138
1558044922,0.000235138
1558044924,0.000235201
1558044926,0.000235138
1558044928,0.000235138
1558044930,0.000235138
1558044932,0.000235201
1558044934,0.000235201
1558044936,0.000235201
1558044938,0.000235138
1558044940,0.000234106
1558044942,0.000234106
1558044944,0.000234106
1558044946,0.000233782
1558044948,0.000233782
1558044950,0.000234106
1558044952,0.000234106
1558044954,0.000234106
1558044956,0.000235138
1558044958,0.000234106
1558044960,0.000234106
1558044962,0.000234106
1558044964,0.000235138
1558044966,0.000235138
1558044968,0.000235138
1558044970,0.000234106
1558044972,0.000234106
1558044974,0.000234106
1558044976,0.000234106
1558044978,0.000233782
1558044980,0.000233782
1558044982,0.000233271
1558044984,0.000230611
1558044986,0.000230611
1558044988,0.000232118
1558044990,0.000230611
1558044992,0.000230611
1558044994,0.000230611
1558044996,0.000232118
1558044998,0.000232118
1558045000,0.000228274
1558045002,0.000228274
1558045004,0.000227994
1558045006,0.000228274
1558045008,0.000228274
1558045010,0.000228274
1558045012,0.000228274
1558045014,0.000227994
1558045016,0.000227994
1558045018,0.000228274
1558045020,0.000230611
1558045022,0.000228274
1558045024,0.000228274
1558045026,0.000228274
1558045028,0.000230611
1558045030,0.000228274
1558045032,0.000228274
1558045034,0.000228274
1558045036,0.000228274
1558045038,0.000228274
1558045040,0.000228274
1558045042,0.000227994
1558045044,0.000228274
1558045046,0.000227994
1558045048,0.000226311
1558045050,0.000225835
1558045052,0.000225378
1558045054,0.000225835
1558045056,0.000226311
1558045058,0.000226311
1558045060,0.000225835
1558045062,0.000225835
1558045064,0.000225835
1558045066,0.000225835
1558045068,0.000226311
1558045070,0.000225835
1558045072,0.000226311
1558045074,0.000227994
1558045076,0.000227994
1558045078,0.000227994
1558045080,0.000226311
1558045082,0.000226311
1558045084,0.000225835
1558045086,0.000226311
1558045088,0.000225835
1558045090,0.000225835
1558045092,0.000226311
1558045094,0.000226311
1558045096,0.000226311
1558045098,0.000226311
1558045100,0.000226311
1558045102,0.000227994
1558045104,0.000230611
1558045106,0.000230986
1558045108,0.000232118
1558045110,0.000233271
1558045112,0.000233782
1558045114,0.000233271
1558045116,0.000233271
1558045118,0.000233782
1558045120,0.000233782
1558045122,0.000233782
1558045124,0.000234106
1558045126,0.000234106
1558045128,0.000235138
1558045130,0.000234106
1558045132,0.000233782
1558045134,0.000233782
1558045136,0.000233271
1558045138,0.000233782
1558045140,0.000233782
1558045142,0.000233271
1558045144,0.000233271
1558045146,0.000233782
1558045148,0.000233782
1558045150,0.000233271
1558045152,0.000233782
1558045154,0.000233271
1558045156,0.000233782
1558045158,0.000234106
1558045160,0.000234106
1558045162,0.000234106
1558045164,0.000234106
1558045166,0.000234106
1558045168,0.000235138
1558045170,0.000234106
1558045172,0.00023693
1558045174,0.00023693
1558045176,0.00023693
1558045178,0.00023693
1558045180,0.000237891
1558045182,0.000238067
1558045184,0.00023807
1558045186,0.000238999
1558045188,0.000241512
1558045190,0.000241512
1558045192,0.000242473
1558045194,0.000241512
1558045196,0.000239038
1558045198,0.000239038
1558045200,0.000238999
1558045202,0.000239038
1558045204,0.000241512
1558045206,0.000242473
1558045208,0.000242473
1558045210,0.000243284
1558045212,0.000242473
1558045214,0.000242473
1558045216,0.000242473
1558045218,0.000242473
1558045220,0.000242388
1558045222,0.000242388
1558045224,0.000242388
1558045226,0.000241512
1558045228,0.000241512
1558045230,0.000242388
1558045232,0.000243284
1558045234,0.000245226
1558045236,0.000245932
1558045238,0.000246315
1558045240,0.000249065
1558045242,0.000249632
1558045244,0.000249065
1558045246,0.000249065
1558045248,0.000249065
1558045250,0.000249632
1558045252,0.000249879
1558045254,0.000249879
1558045256,0.000249879
1558045258,0.000249632
1558045260,0.000249879
1558045262,0.000249879
1558045264,0.000249879
1558045266,0.000249632
1558045268,0.000249618
1558045270,0.000249618
1558045272,0.000249559
1558045274,0.000249559
1558045276,0.000249065
1558045278,0.000249065
1558045280,0.000249065
1558045282,0.000249065
1558045284,0.000245932
1558045286,0.000245932
1558045288,0.000249065
1558045290,0.000249065
1558045292,0.000249559
1558045294,0.000249065
1558045296,0.000245932
1558045298,0.000249065
1558045300,0.000245226
1558045302,0.000243284
1558045304,0.000242473
1558045306,0.000242388
1558045308,0.000241512
1558045310,0.000241512
1558045312,0.000241512
1558045314,0.000240421
1558045316,0.000239038
1558045318,0.000239038
1558045320,0.000238999
1558045322,0.000239038
1558045324,0.000240421
1558045326,0.000241512
1558045328,0.000242388
1558045330,0.000242388
1558045332,0.000242388
1558045334,0.000242388
1558045336,0.000242473
1558045338,0.000243284
1558045340,0.000245226
1558045342,0.000245226
1558045344,0.000245226
1558045346,0.000245932
1558045348,0.000245932
1558045350,0.000245932
1558045352,0.000245932
1558045354,0.000245932
1558045356,0.000245932
1558045358,0.00024696
1558045360,0.000249065
1558045362,0.000249559
1558045364,0.000249065
1558045366,0.00024696
1558045368,0.00024696
1558045370,0.000249065
1558045372,0.00024696
1558045374,0.00024696
1558045376,0.00024696
1558045378,0.00024696
1558045380,0.00024696
1558045382,0.000249065
1558045384,0.000249065
1558045386,0.00024696
1558045388,0.00024696
1558045390,0.00024696
1558045392,0.000245932
1558045394,0.000245932
1558045396,0.000245932
1558045398,0.000245226
1558045400,0.000245226
1558045402,0.000243284
1558045404,0.000243284
1558045406,0.000243284
1558045408,0.000245226
1558045410,0.000243284
1558045412,0.000243284
1558045414,0.000243284
1558045416,0.000242473
1558045418,0.000243284
1558045420,0.000242473
1558045422,0.000242473
1558045424,0.000243284
1558045426,0.000243284
1558045428,0.000242473
1558045430,0.000242473
1558045432,0.000242473
1558045434,0.000243284
1558045436,0.000243284
1558045438,0.000243284
1558045440,0.000245226
1558045442,0.000245226
1558045444,0.00024696
1558045446,0.000245226
1558045448,0.000245226
1558045450,0.000245226
1558045452,0.000243421
1558045454,0.000243421
1558045456,0.000243421
1558045458,0.000243421
1558045460,0.000243421
1558045462,0.000243421
1558045464,0.000245226
1558045466,0.000245226
1558045468,0.00024696
1558045470,0.000247201
1558045472,0.000247201
1558045474,0.000247201
1558045476,0.000247201
1558045478,0.000247201
1558045480,0.00024696
1558045482,0.000245226
1558045484,0.000245226
1558045486,0.00024696
1558045488,0.000247201
1558045490,0.000249065
1558045492,0.000247201
1558045494,0.000249065
1558045496,0.000249065
1558045498,0.000247201
1558045500,0.000249065
1558045502,0.000249559
1558045504,0.000249559
1558045506,0.000249559
1558045508,0.000249618
1558045510,0.000249618
1558045512,0.000249559
1558045514,0.000247201
1558045516,0.000249065
1558045518,0.000249065
1558045520,0.000249559
1558045522,0.000249618
1558045524,0.000249559
1558045526,0.000249618
1558045528,0.000249632
1558045530,0.000249632
1558045532,0.000249632
1558045534,0.000249879
1558045536,0.000249879
1558045538,0.000249879
1558045540,0.000249879
1558045542,0.000249632
1558045544,0.000249632
1558045546,0.000249618
1558045548,0.000249559
1558045550,0.000249559
1558045552,0.000249618
1558045554,0.000249618
1558045556,0.000249559
1558045558,0.000249559
1558045560,0.000249559
1558045562,0.000249065
1558045564,0.000249065
1558045566,0.000249065
1558045568,0.000249065
1558045570,0.000249559
1558045572,0.000249632
1558045574,0.000249879
1558045576,0.000249879
1558045578,0.000249632
1558045580,0.000249632
1558045582,0.000249618
1558045584,0.000249559
1558045586,0.000249559
1558045588,0.000249618
1558045590,0.000249618
1558045592,0.000249618
1558045594,0.000249618
1558045596,0.000249618
1558045598,0.000249618
1558045600,0.000249618
1558045602,0.000249632
1558045604,0.000249632
1558045606,0.000249618
1558045608,0.000249632
1558045610,0.000249618
1558045612,0.000249559
1558045614,0.000249559
1558045616,0.000247201
1558045618,0.000247201
1558045620,0.00024696
1558045622,0.000247201
1558045624,0.000247201
1558045626,0.000247201
1558045628,0.000247201
1558045630,0.000247201
1558045632,0.000247201
1558045634,0.000247201
1558045636,0.000247201
1558045638,0.00024696
1558045640,0.00024696
1558045642,0.000242388
1558045644,0.000242388
1558045646,0.000240421
1558045648,0.000240421
1558045650,0.000237527
1558045652,0.000237527
1558045654,0.000240421
1558045656,0.000237527
1558045658,0.000237527
1558045660,0.000242648
1558045662,0.000240421
1558045664,0.000242648
1558045666,0.000242648
1558045668,0.000240421
1558045670,0.000237527
1558045672,0.000237527
1558045674,0.000237527
1558045676,0.000236961
1558045678,0.000236961
1558045680,0.000236961
1558045682,0.000235745
1558045684,0.000236961
1558045686,0.000237527
1558045688,0.000236961
1558045690,0.000236961
1558045692,0.000235745
1558045694,0.000235745
1558045696,0.000234817
1558045698,0.000234817
1558045700,0.000234817
1558045702,0.000234817
1558045704,0.000234817
1558045706,0.000235745
1558045708,0.000235745
1558045710,0.000235745
1558045712,0.000235745
1558045714,0.000235745
1558045716,0.000236961
1558045718,0.000236961
1558045720,0.000237527
1558045722,0.000237527
1558045724,0.000237527
1558045726,0.000237527
1558045728,0.000237527
1558045730,0.000236961
1558045732,0.000235745
1558045734,0.000236961
1558045736,0.000236961
1558045738,0.000236961
1558045740,0.000236961
1558045742,0.000237527
1558045744,0.000239974
1558045746,0.000240421
1558045748,0.000239974
1558045750,0.000239974
1558045752,0.000242648
1558045754,0.000242648
1558045756,0.000242949
1558045758,0.000243421
1558045760,0.000243421
1558045762,0.000243421
1558045764,0.000242949
1558045766,0.000242648
1558045768,0.000239974
1558045770,0.000239974
1558045772,0.000242648
1558045774,0.000242949
1558045776,0.000242648
1558045778,0.000239974
1558045780,0.000237527
1558045782,0.000236998
1558045784,0.000236998
1558045786,0.000236998
1558045788,0.000237527
1558045790,0.000237527
1558045792,0.000239974
1558045794,0.000239974
1558045796,0.000237527
1558045798,0.000237527
1558045800,0.000237527
1558045802,0.00023707
1558045804,0.000237527
1558045806,0.000239974
1558045808,0.000239974
1558045810,0.000239974
1558045812,0.000240557
1558045814,0.000240557
1558045816,0.000240557
1558045818,0.000240557
1558045820,0.000240557
1558045822,0.000240557
1558045824,0.000240557
1558045826,0.000240557
1558045828,0.000242648
1558045830,0.000242648
1558045832,0.000242648
1558045834,0.000242949
1558045836,0.000242949
1558045838,0.000242949
1558045840,0.000242949
1558045842,0.000242949
1558045844,0.000243421
1558045846,0.000242949
1558045848,0.000243421
1558045850,0.000245039
1558045852,0.000245039
1558045854,0.000243421
1558045856,0.000242949
1558045858,0.000242949
1558045860,0.000243421
1558045862,0.000242949
1558045864,0.000242949
1558045866,0.000243421
1558045868,0.000243421
1558045870,0.000242949
1558045872,0.000242648
1558045874,0.000242118
1558045876,0.000242118
1558045878,0.000242118
1558045880,0.000242118
1558045882,0.000240557
1558045884,0.000240557
1558045886,0.000240557
1558045888,0.000240557
1558045890,0.000239974
1558045892,0.000240557
1558045894,0.000240557
1558045896,0.00023904
1558045898,0.00023904
1558045900,0.00023904
1558045902,0.00023707
1558045904,0.000236998
1558045906,0.000236998
1558045908,0.000236998
1558045910,0.000235745
1558045912,0.000235476
1558045914,0.000235476
1558045916,0.000235476
1558045918,0.000235745
1558045920,0.000235745
1558045922,0.000235745
1558045924,0.000235476
1558045926,0.000235476
1558045928,0.000235476
