timestamp,value
1559343173,0.000014155
1559343174,0.000078247
1559343175,0.000078247
1559343176,0.000078247
1559343177,0.000078247
1559343178,0.000078247
1559343179,0.000018881
1559343180,0.000018881
1559343181,0.000018881
1559343182,0.000018881
1559343183,0.000018881
1559343184,0.00003282
1559343185,0.00003282
1559343186,0.00003282
1559343187,0.00003282
1559343188,0.00003282
1559343189,0.000021437
1559343190,0.000021437
1559343191,0.000021437
1559343192,0.000021437
1559343193,0.000021437
1559343194,0.000017489
1559343195,0.000017489
1559343196,0.000017489
1559343197,0.000017489
1559343198,0.000017489
1559343199,0.000034999
1559343200,0.000034999
1559343201,0.000034999
1559343202,0.000034999
1559343203,0.000034999
1559343204,0.000024642
1559343205,0.000024642
1559343206,0.000024642
1559343207,0.000024642
1559343208,0.000024642
1559343209,0.000027458
1559343210,0.000027458
1559343211,0.000027458
1559343212,0.000027458
1559343213,0.000027458
1559343214,0.000016929
1559343215,0.000016929
1559343216,0.000016929
1559343217,0.000016929
1559343218,0.000016929
1559343219,0.000018681
1559343220,0.000018681
1559343221,0.000018681
1559343222,0.000018681
1559343223,0.000018681
1559343224,0.00001969
1559343225,0.00001969
1559343226,0.00001969
1559343227,0.00001969
1559343228,0.00001969
1559343229,0.000045341
1559343230,0.000045341
1559343231,0.000045341
1559343232,0.000045341
1559343233,0.000045341
1559343234,0.000018626
1559343235,0.000018626
1559343236,0.000018626
1559343237,0.000018626
1559343238,0.000018626
1559343239,0.000025173
1559343240,0.000025173
1559343241,0.000025173
1559343242,0.000025173
1559343243,0.000025173
1559343244,0.000018248
1559343245,0.000018248
1559343246,0.000018248
1559343247,0.000018248
1559343248,0.000018248
1559343249,0.000038349
1559343250,0.000038349
1559343251,0.000038349
1559343252,0.000038349
1559343253,0.000038349
1559343254,0.000050805
1559343255,0.000050805
1559343256,0.000050805
1559343257,0.000050805
1559343258,0.000050805
1559343259,0.000013801
1559343260,0.000013801
1559343261,0.000013801
1559343262,0.000013801
1559343263,0.000013801
1559343264,0.000018669
1559343265,0.000018669
1559343266,0.000018669
1559343267,0.000018669
1559343268,0.000018669
1559343269,0.000020161
1559343270,0.000020161
1559343271,0.000020161
1559343272,0.000020161
1559343273,0.000020161
1559343274,0.000028615
1559343275,0.000028615
1559343276,0.000028615
1559343277,0.000028615
1559343278,0.000028615
1559343279,0.000018203
1559343280,0.000018203
1559343281,0.000018203
1559343282,0.000018203
1559343283,0.000018203
1559343284,0.000014853
1559343285,0.000014853
1559343286,0.000014853
1559343287,0.000014853
1559343288,0.000014853
1559343289,0.000013597
1559343290,0.000013597
1559343291,0.000013597
1559343292,0.000013597
1559343293,0.000013597
1559343294,0.000034533
1559343295,0.000034533
1559343296,0.000034533
1559343297,0.000034533
1559343298,0.000034533
1559343299,0.000014284
1559343300,0.000014284
1559343301,0.000014284
1559343302,0.000014284
1559343303,0.000014284
1559343304,0.000018457
1559343305,0.000018457
1559343306,0.000018457
1559343307,0.000018457
1559343308,0.000018457
1559343309,0.000015327
1559343310,0.000015327
1559343311,0.000015327
1559343312,0.000015327
1559343313,0.000015327
1559343314,0.000016029
1559343315,0.000016029
1559343316,0.000016029
1559343317,0.000016029
1559343318,0.000016029
1559343319,0.000014093
1559343320,0.000014093
1559343321,0.000014093
1559343322,0.000014093
1559343323,0.000014093
1559343324,0.000019895
1559343325,0.000019895
1559343326,0.000019895
1559343327,0.000019895
1559343328,0.000019895
1559343329,0.000033013
1559343330,0.000033013
1559343331,0.000033013
1559343332,0.000033013
1559343333,0.000033013
1559343334,0.000016364
1559343335,0.000016364
1559343336,0.000016364
1559343337,0.000016364
1559343338,0.000016364
1559343339,0.000015253
1559343340,0.000015253
1559343341,0.000015253
1559343342,0.000015253
1559343343,0.000015253
1559343344,0.000018876
1559343345,0.000018876
1559343346,0.000018876
1559343347,0.000018876
1559343348,0.000018876
1559343349,0.000025652
1559343350,0.000025652
1559343351,0.000025652
1559343352,0.000025652
1559343353,0.000025652
1559343354,0.000015373
1559343355,0.000015373
1559343356,0.000015373
1559343357,0.000015373
1559343358,0.000015373
1559343359,0.000040141
1559343360,0.000040141
1559343361,0.000040141
1559343362,0.000040141
1559343363,0.000040141
1559343364,0.000032347
1559343365,0.000032347
1559343366,0.000032347
1559343367,0.000032347
1559343368,0.000032347
1559343369,0.000016988
1559343370,0.000016988
1559343371,0.000016988
1559343372,0.000016988
1559343373,0.000016988
1559343374,0.00001614
1559343375,0.00001614
1559343376,0.00001614
1559343377,0.00001614
1559343378,0.00001614
1559343379,0.000013941
1559343380,0.000013941
1559343381,0.000013941
1559343382,0.000013941
1559343383,0.000013941
1559343384,0.000032707
1559343385,0.000032707
1559343386,0.000032707
1559343387,0.000032707
1559343388,0.000032707
1559343389,0.000018807
1559343390,0.000018807
1559343391,0.000018807
1559343392,0.000018807
1559343393,0.000018807
1559343394,0.000023939
1559343395,0.000023939
1559343396,0.000023939
1559343397,0.000023939
1559343398,0.000023939
1559343399,0.000034428
1559343400,0.000034428
1559343401,0.000034428
1559343402,0.000034428
1559343403,0.000034428
1559343404,0.000031468
1559343405,0.000031468
1559343406,0.000031468
1559343407,0.000031468
1559343408,0.000031468
1559343409,0.000018019
1559343410,0.000018019
1559343411,0.000018019
1559343412,0.000018019
1559343413,0.000018019
1559343414,0.000019213
1559343415,0.000019213
1559343416,0.000019213
1559343417,0.000019213
1559343418,0.000019213
1559343419,0.000033038
1559343420,0.000033038
1559343421,0.000033038
1559343422,0.000033038
1559343423,0.000033038
1559343424,0.000026096
1559343425,0.000026096
1559343426,0.000026096
1559343427,0.000026096
1559343428,0.000026096
1559343429,0.000019262
1559343430,0.000019262
1559343431,0.000019262
1559343432,0.000019262
1559343433,0.000019262
1559343434,0.0000162
1559343435,0.0000162
1559343436,0.0000162
1559343437,0.0000162
1559343438,0.0000162
1559343439,0.000021396
1559343440,0.000021396
1559343441,0.000021396
1559343442,0.000021396
1559343443,0.000021396
1559343444,0.000020536
1559343445,0.000020536
1559343446,0.000020536
1559343447,0.000020536
1559343448,0.000020536
1559343449,0.000030079
1559343450,0.000030079
1559343451,0.000030079
1559343452,0.000030079
1559343453,0.000030079
1559343454,0.000019405
1559343455,0.000019405
1559343456,0.000019405
1559343457,0.000019405
1559343458,0.000019405
1559343459,0.000018153
1559343460,0.000018153
1559343461,0.000018153
1559343462,0.000018153
1559343463,0.000018153
1559343464,0.000016546
1559343465,0.000016546
1559343466,0.000016546
1559343467,0.000016546
1559343468,0.000016546
1559343469,0.0000353
1559343470,0.0000353
1559343471,0.0000353
1559343472,0.0000353
1559343473,0.0000353
1559343474,0.000018367
1559343475,0.000018367
1559343476,0.000018367
1559343477,0.000018367
1559343478,0.000018367
1559343479,0.000047221
1559343480,0.000047221
1559343481,0.000047221
1559343482,0.000047221
1559343483,0.000047221
1559343484,0.000016567
1559343485,0.000016567
1559343486,0.000016567
1559343487,0.000016567
1559343488,0.000016567
1559343489,0.000014694
1559343490,0.000014694
1559343491,0.000014694
1559343492,0.000014694
1559343493,0.000014694
1559343494,0.000037714
1559343495,0.000037714
1559343496,0.000037714
1559343497,0.000037714
1559343498,0.000037714
1559343499,0.000027408
1559343500,0.000027408
1559343501,0.000027408
1559343502,0.000027408
1559343503,0.000027408
1559343504,0.000017534
1559343505,0.000017534
1559343506,0.000017534
1559343507,0.000017534
1559343508,0.000017534
1559343509,0.000029805
1559343510,0.000029805
1559343511,0.000029805
1559343512,0.000029805
1559343513,0.000029805
1559343514,0.000026387
1559343515,0.000026387
1559343516,0.000026387
1559343517,0.000026387
1559343518,0.000026387
1559343519,0.000013162
1559343520,0.000013162
1559343521,0.000013162
1559343522,0.000013162
1559343523,0.000013162
1559343524,0.000035331
1559343525,0.000035331
1559343526,0.000035331
1559343527,0.000035331
1559343528,0.000035331
1559343529,0.000018019
1559343530,0.000018019
1559343531,0.000018019
1559343532,0.000018019
1559343533,0.000018019
1559343534,0.000016257
1559343535,0.000016257
1559343536,0.000016257
1559343537,0.000016257
1559343538,0.000016257
1559343539,0.00001362
1559343540,0.00001362
1559343541,0.00001362
1559343542,0.00001362
1559343543,0.00001362
1559343544,0.000016505
1559343545,0.000016505
1559343546,0.000016505
1559343547,0.000016505
1559343548,0.000016505
1559343549,0.000012502
1559343550,0.000012502
1559343551,0.000012502
1559343552,0.000012502
1559343553,0.000012502
1559343554,0.000013168
1559343555,0.000013168
1559343556,0.000013168
1559343557,0.000013168
1559343558,0.000013168
1559343559,0.000017466
1559343560,0.000017466
1559343561,0.000017466
1559343562,0.000017466
1559343563,0.000017466
1559343564,0.000025531
1559343565,0.000025531
1559343566,0.000025531
1559343567,0.000025531
1559343568,0.000025531
1559343569,0.000017913
1559343570,0.000017913
1559343571,0.000017913
1559343572,0.000017913
1559343573,0.000017913
1559343574,0.000015698
1559343575,0.000015698
1559343576,0.000015698
1559343577,0.000015698
1559343578,0.000015698
1559343579,0.000018025
1559343580,0.000018025
1559343581,0.000018025
1559343582,0.000018025
1559343583,0.000018025
1559343584,0.000017598
1559343585,0.000017598
1559343586,0.000017598
1559343587,0.000017598
1559343588,0.000017598
1559343589,0.000017632
1559343590,0.000017632
1559343591,0.000017632
1559343592,0.000017632
1559343593,0.000017632
1559343594,0.000018576
1559343595,0.000018576
1559343596,0.000018576
1559343597,0.000018576
1559343598,0.000018576
1559343599,0.000024731
1559343600,0.000024731
1559343601,0.000024731
1559343602,0.000024731
1559343603,0.000024731
1559343604,0.000026987
1559343605,0.000026987
1559343606,0.000026987
1559343607,0.000026987
1559343608,0.000026987
1559343609,0.000024012
1559343610,0.000024012
1559343611,0.000024012
1559343612,0.000024012
1559343613,0.000024012
1559343614,0.000019034
1559343615,0.000019034
1559343616,0.000019034
1559343617,0.000019034
1559343618,0.000019034
1559343619,0.000017133
1559343620,0.000017133
1559343621,0.000017133
1559343622,0.000017133
1559343623,0.000017133
1559343624,0.000024023
1559343625,0.000024023
1559343626,0.000024023
1559343627,0.000024023
1559343628,0.000024023
1559343629,0.000020078
1559343630,0.000020078
1559343631,0.000020078
1559343632,0.000020078
1559343633,0.000020078
1559343634,0.000021806
1559343635,0.000021806
1559343636,0.000021806
1559343637,0.000021806
1559343638,0.000021806
1559343639,0.000052334
1559343640,0.000052334
1559343641,0.000052334
1559343642,0.000052334
1559343643,0.000052334
1559343644,0.000016174
1559343645,0.000016174
1559343646,0.000016174
1559343647,0.000016174
1559343648,0.000016174
1559343649,0.000017633
1559343650,0.000017633
1559343651,0.000017633
1559343652,0.000017633
1559343653,0.000017633
1559343654,0.000021806
1559343655,0.000021806
1559343656,0.000021806
1559343657,0.000021806
1559343658,0.000021806
1559343659,0.000015489
1559343660,0.000015489
1559343661,0.000015489
1559343662,0.000015489
1559343663,0.000015489
1559343664,0.000013535
1559343665,0.000013535
1559343666,0.000013535
1559343667,0.000013535
1559343668,0.000013535
1559343669,0.000012594
1559343670,0.000012594
1559343671,0.000012594
1559343672,0.000012594
1559343673,0.000012594
1559343674,0.000021344
1559343675,0.000021344
1559343676,0.000021344
1559343677,0.000021344
1559343678,0.000021344
1559343679,0.00003004
1559343680,0.00003004
1559343681,0.00003004
1559343682,0.00003004
1559343683,0.00003004
1559343684,0.000016076
1559343685,0.000016076
1559343686,0.000016076
1559343687,0.000016076
1559343688,0.000016076
1559343689,0.000027507
1559343690,0.000027507
1559343691,0.000027507
1559343692,0.000027507
1559343693,0.000027507
1559343694,0.000032189
1559343695,0.000032189
1559343696,0.000032189
1559343697,0.000032189
1559343698,0.000032189
1559343699,0.000025544
1559343700,0.000025544
1559343701,0.000025544
1559343702,0.000025544
1559343703,0.000025544
1559343704,0.000015874
1559343705,0.000015874
1559343706,0.000015874
1559343707,0.000015874
1559343708,0.000015874
1559343709,0.0000159
1559343710,0.0000159
1559343711,0.0000159
1559343712,0.0000159
1559343713,0.0000159
1559343714,0.000016232
1559343715,0.000016232
1559343716,0.000016232
1559343717,0.000016232
1559343718,0.000016232
1559343719,0.000019068
1559343720,0.000019068
1559343721,0.000019068
1559343722,0.000019068
1559343723,0.000019068
1559343724,0.000031801
1559343725,0.000031801
1559343726,0.000031801
1559343727,0.000031801
1559343728,0.000031801
1559343729,0.00001597
1559343730,0.00001597
1559343731,0.00001597
1559343732,0.00001597
1559343733,0.00001597
1559343734,0.000014904
1559343735,0.000014904
1559343736,0.000014904
1559343737,0.000014904
1559343738,0.000014904
1559343739,0.000012415
1559343740,0.000012415
1559343741,0.000012415
1559343742,0.000012415
1559343743,0.000012415
1559343744,0.00001957
1559343745,0.00001957
1559343746,0.00001957
1559343747,0.00001957
1559343748,0.00001957
1559343749,0.00002972
1559343750,0.00002972
1559343751,0.00002972
1559343752,0.00002972
1559343753,0.00002972
1559343754,0.000013907
1559343755,0.000013907
1559343756,0.000013907
1559343757,0.000013907
1559343758,0.000013907
1559343759,0.000022289
1559343760,0.000022289
1559343761,0.000022289
1559343762,0.000022289
1559343763,0.000022289
1559343764,0.000033769
1559343765,0.000033769
1559343766,0.000033769
1559343767,0.000033769
1559343768,0.000033769
1559343769,0.000015865
1559343770,0.000015865
1559343771,0.000015865
1559343772,0.000015865
1559343773,0.000015865
1559343774,0.000015438
1559343775,0.000015438
1559343776,0.000015438
1559343777,0.000015438
1559343778,0.000015438
1559343779,0.000030604
1559343780,0.000030604
1559343781,0.000030604
1559343782,0.000030604
1559343783,0.000030604
1559343784,0.000012519
1559343785,0.000012519
1559343786,0.000012519
1559343787,0.000012519
1559343788,0.000012519
1559343789,0.00001555
1559343790,0.00001555
1559343791,0.00001555
1559343792,0.00001555
1559343793,0.00001555
1559343794,0.00002677
1559343795,0.00002677
1559343796,0.00002677
1559343797,0.00002677
1559343798,0.00002677
1559343799,0.000013925
1559343800,0.000013925
1559343801,0.000013925
1559343802,0.000013925
1559343803,0.000013925
1559343804,0.000014169
1559343805,0.000014169
1559343806,0.000014169
1559343807,0.000014169
1559343808,0.000014169
1559343809,0.000014917
1559343810,0.000014917
1559343811,0.000014917
1559343812,0.000014917
1559343813,0.000014917
1559343814,0.000016692
1559343815,0.000016692
1559343816,0.000016692
1559343817,0.000016692
1559343818,0.000016692
1559343819,0.000012993
1559343820,0.000012993
1559343821,0.000012993
1559343822,0.000012993
1559343823,0.000012993
1559343824,0.000017268
1559343825,0.000017268
1559343826,0.000017268
1559343827,0.000017268
1559343828,0.000017268
1559343829,0.000030307
1559343830,0.000030307
1559343831,0.000030307
1559343832,0.000030307
1559343833,0.000030307
1559343834,0.000018496
1559343835,0.000018496
1559343836,0.000018496
1559343837,0.000018496
1559343838,0.000018496
1559343839,0.000014829
1559343840,0.000014829
1559343841,0.000014829
1559343842,0.000014829
1559343843,0.000014829
1559343844,0.000027946
1559343845,0.000027946
1559343846,0.000027946
1559343847,0.000027946
1559343848,0.000027946
1559343849,0.000013159
1559343850,0.000013159
1559343851,0.000013159
1559343852,0.000013159
1559343853,0.000013159
1559343854,0.000015653
1559343855,0.000015653
1559343856,0.000015653
1559343857,0.000015653
1559343858,0.000015653
1559343859,0.000017198
1559343860,0.000017198
1559343861,0.000017198
1559343862,0.000017198
1559343863,0.000017198
1559343864,0.000016323
1559343865,0.000016323
1559343866,0.000016323
1559343867,0.000016323
1559343868,0.000016323
1559343869,0.000020132
1559343870,0.000020132
1559343871,0.000020132
1559343872,0.000020132
1559343873,0.000020132
1559343874,0.000016192
1559343875,0.000016192
1559343876,0.000016192
1559343877,0.000016192
1559343878,0.000016192
1559343879,0.000018391
1559343880,0.000018391
1559343881,0.000018391
1559343882,0.000018391
1559343883,0.000018391
1559343884,0.000014656
1559343885,0.000014656
1559343886,0.000014656
1559343887,0.000014656
1559343888,0.000014656
1559343889,0.000012558
1559343890,0.000012558
1559343891,0.000012558
1559343892,0.000012558
1559343893,0.000012558
1559343894,0.000022128
1559343895,0.000022128
1559343896,0.000022128
1559343897,0.000022128
1559343898,0.000022128
1559343899,0.00002907
1559343900,0.00002907
1559343901,0.00002907
1559343902,0.00002907
1559343903,0.00002907
1559343904,0.000015439
1559343905,0.000015439
1559343906,0.000015439
1559343907,0.000015439
1559343908,0.000015439
1559343909,0.0000152
1559343910,0.0000152
1559343911,0.0000152
1559343912,0.0000152
1559343913,0.0000152
1559343914,0.000014637
1559343915,0.000014637
1559343916,0.000014637
1559343917,0.000014637
1559343918,0.000014637
1559343919,0.000017138
1559343920,0.000017138
1559343921,0.000017138
1559343922,0.000017138
1559343923,0.000017138
1559343924,0.000014949
1559343925,0.000014949
1559343926,0.000014949
1559343927,0.000014949
1559343928,0.000014949
1559343929,0.000019423
1559343930,0.000019423
1559343931,0.000019423
1559343932,0.000019423
1559343933,0.000019423
1559343934,0.000015154
1559343935,0.000015154
1559343936,0.000015154
1559343937,0.000015154
1559343938,0.000015154
1559343939,0.000016922
1559343940,0.000016922
1559343941,0.000016922
1559343942,0.000016922
1559343943,0.000016922
1559343944,0.000021691
1559343945,0.000021691
1559343946,0.000021691
1559343947,0.000021691
1559343948,0.000021691
1559343949,0.000016391
1559343950,0.000016391
1559343951,0.000016391
1559343952,0.000016391
1559343953,0.000016391
1559343954,0.000014413
1559343955,0.000014413
1559343956,0.000014413
1559343957,0.000014413
1559343958,0.000014413
1559343959,0.000024484
1559343960,0.000024484
1559343961,0.000024484
1559343962,0.000024484
1559343963,0.000024484
1559343964,0.0000152
1559343965,0.0000152
1559343966,0.0000152
1559343967,0.0000152
1559343968,0.0000152
1559343969,0.000017833
1559343970,0.000017833
1559343971,0.000017833
1559343972,0.000017833
1559343973,0.000017833
1559343974,0.000020472
1559343975,0.000020472
1559343976,0.000020472
1559343977,0.000020472
1559343978,0.000020472
1559343979,0.000012312
1559343980,0.000012312
1559343981,0.000012312
1559343982,0.000012312
1559343983,0.000012312
1559343984,0.000020662
1559343985,0.000020662
1559343986,0.000020662
1559343987,0.000020662
1559343988,0.000020662
1559343989,0.000029836
1559343990,0.000029836
1559343991,0.000029836
1559343992,0.000029836
1559343993,0.000029836
1559343994,0.000017794
1559343995,0.000017794
1559343996,0.000017794
1559343997,0.000017794
1559343998,0.000017794
1559343999,0.00002317
1559344000,0.00002317
1559344001,0.00002317
1559344002,0.00002317
1559344003,0.00002317
1559344004,0.000017036
1559344005,0.000017036
1559344006,0.000017036
1559344007,0.000017036
1559344008,0.000017036
1559344009,0.000020604
1559344010,0.000020604
1559344011,0.000020604
1559344012,0.000020604
1559344013,0.000020604
1559344014,0.000013904
1559344015,0.000013904
1559344016,0.000013904
1559344017,0.000013904
1559344018,0.000013904
1559344019,0.000013523
1559344020,0.000013523
1559344021,0.000013523
1559344022,0.000013523
1559344023,0.000013523
1559344024,0.000013785
1559344025,0.000013785
1559344026,0.000013785
1559344027,0.000013785
1559344028,0.000013785
1559344029,0.000015723
1559344030,0.000015723
1559344031,0.000015723
1559344032,0.000015723
1559344033,0.000015723
1559344034,0.000014529
1559344035,0.000014529
1559344036,0.000014529
1559344037,0.000014529
1559344038,0.000014529
1559344039,0.000020525
1559344040,0.000020525
1559344041,0.000020525
1559344042,0.000020525
1559344043,0.000020525
1559344044,0.000017599
1559344045,0.000017599
1559344046,0.000017599
1559344047,0.000017599
1559344048,0.000017599
1559344049,0.000016324
1559344050,0.000016324
1559344051,0.000016324
1559344052,0.000016324
1559344053,0.000016324
1559344054,0.000019769
1559344055,0.000019769
1559344056,0.000019769
1559344057,0.000019769
1559344058,0.000019769
1559344059,0.000015816
1559344060,0.000015816
1559344061,0.000015816
1559344062,0.000015816
1559344063,0.000015816
1559344064,0.000018848
1559344065,0.000018848
1559344066,0.000018848
1559344067,0.000018848
1559344068,0.000018848
1559344069,0.000020943
1559344070,0.000020943
1559344071,0.000020943
1559344072,0.000020943
1559344073,0.000020943
1559344074,0.00001568
1559344075,0.00001568
1559344076,0.00001568
1559344077,0.00001568
1559344078,0.00001568
1559344079,0.000015318
1559344080,0.000015318
1559344081,0.000015318
1559344082,0.000015318
1559344083,0.000015318
1559344084,0.000014601
1559344085,0.000014601
1559344086,0.000014601
1559344087,0.000014601
1559344088,0.000014601
1559344089,0.000019416
1559344090,0.000019416
1559344091,0.000019416
1559344092,0.000019416
1559344093,0.000019416
1559344094,0.000014525
1559344095,0.000014525
1559344096,0.000014525
1559344097,0.000014525
1559344098,0.000014525
1559344099,0.000019344
1559344100,0.000019344
1559344101,0.000019344
1559344102,0.000019344
1559344103,0.000019344
1559344104,0.000016696
1559344105,0.000016696
1559344106,0.000016696
1559344107,0.000016696
1559344108,0.000016696
1559344109,0.000027535
1559344110,0.000027535
1559344111,0.000027535
1559344112,0.000027535
1559344113,0.000027535
1559344114,0.000013588
1559344115,0.000013588
1559344116,0.000013588
1559344117,0.000013588
1559344118,0.000013588
1559344119,0.000018565
1559344120,0.000018565
1559344121,0.000018565
1559344122,0.000018565
1559344123,0.000018565
1559344124,0.000017864
1559344125,0.000017864
1559344126,0.000017864
1559344127,0.000017864
1559344128,0.000017864
1559344129,0.000013942
1559344130,0.000013942
1559344131,0.000013942
1559344132,0.000013942
1559344133,0.000013942
1559344134,0.000015175
1559344135,0.000015175
1559344136,0.000015175
1559344137,0.000015175
1559344138,0.000015175
1559344139,0.000022741
1559344140,0.000022741
1559344141,0.000022741
1559344142,0.000022741
1559344143,0.000022741
1559344144,0.000028721
1559344145,0.000028721
1559344146,0.000028721
1559344147,0.000028721
1559344148,0.000028721
1559344149,0.000016295
1559344150,0.000016295
1559344151,0.000016295
1559344152,0.000016295
1559344153,0.000016295
1559344154,0.000014657
1559344155,0.000014657
1559344156,0.000014657
1559344157,0.000014657
1559344158,0.000014657
1559344159,0.000019507
1559344160,0.000019507
1559344161,0.000019507
1559344162,0.000019507
1559344163,0.000019507
1559344164,0.00001734
1559344165,0.00001734
1559344166,0.00001734
1559344167,0.00001734
1559344168,0.00001734
1559344169,0.000018719
1559344170,0.000018719
1559344171,0.000018719
1559344172,0.000018719
1559344173,0.000018719
1559344174,0.000022304
1559344175,0.000022304
1559344176,0.000022304
1559344177,0.000022304
1559344178,0.000022304
1559344179,0.000020259
1559344180,0.000020259
1559344181,0.000020259
1559344182,0.000020259
1559344183,0.000020259
1559344184,0.000015691
1559344185,0.000015691
1559344186,0.000015691
1559344187,0.000015691
1559344188,0.000015691
1559344189,0.00003252
1559344190,0.00003252
1559344191,0.00003252
1559344192,0.00003252
1559344193,0.00003252
1559344194,0.000016732
1559344195,0.000016732
1559344196,0.000016732
1559344197,0.000016732
1559344198,0.000016732
1559344199,0.000015129
1559344200,0.000015129
1559344201,0.000015129
1559344202,0.000015129
1559344203,0.000015129
1559344204,0.000015289
1559344205,0.000015289
1559344206,0.000015289
1559344207,0.000015289
1559344208,0.000015289
1559344209,0.00002133
1559344210,0.00002133
1559344211,0.00002133
1559344212,0.00002133
1559344213,0.00002133
1559344214,0.000013058
1559344215,0.000013058
1559344216,0.000013058
1559344217,0.000013058
1559344218,0.000013058
1559344219,0.000016569
1559344220,0.000016569
1559344221,0.000016569
1559344222,0.000016569
1559344223,0.000016569
1559344224,0.000018611
1559344225,0.000018611
1559344226,0.000018611
1559344227,0.000018611
1559344228,0.000018611
1559344229,0.000043626
1559344230,0.000043626
1559344231,0.000043626
1559344232,0.000043626
1559344233,0.000043626
1559344234,0.000033207
1559344235,0.000033207
1559344236,0.000033207
1559344237,0.000033207
1559344238,0.000033207
1559344239,0.000013583
1559344240,0.000013583
1559344241,0.000013583
1559344242,0.000013583
1559344243,0.000013583
1559344244,0.000029224
1559344245,0.000029224
1559344246,0.000029224
1559344247,0.000029224
1559344248,0.000029224
1559344249,0.000028015
1559344250,0.000028015
1559344251,0.000028015
1559344252,0.000028015
1559344253,0.000028015
1559344254,0.000022618
1559344255,0.000022618
1559344256,0.000022618
1559344257,0.000022618
1559344258,0.000022618
1559344259,0.000014384
1559344260,0.000014384
1559344261,0.000014384
1559344262,0.000014384
1559344263,0.000014384
1559344264,0.000017026
1559344265,0.000017026
1559344266,0.000017026
1559344267,0.000017026
1559344268,0.000017026
1559344269,0.000019291
1559344270,0.000019291
1559344271,0.000019291
1559344272,0.000019291
1559344273,0.000019291
1559344274,0.000015444
1559344275,0.000015444
1559344276,0.000015444
1559344277,0.000015444
1559344278,0.000015444
1559344279,0.000045276
1559344280,0.000045276
1559344281,0.000045276
1559344282,0.000045276
1559344283,0.000045276
1559344284,0.000019529
1559344285,0.000019529
1559344286,0.000019529
1559344287,0.000019529
1559344288,0.000019529
1559344289,0.000013065
1559344290,0.000013065
1559344291,0.000013065
1559344292,0.000013065
1559344293,0.000013065
1559344294,0.000014288
1559344295,0.000014288
1559344296,0.000014288
1559344297,0.000014288
1559344298,0.000014288
1559344299,0.000013702
1559344300,0.000013702
1559344301,0.000013702
1559344302,0.000013702
1559344303,0.000013702
1559344304,0.000018195
1559344305,0.000018195
1559344306,0.000018195
1559344307,0.000018195
1559344308,0.000018195
1559344309,0.000036591
1559344310,0.000036591
1559344311,0.000036591
1559344312,0.000036591
1559344313,0.000036591
1559344314,0.000015497
1559344315,0.000015497
1559344316,0.000015497
1559344317,0.000015497
1559344318,0.000015497
1559344319,0.000015484
1559344320,0.000015484
1559344321,0.000015484
1559344322,0.000015484
1559344323,0.000015484
1559344324,0.000060578
1559344325,0.000060578
1559344326,0.000060578
1559344327,0.000060578
1559344328,0.000060578
1559344329,0.000019068
1559344330,0.000019068
1559344331,0.000019068
1559344332,0.000019068
1559344333,0.000019068
1559344334,0.000015952
1559344335,0.000015952
1559344336,0.000015952
1559344337,0.000015952
1559344338,0.000015952
1559344339,0.00003992
1559344340,0.00003992
1559344341,0.00003992
1559344342,0.00003992
1559344343,0.00003992
1559344344,0.000014571
1559344345,0.000014571
1559344346,0.000014571
1559344347,0.000014571
1559344348,0.000014571
1559344349,0.000014562
1559344350,0.000014562
1559344351,0.000014562
1559344352,0.000014562
1559344353,0.000014562
1559344354,0.000016386
1559344355,0.000016386
1559344356,0.000016386
1559344357,0.000016386
1559344358,0.000016386
1559344359,0.000018078
1559344360,0.000018078
1559344361,0.000018078
1559344362,0.000018078
1559344363,0.000018078
1559344364,0.000028376
1559344365,0.000028376
1559344366,0.000028376
1559344367,0.000028376
1559344368,0.000028376
1559344369,0.00001904
1559344370,0.00001904
1559344371,0.00001904
1559344372,0.00001904
1559344373,0.00001904
1559344374,0.000021174
1559344375,0.000021174
1559344376,0.000021174
1559344377,0.000021174
1559344378,0.000021174
1559344379,0.000015939
1559344380,0.000015939
1559344381,0.000015939
1559344382,0.000015939
1559344383,0.000015939
1559344384,0.000020961
1559344385,0.000020961
1559344386,0.000020961
1559344387,0.000020961
1559344388,0.000020961
1559344389,0.000014473
1559344390,0.000014473
1559344391,0.000014473
1559344392,0.000014473
1559344393,0.000014473
1559344394,0.00001629
1559344395,0.00001629
1559344396,0.00001629
1559344397,0.00001629
1559344398,0.00001629
1559344399,0.000021414
1559344400,0.000021414
1559344401,0.000021414
1559344402,0.000021414
1559344403,0.000021414
1559344404,0.000018628
1559344405,0.000018628
1559344406,0.000018628
1559344407,0.000018628
1559344408,0.000018628
1559344409,0.000015818
1559344410,0.000015818
1559344411,0.000015818
1559344412,0.000015818
1559344413,0.000015818
1559344414,0.000017486
1559344415,0.000017486
1559344416,0.000017486
1559344417,0.000017486
1559344418,0.000017486
1559344419,0.000043591
1559344420,0.000043591
1559344421,0.000043591
1559344422,0.000043591
1559344423,0.000043591
1559344424,0.00002001
1559344425,0.00002001
1559344426,0.00002001
1559344427,0.00002001
1559344428,0.00002001
1559344429,0.000021049
1559344430,0.000021049
1559344431,0.000021049
1559344432,0.000021049
1559344433,0.000021049
1559344434,0.000014982
1559344435,0.000014982
1559344436,0.000014982
1559344437,0.000014982
1559344438,0.000014982
1559344439,0.000018516
1559344440,0.000018516
1559344441,0.000018516
1559344442,0.000018516
1559344443,0.000018516
1559344444,0.000028189
1559344445,0.000028189
1559344446,0.000028189
1559344447,0.000028189
1559344448,0.000028189
1559344449,0.000016561
1559344450,0.000016561
1559344451,0.000016561
1559344452,0.000016561
1559344453,0.000016561
1559344454,0.000017754
1559344455,0.000017754
1559344456,0.000017754
1559344457,0.000017754
1559344458,0.000017754
1559344459,0.000022782
1559344460,0.000022782
1559344461,0.000022782
1559344462,0.000022782
1559344463,0.000022782
1559344464,0.000017288
1559344465,0.000017288
1559344466,0.000017288
1559344467,0.000017288
1559344468,0.000017288
1559344469,0.000024994
1559344470,0.000024994
1559344471,0.000024994
1559344472,0.000024994
1559344473,0.000024994
1559344474,0.000019656
1559344475,0.000019656
1559344476,0.000019656
1559344477,0.000019656
1559344478,0.000019656
1559344479,0.000037202
1559344480,0.000037202
1559344481,0.000037202
1559344482,0.000037202
1559344483,0.000037202
1559344484,0.00001354
1559344485,0.00001354
1559344486,0.00001354
1559344487,0.00001354
1559344488,0.00001354
1559344489,0.000014236
1559344490,0.000014236
1559344491,0.000014236
1559344492,0.000014236
1559344493,0.000014236
1559344494,0.000016631
1559344495,0.000016631
1559344496,0.000016631
1559344497,0.000016631
1559344498,0.000016631
1559344499,0.000029771
1559344500,0.000029771
1559344501,0.000029771
1559344502,0.000029771
1559344503,0.000029771
1559344504,0.000023609
1559344505,0.000023609
1559344506,0.000023609
1559344507,0.000023609
1559344508,0.000023609
1559344509,0.000019404
1559344510,0.000019404
1559344511,0.000019404
1559344512,0.000019404
1559344513,0.000019404
1559344514,0.000014678
1559344515,0.000014678
1559344516,0.000014678
1559344517,0.000014678
1559344518,0.000014678
1559344519,0.000017104
1559344520,0.000017104
1559344521,0.000017104
1559344522,0.000017104
1559344523,0.000017104
1559344524,0.000015829
1559344525,0.000015829
1559344526,0.000015829
1559344527,0.000015829
1559344528,0.000015829
1559344529,0.000019601
1559344530,0.000019601
1559344531,0.000019601
1559344532,0.000019601
1559344533,0.000019601
1559344534,0.000023282
1559344535,0.000023282
1559344536,0.000023282
1559344537,0.000023282
1559344538,0.000023282
1559344539,0.000035231
1559344540,0.000035231
1559344541,0.000035231
1559344542,0.000035231
1559344543,0.000035231
1559344544,0.000020691
1559344545,0.000020691
1559344546,0.000020691
1559344547,0.000020691
1559344548,0.000020691
1559344549,0.000016077
1559344550,0.000016077
1559344551,0.000016077
1559344552,0.000016077
1559344553,0.000016077
1559344554,0.000014634
1559344555,0.000014634
1559344556,0.000014634
1559344557,0.000014634
1559344558,0.000014634
1559344559,0.000034511
1559344560,0.000034511
1559344561,0.000034511
1559344562,0.000034511
1559344563,0.000034511
1559344564,0.00001355
1559344565,0.00001355
1559344566,0.00001355
1559344567,0.00001355
1559344568,0.00001355
1559344569,0.000028686
1559344570,0.000028686
1559344571,0.000028686
1559344572,0.000028686
1559344573,0.000028686
1559344574,0.000016994
1559344575,0.000016994
1559344576,0.000016994
1559344577,0.000016994
1559344578,0.000016994
1559344579,0.000022296
1559344580,0.000022296
1559344581,0.000022296
1559344582,0.000022296
1559344583,0.000022296
1559344584,0.000052552
1559344585,0.000052552
1559344586,0.000052552
1559344587,0.000052552
1559344588,0.000052552
1559344589,0.000013646
1559344590,0.000013646
1559344591,0.000013646
1559344592,0.000013646
1559344593,0.000013646
1559344594,0.000021019
1559344595,0.000021019
1559344596,0.000021019
1559344597,0.000021019
1559344598,0.000021019
1559344599,0.000025966
1559344600,0.000025966
1559344601,0.000025966
1559344602,0.000025966
1559344603,0.000025966
1559344604,0.000019643
1559344605,0.000019643
1559344606,0.000019643
1559344607,0.000019643
1559344608,0.000019643
1559344609,0.000029278
1559344610,0.000029278
1559344611,0.000029278
1559344612,0.000029278
1559344613,0.000029278
1559344614,0.000018374
1559344615,0.000018374
1559344616,0.000018374
1559344617,0.000018374
1559344618,0.000018374
1559344619,0.000014479
1559344620,0.000014479
1559344621,0.000014479
1559344622,0.000014479
1559344623,0.000014479
1559344624,0.000016245
1559344625,0.000016245
1559344626,0.000016245
1559344627,0.000016245
1559344628,0.000016245
1559344629,0.000015735
1559344630,0.000015735
1559344631,0.000015735
1559344632,0.000015735
1559344633,0.000015735
1559344634,0.000016812
1559344635,0.000016812
1559344636,0.000016812
1559344637,0.000016812
1559344638,0.000016812
1559344639,0.000014799
1559344640,0.000014799
1559344641,0.000014799
1559344642,0.000014799
1559344643,0.000014799
1559344644,0.000016083
1559344645,0.000016083
1559344646,0.000016083
1559344647,0.000016083
1559344648,0.000016083
1559344649,0.000020635
1559344650,0.000020635
1559344651,0.000020635
1559344652,0.000020635
1559344653,0.000020635
1559344654,0.000014928
1559344655,0.000014928
1559344656,0.000014928
1559344657,0.000014928
1559344658,0.000014928
1559344659,0.000018896
1559344660,0.000018896
1559344661,0.000018896
1559344662,0.000018896
1559344663,0.000018896
1559344664,0.000033058
1559344665,0.000033058
1559344666,0.000033058
1559344667,0.000033058
1559344668,0.000033058
1559344669,0.000017026
1559344670,0.000017026
1559344671,0.000017026
1559344672,0.000017026
1559344673,0.000017026
1559344674,0.000029292
1559344675,0.000029292
1559344676,0.000029292
1559344677,0.000029292
1559344678,0.000029292
1559344679,0.000016928
1559344680,0.000016928
1559344681,0.000016928
1559344682,0.000016928
1559344683,0.000016928
1559344684,0.000016956
1559344685,0.000016956
1559344686,0.000016956
1559344687,0.000016956
1559344688,0.000016956
1559344689,0.000031519
1559344690,0.000031519
1559344691,0.000031519
1559344692,0.000031519
1559344693,0.000031519
1559344694,0.000018649
1559344695,0.000018649
1559344696,0.000018649
1559344697,0.000018649
1559344698,0.000018649
1559344699,0.000027916
1559344700,0.000027916
1559344701,0.000027916
1559344702,0.000027916
1559344703,0.000027916
1559344704,0.000031468
1559344705,0.000031468
1559344706,0.000031468
1559344707,0.000031468
1559344708,0.000031468
1559344709,0.000026156
1559344710,0.000026156
1559344711,0.000026156
1559344712,0.000026156
1559344713,0.000026156
1559344714,0.000015139
1559344715,0.000015139
1559344716,0.000015139
1559344717,0.000015139
1559344718,0.000015139
1559344719,0.000021598
1559344720,0.000021598
1559344721,0.000021598
1559344722,0.000021598
1559344723,0.000021598
1559344724,0.000020389
1559344725,0.000020389
1559344726,0.000020389
1559344727,0.000020389
1559344728,0.000020389
1559344729,0.000030377
1559344730,0.000030377
1559344731,0.000030377
1559344732,0.000030377
1559344733,0.000030377
1559344734,0.000016979
1559344735,0.000016979
1559344736,0.000016979
1559344737,0.000016979
1559344738,0.000016979
1559344739,0.00003589
1559344740,0.00003589
1559344741,0.00003589
1559344742,0.00003589
1559344743,0.00003589
1559344744,0.00001666
1559344745,0.00001666
1559344746,0.00001666
1559344747,0.00001666
1559344748,0.00001666
1559344749,0.000020416
1559344750,0.000020416
1559344751,0.000020416
1559344752,0.000020416
1559344753,0.000020416
1559344754,0.000032646
1559344755,0.000032646
1559344756,0.000032646
1559344757,0.000032646
1559344758,0.000032646
1559344759,0.000032285
1559344760,0.000032285
1559344761,0.000032285
1559344762,0.000032285
1559344763,0.000032285
1559344764,0.000015899
1559344765,0.000015899
1559344766,0.000015899
1559344767,0.000015899
1559344768,0.000015899
1559344769,0.000013777
1559344770,0.000013777
1559344771,0.000013777
1559344772,0.000013777
1559344773,0.000013777
1559344774,0.000018209
1559344775,0.000018209
1559344776,0.000018209
1559344777,0.000018209
1559344778,0.000018209
1559344779,0.000014783
1559344780,0.000014783
1559344781,0.000014783
1559344782,0.000014783
1559344783,0.000014783
1559344784,0.000015817
1559344785,0.000015817
1559344786,0.000015817
1559344787,0.000015817
1559344788,0.000015817
1559344789,0.000015755
1559344790,0.000015755
1559344791,0.000015755
1559344792,0.000015755
1559344793,0.000015755
1559344794,0.000015005
1559344795,0.000015005
1559344796,0.000015005
1559344797,0.000015005
1559344798,0.000015005
1559344799,0.000014696
1559344800,0.000014696
1559344801,0.000014696
1559344802,0.000014696
1559344803,0.000014696
1559344804,0.000040402
1559344805,0.000040402
1559344806,0.000040402
1559344807,0.000040402
1559344808,0.000040402
1559344809,0.000015321
1559344810,0.000015321
1559344811,0.000015321
1559344812,0.000015321
1559344813,0.000015321
1559344814,0.000017433
1559344815,0.000017433
1559344816,0.000017433
1559344817,0.000017433
1559344818,0.000017433
1559344819,0.000036555
1559344820,0.000036555
1559344821,0.000036555
1559344822,0.000036555
1559344823,0.000036555
1559344824,0.000034581
1559344825,0.000034581
1559344826,0.000034581
1559344827,0.000034581
1559344828,0.000034581
1559344829,0.000015328
1559344830,0.000015328
1559344831,0.000015328
1559344832,0.000015328
1559344833,0.000015328
1559344834,0.000020514
1559344835,0.000020514
1559344836,0.000020514
1559344837,0.000020514
1559344838,0.000020514
1559344839,0.00001746
1559344840,0.00001746
1559344841,0.00001746
1559344842,0.00001746
1559344843,0.00001746
1559344844,0.000019119
1559344845,0.000019119
1559344846,0.000019119
1559344847,0.000019119
1559344848,0.000019119
1559344849,0.000017735
1559344850,0.000017735
1559344851,0.000017735
1559344852,0.000017735
1559344853,0.000017735
1559344854,0.000016125
1559344855,0.000016125
1559344856,0.000016125
1559344857,0.000016125
1559344858,0.000016125
1559344859,0.000022088
1559344860,0.000022088
1559344861,0.000022088
1559344862,0.000022088
1559344863,0.000022088
1559344864,0.000014398
1559344865,0.000014398
1559344866,0.000014398
1559344867,0.000014398
1559344868,0.000014398
1559344869,0.000015145
1559344870,0.000015145
1559344871,0.000015145
1559344872,0.000015145
1559344873,0.000015145
1559344874,0.000022601
1559344875,0.000022601
1559344876,0.000022601
1559344877,0.000022601
1559344878,0.000022601
1559344879,0.00001723
1559344880,0.00001723
1559344881,0.00001723
1559344882,0.00001723
1559344883,0.00001723
1559344884,0.000018206
1559344885,0.000018206
1559344886,0.000018206
1559344887,0.000018206
1559344888,0.000018206
1559344889,0.000015338
1559344890,0.000015338
1559344891,0.000015338
1559344892,0.000015338
1559344893,0.000015338
1559344894,0.000027552
1559344895,0.000027552
1559344896,0.000027552
1559344897,0.000027552
1559344898,0.000027552
1559344899,0.000018356
1559344900,0.000018356
1559344901,0.000018356
1559344902,0.000018356
1559344903,0.000018356
1559344904,0.000019996
1559344905,0.000019996
1559344906,0.000019996
1559344907,0.000019996
1559344908,0.000019996
1559344909,0.000019815
1559344910,0.000019815
1559344911,0.000019815
1559344912,0.000019815
1559344913,0.000019815
1559344914,0.000018819
1559344915,0.000018819
1559344916,0.000018819
1559344917,0.000018819
1559344918,0.000018819
1559344919,0.000020123
1559344920,0.000020123
1559344921,0.000020123
1559344922,0.000020123
1559344923,0.000020123
1559344924,0.000026349
1559344925,0.000026349
1559344926,0.000026349
1559344927,0.000026349
1559344928,0.000026349
1559344929,0.000021244
1559344930,0.000021244
1559344931,0.000021244
1559344932,0.000021244
1559344933,0.000021244
1559344934,0.000018451
1559344935,0.000018451
1559344936,0.000018451
1559344937,0.000018451
1559344938,0.000018451
1559344939,0.000029583
1559344940,0.000029583
1559344941,0.000029583
1559344942,0.000029583
1559344943,0.000029583
1559344944,0.000015569
1559344945,0.000015569
1559344946,0.000015569
1559344947,0.000015569
1559344948,0.000015569
1559344949,0.000015675
1559344950,0.000015675
1559344951,0.000015675
1559344952,0.000015675
1559344953,0.000015675
1559344954,0.000020162
1559344955,0.000020162
1559344956,0.000020162
1559344957,0.000020162
1559344958,0.000020162
1559344959,0.000013531
1559344960,0.000013531
1559344961,0.000013531
1559344962,0.000013531
1559344963,0.000013531
1559344964,0.000028778
1559344965,0.000028778
1559344966,0.000028778
1559344967,0.000028778
1559344968,0.000028778
1559344969,0.000012743
1559344970,0.000012743
1559344971,0.000012743
1559344972,0.000012743
1559344973,0.000012743
1559344974,0.00001639
1559344975,0.00001639
1559344976,0.00001639
1559344977,0.00001639
1559344978,0.00001639
1559344979,0.000012758
1559344980,0.000012758
1559344981,0.000012758
1559344982,0.000012758
1559344983,0.000012758
1559344984,0.000013396
1559344985,0.000013396
1559344986,0.000013396
1559344987,0.000013396
1559344988,0.000013396
1559344989,0.000013441
1559344990,0.000013441
1559344991,0.000013441
1559344992,0.000013441
1559344993,0.000013441
1559344994,0.000015043
1559344995,0.000015043
1559344996,0.000015043
1559344997,0.000015043
1559344998,0.000015043
1559344999,0.000024902
1559345000,0.000024902
1559345001,0.000024902
1559345002,0.000024902
1559345003,0.000024902
1559345004,0.000018411
1559345005,0.000018411
1559345006,0.000018411
1559345007,0.000018411
1559345008,0.000018411
1559345009,0.000032356
1559345010,0.000032356
1559345011,0.000032356
1559345012,0.000032356
1559345013,0.000032356
1559345014,0.000017293
1559345015,0.000017293
1559345016,0.000017293
1559345017,0.000017293
1559345018,0.000017293
1559345019,0.000017912
1559345020,0.000017912
1559345021,0.000017912
1559345022,0.000017912
1559345023,0.000017912
1559345024,0.000016191
1559345025,0.000016191
1559345026,0.000016191
1559345027,0.000016191
1559345028,0.000016191
1559345029,0.000019794
1559345030,0.000019794
1559345031,0.000019794
1559345032,0.000019794
1559345033,0.000019794
1559345034,0.000016123
1559345035,0.000016123
1559345036,0.000016123
1559345037,0.000016123
1559345038,0.000016123
1559345039,0.000016021
1559345040,0.000016021
1559345041,0.000016021
1559345042,0.000016021
1559345043,0.000016021
1559345044,0.000013867
1559345045,0.000013867
1559345046,0.000013867
1559345047,0.000013867
1559345048,0.000013867
1559345049,0.000019824
1559345050,0.000019824
1559345051,0.000019824
1559345052,0.000019824
1559345053,0.000019824
1559345054,0.000017857
1559345055,0.000017857
1559345056,0.000017857
1559345057,0.000017857
1559345058,0.000017857
1559345059,0.000020931
1559345060,0.000020931
1559345061,0.000020931
1559345062,0.000020931
1559345063,0.000020931
1559345064,0.000014924
1559345065,0.000014924
1559345066,0.000014924
1559345067,0.000014924
1559345068,0.000014924
1559345069,0.000016873
1559345070,0.000016873
1559345071,0.000016873
1559345072,0.000016873
1559345073,0.000016873
1559345074,0.000013723
1559345075,0.000013723
1559345076,0.000013723
1559345077,0.000013723
1559345078,0.000013723
1559345079,0.000032308
1559345080,0.000032308
1559345081,0.000032308
1559345082,0.000032308
1559345083,0.000032308
1559345084,0.000022172
1559345085,0.000022172
1559345086,0.000022172
1559345087,0.000022172
1559345088,0.000022172
1559345089,0.000020549
1559345090,0.000020549
1559345091,0.000020549
1559345092,0.000020549
1559345093,0.000020549
1559345094,0.000014982
1559345095,0.000014982
1559345096,0.000014982
1559345097,0.000014982
1559345098,0.000014982
1559345099,0.000017265
1559345100,0.000017265
1559345101,0.000017265
1559345102,0.000017265
1559345103,0.000017265
1559345104,0.000014545
1559345105,0.000014545
1559345106,0.000014545
1559345107,0.000014545
1559345108,0.000014545
1559345109,0.000017955
1559345110,0.000017955
1559345111,0.000017955
1559345112,0.000017955
1559345113,0.000017955
1559345114,0.000019638
1559345115,0.000019638
1559345116,0.000019638
1559345117,0.000019638
1559345118,0.000019638
1559345119,0.00001618
1559345120,0.00001618
1559345121,0.00001618
1559345122,0.00001618
1559345123,0.00001618
1559345124,0.000014722
1559345125,0.000014722
1559345126,0.000014722
1559345127,0.000014722
1559345128,0.000014722
1559345129,0.000016301
1559345130,0.000016301
1559345131,0.000016301
1559345132,0.000016301
1559345133,0.000016301
1559345134,0.000029135
1559345135,0.000029135
1559345136,0.000029135
1559345137,0.000029135
1559345138,0.000029135
1559345139,0.000036332
1559345140,0.000036332
1559345141,0.000036332
1559345142,0.000036332
1559345143,0.000036332
1559345144,0.000017367
1559345145,0.000017367
1559345146,0.000017367
1559345147,0.000017367
1559345148,0.000017367
1559345149,0.000018892
1559345150,0.000018892
1559345151,0.000018892
1559345152,0.000018892
1559345153,0.000018892
1559345154,0.000017444
1559345155,0.000017444
1559345156,0.000017444
1559345157,0.000017444
1559345158,0.000017444
1559345159,0.00003395
1559345160,0.00003395
1559345161,0.00003395
1559345162,0.00003395
1559345163,0.00003395
1559345164,0.0000463
1559345165,0.0000463
1559345166,0.0000463
1559345167,0.0000463
1559345168,0.0000463
1559345169,0.000025191
1559345170,0.000025191
1559345171,0.000025191
1559345172,0.000025191
1559345173,0.000025191
1559345174,0.000033656
1559345175,0.000033656
1559345176,0.000033656
1559345177,0.000033656
1559345178,0.000033656
1559345179,0.000018483
1559345180,0.000018483
1559345181,0.000018483
1559345182,0.000018483
1559345183,0.000018483
1559345184,0.00002077
1559345185,0.00002077
1559345186,0.00002077
1559345187,0.00002077
1559345188,0.00002077
1559345189,0.000012274
1559345190,0.000012274
1559345191,0.000012274
1559345192,0.000012274
1559345193,0.000012274
1559345194,0.000016966
1559345195,0.000016966
1559345196,0.000016966
1559345197,0.000016966
1559345198,0.000016966
1559345199,0.000018213
1559345200,0.000018213
1559345201,0.000018213
1559345202,0.000018213
1559345203,0.000018213
1559345204,0.000025005
1559345205,0.000025005
1559345206,0.000025005
1559345207,0.000025005
1559345208,0.000025005
1559345209,0.000027197
1559345210,0.000027197
1559345211,0.000027197
1559345212,0.000027197
1559345213,0.000027197
1559345214,0.000013867
1559345215,0.000013867
1559345216,0.000013867
1559345217,0.000013867
1559345218,0.000013867
1559345219,0.00002047
1559345220,0.00002047
1559345221,0.00002047
1559345222,0.00002047
1559345223,0.00002047
1559345224,0.000014509
1559345225,0.000014509
1559345226,0.000014509
1559345227,0.000014509
1559345228,0.000014509
1559345229,0.000017087
1559345230,0.000017087
1559345231,0.000017087
1559345232,0.000017087
1559345233,0.000017087
1559345234,0.000026337
1559345235,0.000026337
1559345236,0.000026337
1559345237,0.000026337
1559345238,0.000026337
1559345239,0.000017792
1559345240,0.000017792
1559345241,0.000017792
1559345242,0.000017792
1559345243,0.000017792
1559345244,0.000016997
1559345245,0.000016997
1559345246,0.000016997
1559345247,0.000016997
1559345248,0.000016997
1559345249,0.000020191
1559345250,0.000020191
1559345251,0.000020191
1559345252,0.000020191
1559345253,0.000020191
1559345254,0.000031425
1559345255,0.000031425
1559345256,0.000031425
1559345257,0.000031425
1559345258,0.000031425
1559345259,0.000016722
1559345260,0.000016722
1559345261,0.000016722
1559345262,0.000016722
1559345263,0.000016722
1559345264,0.000018405
1559345265,0.000018405
1559345266,0.000018405
1559345267,0.000018405
1559345268,0.000018405
1559345269,0.000019227
1559345270,0.000019227
1559345271,0.000019227
1559345272,0.000019227
1559345273,0.000019227
1559345274,0.000018109
1559345275,0.000018109
1559345276,0.000018109
1559345277,0.000018109
1559345278,0.000018109
1559345279,0.000029983
1559345280,0.000029983
1559345281,0.000029983
1559345282,0.000029983
1559345283,0.000029983
1559345284,0.000019544
1559345285,0.000019544
1559345286,0.000019544
1559345287,0.000019544
1559345288,0.000019544
1559345289,0.000023443
1559345290,0.000023443
1559345291,0.000023443
1559345292,0.000023443
1559345293,0.000023443
1559345294,0.000017832
1559345295,0.000017832
1559345296,0.000017832
1559345297,0.000017832
1559345298,0.000017832
1559345299,0.000040114
1559345300,0.000040114
1559345301,0.000040114
1559345302,0.000040114
1559345303,0.000040114
1559345304,0.000014761
1559345305,0.000014761
1559345306,0.000014761
1559345307,0.000014761
1559345308,0.000014761
1559345309,0.000023924
1559345310,0.000023924
1559345311,0.000023924
1559345312,0.000023924
1559345313,0.000023924
1559345314,0.000015693
1559345315,0.000015693
1559345316,0.000015693
1559345317,0.000015693
1559345318,0.000015693
1559345319,0.00001966
1559345320,0.00001966
1559345321,0.00001966
1559345322,0.00001966
1559345323,0.00001966
1559345324,0.000031028
1559345325,0.000031028
1559345326,0.000031028
1559345327,0.000031028
1559345328,0.000031028
1559345329,0.000013265
1559345330,0.000013265
1559345331,0.000013265
1559345332,0.000013265
1559345333,0.000013265
1559345334,0.000024222
1559345335,0.000024222
1559345336,0.000024222
1559345337,0.000024222
1559345338,0.000024222
1559345339,0.000016176
1559345340,0.000016176
1559345341,0.000016176
1559345342,0.000016176
1559345343,0.000016176
1559345344,0.000029398
1559345345,0.000029398
1559345346,0.000029398
1559345347,0.000029398
1559345348,0.000029398
1559345349,0.000014291
1559345350,0.000014291
1559345351,0.000014291
1559345352,0.000014291
1559345353,0.000014291
1559345354,0.000017198
1559345355,0.000017198
1559345356,0.000017198
1559345357,0.000017198
1559345358,0.000017198
1559345359,0.000015286
1559345360,0.000015286
1559345361,0.000015286
1559345362,0.000015286
1559345363,0.000015286
1559345364,0.000031203
1559345365,0.000031203
1559345366,0.000031203
1559345367,0.000031203
1559345368,0.000031203
1559345369,0.000015923
1559345370,0.000015923
1559345371,0.000015923
1559345372,0.000015923
1559345373,0.000015923
1559345374,0.000039158
1559345375,0.000039158
1559345376,0.000039158
1559345377,0.000039158
1559345378,0.000039158
1559345379,0.000014152
1559345380,0.000014152
1559345381,0.000014152
1559345382,0.000014152
1559345383,0.000014152
1559345384,0.000014324
1559345385,0.000014324
1559345386,0.000014324
1559345387,0.000014324
1559345388,0.000014324
1559345389,0.000024091
1559345390,0.000024091
1559345391,0.000024091
1559345392,0.000024091
1559345393,0.000024091
1559345394,0.000031403
1559345395,0.000031403
1559345396,0.000031403
1559345397,0.000031403
1559345398,0.000031403
1559345399,0.000016145
1559345400,0.000016145
1559345401,0.000016145
1559345402,0.000016145
1559345403,0.000016145
1559345404,0.000032696
1559345405,0.000032696
1559345406,0.000032696
1559345407,0.000032696
1559345408,0.000032696
1559345409,0.000015112
1559345410,0.000015112
1559345411,0.000015112
1559345412,0.000015112
1559345413,0.000015112
1559345414,0.000038311
1559345415,0.000038311
1559345416,0.000038311
1559345417,0.000038311
1559345418,0.000038311
1559345419,0.000064418
1559345420,0.000064418
1559345421,0.000064418
1559345422,0.000064418
1559345423,0.000064418
1559345424,0.000015911
1559345425,0.000015911
1559345426,0.000015911
1559345427,0.000015911
1559345428,0.000015911
1559345429,0.000015148
1559345430,0.000015148
1559345431,0.000015148
1559345432,0.000015148
1559345433,0.000015148
1559345434,0.00001704
1559345435,0.00001704
1559345436,0.00001704
1559345437,0.00001704
1559345438,0.00001704
1559345439,0.000020233
1559345440,0.000020233
1559345441,0.000020233
1559345442,0.000020233
1559345443,0.000020233
1559345444,0.000017236
1559345445,0.000017236
1559345446,0.000017236
1559345447,0.000017236
1559345448,0.000017236
1559345449,0.000016042
1559345450,0.000016042
1559345451,0.000016042
1559345452,0.000016042
1559345453,0.000016042
1559345454,0.000031527
1559345455,0.000031527
1559345456,0.000031527
1559345457,0.000031527
1559345458,0.000031527
1559345459,0.000039381
1559345460,0.000039381
1559345461,0.000039381
1559345462,0.000039381
1559345463,0.000039381
1559345464,0.000016074
1559345465,0.000016074
1559345466,0.000016074
1559345467,0.000016074
1559345468,0.000016074
1559345469,0.000032375
1559345470,0.000032375
1559345471,0.000032375
1559345472,0.000032375
1559345473,0.000032375
1559345474,0.000016676
1559345475,0.000016676
1559345476,0.000016676
1559345477,0.000016676
1559345478,0.000016676
1559345479,0.000015117
1559345480,0.000015117
1559345481,0.000015117
1559345482,0.000015117
1559345483,0.000015117
1559345484,0.000016365
1559345485,0.000016365
1559345486,0.000016365
1559345487,0.000016365
1559345488,0.000016365
1559345489,0.000018021
1559345490,0.000018021
1559345491,0.000018021
1559345492,0.000018021
1559345493,0.000018021
1559345494,0.000032283
1559345495,0.000032283
1559345496,0.000032283
1559345497,0.000032283
1559345498,0.000032283
1559345499,0.000021116
1559345500,0.000021116
1559345501,0.000021116
1559345502,0.000021116
1559345503,0.000021116
1559345504,0.000016408
1559345505,0.000016408
1559345506,0.000016408
1559345507,0.000016408
1559345508,0.000016408
1559345509,0.000026611
1559345510,0.000026611
1559345511,0.000026611
1559345512,0.000026611
1559345513,0.000026611
1559345514,0.000019887
1559345515,0.000019887
1559345516,0.000019887
1559345517,0.000019887
1559345518,0.000019887
1559345519,0.000016922
1559345520,0.000016922
1559345521,0.000016922
1559345522,0.000016922
1559345523,0.000016922
1559345524,0.000060789
1559345525,0.000060789
1559345526,0.000060789
1559345527,0.000060789
1559345528,0.000060789
1559345529,0.000016241
1559345530,0.000016241
1559345531,0.000016241
1559345532,0.000016241
1559345533,0.000016241
1559345534,0.000016355
1559345535,0.000016355
1559345536,0.000016355
1559345537,0.000016355
1559345538,0.000016355
1559345539,0.000024956
1559345540,0.000024956
1559345541,0.000024956
1559345542,0.000024956
1559345543,0.000024956
1559345544,0.000011667
1559345545,0.000011667
1559345546,0.000011667
1559345547,0.000011667
1559345548,0.000011667
1559345549,0.000013682
1559345550,0.000013682
1559345551,0.000013682
1559345552,0.000013682
1559345553,0.000013682
1559345554,0.0000135
1559345555,0.0000135
1559345556,0.0000135
1559345557,0.0000135
1559345558,0.0000135
1559345559,0.000016564
1559345560,0.000016564
1559345561,0.000016564
1559345562,0.000016564
1559345563,0.000016564
1559345564,0.000015378
1559345565,0.000015378
1559345566,0.000015378
1559345567,0.000015378
1559345568,0.000015378
1559345569,0.000014716
1559345570,0.000014716
1559345571,0.000014716
1559345572,0.000014716
1559345573,0.000014716
1559345574,0.000018749
1559345575,0.000018749
1559345576,0.000018749
1559345577,0.000018749
1559345578,0.000018749
1559345579,0.00004859
1559345580,0.00004859
1559345581,0.00004859
1559345582,0.00004859
1559345583,0.00004859
1559345584,0.000038308
1559345585,0.000038308
1559345586,0.000038308
1559345587,0.000038308
1559345588,0.000038308
1559345589,0.000012781
1559345590,0.000012781
1559345591,0.000012781
1559345592,0.000012781
1559345593,0.000012781
1559345594,0.000017224
1559345595,0.000017224
1559345596,0.000017224
1559345597,0.000017224
1559345598,0.000017224
1559345599,0.00001506
1559345600,0.00001506
1559345601,0.00001506
1559345602,0.00001506
1559345603,0.00001506
1559345604,0.000025874
1559345605,0.000025874
1559345606,0.000025874
1559345607,0.000025874
1559345608,0.000025874
1559345609,0.000028528
1559345610,0.000028528
1559345611,0.000028528
1559345612,0.000028528
1559345613,0.000028528
1559345614,0.000030735
1559345615,0.000030735
1559345616,0.000030735
1559345617,0.000030735
1559345618,0.000030735
1559345619,0.000027448
1559345620,0.000027448
1559345621,0.000027448
1559345622,0.000027448
1559345623,0.000027448
1559345624,0.000020022
1559345625,0.000020022
1559345626,0.000020022
1559345627,0.000020022
1559345628,0.000020022
1559345629,0.000015601
1559345630,0.000015601
1559345631,0.000015601
1559345632,0.000015601
1559345633,0.000015601
1559345634,0.000017045
1559345635,0.000017045
1559345636,0.000017045
1559345637,0.000017045
1559345638,0.000017045
1559345639,0.000017577
1559345640,0.000017577
1559345641,0.000017577
1559345642,0.000017577
1559345643,0.000017577
1559345644,0.000015933
1559345645,0.000015933
1559345646,0.000015933
1559345647,0.000015933
1559345648,0.000015933
1559345649,0.000039293
1559345650,0.000039293
1559345651,0.000039293
1559345652,0.000039293
1559345653,0.000039293
1559345654,0.000020132
1559345655,0.000020132
1559345656,0.000020132
1559345657,0.000020132
1559345658,0.000020132
1559345659,0.000014521
1559345660,0.000014521
1559345661,0.000014521
1559345662,0.000014521
1559345663,0.000014521
1559345664,0.000013422
1559345665,0.000013422
1559345666,0.000013422
1559345667,0.000013422
1559345668,0.000013422
1559345669,0.000015905
1559345670,0.000015905
1559345671,0.000015905
1559345672,0.000015905
1559345673,0.000015905
1559345674,0.000014229
1559345675,0.000014229
1559345676,0.000014229
1559345677,0.000014229
1559345678,0.000014229
1559345679,0.000014404
1559345680,0.000014404
1559345681,0.000014404
1559345682,0.000014404
1559345683,0.000014404
1559345684,0.000019618
1559345685,0.000019618
1559345686,0.000019618
1559345687,0.000019618
1559345688,0.000019618
1559345689,0.000013458
1559345690,0.000013458
1559345691,0.000013458
1559345692,0.000013458
1559345693,0.000013458
1559345694,0.000023313
1559345695,0.000023313
1559345696,0.000023313
1559345697,0.000023313
1559345698,0.000023313
1559345699,0.000012656
1559345700,0.000012656
1559345701,0.000012656
1559345702,0.000012656
1559345703,0.000012656
1559345704,0.000018088
1559345705,0.000018088
1559345706,0.000018088
1559345707,0.000018088
1559345708,0.000018088
1559345709,0.000012606
1559345710,0.000012606
1559345711,0.000012606
1559345712,0.000012606
1559345713,0.000012606
1559345714,0.000041321
1559345715,0.000041321
1559345716,0.000041321
1559345717,0.000041321
1559345718,0.000041321
1559345719,0.000017453
1559345720,0.000017453
1559345721,0.000017453
1559345722,0.000017453
1559345723,0.000017453
1559345724,0.000013692
1559345725,0.000013692
1559345726,0.000013692
1559345727,0.000013692
1559345728,0.000013692
1559345729,0.000013711
1559345730,0.000013711
1559345731,0.000013711
1559345732,0.000013711
1559345733,0.000013711
1559345734,0.000018857
1559345735,0.000018857
1559345736,0.000018857
1559345737,0.000018857
1559345738,0.000018857
1559345739,0.000030506
1559345740,0.000030506
1559345741,0.000030506
1559345742,0.000030506
1559345743,0.000030506
1559345744,0.000020735
1559345745,0.000020735
1559345746,0.000020735
1559345747,0.000020735
1559345748,0.000020735
1559345749,0.0000181
1559345750,0.0000181
1559345751,0.0000181
1559345752,0.0000181
1559345753,0.0000181
1559345754,0.000016247
1559345755,0.000016247
1559345756,0.000016247
1559345757,0.000016247
1559345758,0.000016247
1559345759,0.000032422
1559345760,0.000032422
1559345761,0.000032422
1559345762,0.000032422
1559345763,0.000032422
1559345764,0.000016246
1559345765,0.000016246
1559345766,0.000016246
1559345767,0.000016246
1559345768,0.000016246
1559345769,0.000022803
1559345770,0.000022803
1559345771,0.000022803
1559345772,0.000022803
1559345773,0.000022803
1559345774,0.000034901
1559345775,0.000034901
1559345776,0.000034901
1559345777,0.000034901
1559345778,0.000034901
1559345779,0.000026094
1559345780,0.000026094
1559345781,0.000026094
1559345782,0.000026094
1559345783,0.000026094
1559345784,0.000025719
1559345785,0.000025719
1559345786,0.000025719
1559345787,0.000025719
1559345788,0.000025719
1559345789,0.000022986
1559345790,0.000022986
1559345791,0.000022986
1559345792,0.000022986
1559345793,0.000022986
1559345794,0.000015786
1559345795,0.000015786
1559345796,0.000015786
1559345797,0.000015786
1559345798,0.000015786
1559345799,0.000020514
1559345800,0.000020514
1559345801,0.000020514
1559345802,0.000020514
1559345803,0.000020514
1559345804,0.000016218
1559345805,0.000016218
1559345806,0.000016218
1559345807,0.000016218
1559345808,0.000016218
1559345809,0.000024678
1559345810,0.000024678
1559345811,0.000024678
1559345812,0.000024678
1559345813,0.000024678
1559345814,0.000019258
1559345815,0.000019258
1559345816,0.000019258
1559345817,0.000019258
1559345818,0.000019258
1559345819,0.000012418
1559345820,0.000012418
1559345821,0.000012418
1559345822,0.000012418
1559345823,0.000012418
1559345824,0.000025372
1559345825,0.000025372
1559345826,0.000025372
1559345827,0.000025372
1559345828,0.000025372
1559345829,0.000025544
1559345830,0.000025544
1559345831,0.000025544
1559345832,0.000025544
1559345833,0.000025544
1559345834,0.000014914
1559345835,0.000014914
1559345836,0.000014914
1559345837,0.000014914
1559345838,0.000014914
1559345839,0.000024604
1559345840,0.000024604
1559345841,0.000024604
1559345842,0.000024604
1559345843,0.000024604
1559345844,0.000018543
1559345845,0.000018543
1559345846,0.000018543
1559345847,0.000018543
1559345848,0.000018543
1559345849,0.000032697
1559345850,0.000032697
1559345851,0.000032697
1559345852,0.000032697
1559345853,0.000032697
1559345854,0.000014959
1559345855,0.000014959
1559345856,0.000014959
1559345857,0.000014959
1559345858,0.000014959
1559345859,0.000016591
1559345860,0.000016591
1559345861,0.000016591
1559345862,0.000016591
1559345863,0.000016591
1559345864,0.00002809
1559345865,0.00002809
1559345866,0.00002809
1559345867,0.00002809
1559345868,0.00002809
1559345869,0.000020257
1559345870,0.000020257
1559345871,0.000020257
1559345872,0.000020257
1559345873,0.000020257
1559345874,0.00002689
1559345875,0.00002689
1559345876,0.00002689
1559345877,0.00002689
1559345878,0.00002689
1559345879,0.000015714
1559345880,0.000015714
1559345881,0.000015714
1559345882,0.000015714
1559345883,0.000015714
1559345884,0.000023173
1559345885,0.000023173
1559345886,0.000023173
1559345887,0.000023173
1559345888,0.000023173
1559345889,0.00001525
1559345890,0.00001525
1559345891,0.00001525
1559345892,0.00001525
1559345893,0.00001525
1559345894,0.000015659
1559345895,0.000015659
1559345896,0.000015659
1559345897,0.000015659
1559345898,0.000015659
1559345899,0.000015154
1559345900,0.000015154
1559345901,0.000015154
1559345902,0.000015154
1559345903,0.000015154
1559345904,0.000015594
1559345905,0.000015594
1559345906,0.000015594
1559345907,0.000015594
1559345908,0.000015594
1559345909,0.000013041
1559345910,0.000013041
1559345911,0.000013041
1559345912,0.000013041
1559345913,0.000013041
1559345914,0.00002595
1559345915,0.00002595
1559345916,0.00002595
1559345917,0.00002595
1559345918,0.00002595
1559345919,0.000015308
1559345920,0.000015308
1559345921,0.000015308
1559345922,0.000015308
1559345923,0.000015308
1559345924,0.000055514
1559345925,0.000055514
1559345926,0.000055514
1559345927,0.000055514
1559345928,0.000055514
1559345929,0.000041585
1559345930,0.000041585
1559345931,0.000041585
1559345932,0.000041585
1559345933,0.000041585
1559345934,0.000021637
1559345935,0.000021637
1559345936,0.000021637
1559345937,0.000021637
1559345938,0.000021637
1559345939,0.000046821
1559345940,0.000046821
1559345941,0.000046821
1559345942,0.000046821
1559345943,0.000046821
1559345944,0.00001528
1559345945,0.00001528
1559345946,0.00001528
1559345947,0.00001528
1559345948,0.00001528
1559345949,0.00001286
1559345950,0.00001286
1559345951,0.00001286
1559345952,0.00001286
1559345953,0.00001286
1559345954,0.000025705
1559345955,0.000025705
1559345956,0.000025705
1559345957,0.000025705
1559345958,0.000025705
1559345959,0.000029949
1559345960,0.000029949
1559345961,0.000029949
1559345962,0.000029949
1559345963,0.000029949
1559345964,0.000032927
1559345965,0.000032927
1559345966,0.000032927
1559345967,0.000032927
1559345968,0.000032927
1559345969,0.000033962
1559345970,0.000033962
1559345971,0.000033962
1559345972,0.000033962
1559345973,0.000033962
1559345974,0.00001906
1559345975,0.00001906
1559345976,0.00001906
1559345977,0.00001906
1559345978,0.00001906
1559345979,0.000019095
1559345980,0.000019095
1559345981,0.000019095
1559345982,0.000019095
1559345983,0.000019095
1559345984,0.000041483
1559345985,0.000041483
1559345986,0.000041483
1559345987,0.000041483
1559345988,0.000041483
1559345989,0.000029834
1559345990,0.000029834
1559345991,0.000029834
1559345992,0.000029834
1559345993,0.000029834
1559345994,0.000081957
1559345995,0.000081957
1559345996,0.000081957
1559345997,0.000081957
1559345998,0.000081957
1559345999,0.000026772
1559346000,0.000026772
1559346001,0.000026772
1559346002,0.000026772
1559346003,0.000026772
1559346004,0.000020799
1559346005,0.000020799
1559346006,0.000020799
1559346007,0.000020799
1559346008,0.000020799
1559346009,0.00003784
1559346010,0.00003784
1559346011,0.00003784
1559346012,0.00003784
1559346013,0.00003784
1559346014,0.000039224
1559346015,0.000039224
1559346016,0.000039224
1559346017,0.000039224
1559346018,0.000039224
1559346019,0.000045491
1559346020,0.000045491
1559346021,0.000045491
1559346022,0.000045491
1559346023,0.000045491
1559346024,0.000016626
1559346025,0.000016626
1559346026,0.000016626
1559346027,0.000016626
1559346028,0.000016626
1559346029,0.000015613
1559346030,0.000015613
1559346031,0.000015613
1559346032,0.000015613
1559346033,0.000015613
1559346034,0.000014441
1559346035,0.000014441
1559346036,0.000014441
1559346037,0.000014441
1559346038,0.000014441
1559346039,0.000014417
1559346040,0.000014417
1559346041,0.000014417
1559346042,0.000014417
1559346043,0.000014417
1559346044,0.000015034
1559346045,0.000015034
1559346046,0.000015034
1559346047,0.000015034
1559346048,0.000015034
1559346049,0.000014077
1559346050,0.000014077
1559346051,0.000014077
1559346052,0.000014077
1559346053,0.000014077
1559346054,0.00001612
1559346055,0.00001612
1559346056,0.00001612
1559346057,0.00001612
1559346058,0.00001612
1559346059,0.000016352
1559346060,0.000016352
1559346061,0.000016352
1559346062,0.000016352
1559346063,0.000016352
1559346064,0.000022173
1559346065,0.000022173
1559346066,0.000022173
1559346067,0.000022173
1559346068,0.000022173
1559346069,0.000013329
1559346070,0.000013329
1559346071,0.000013329
1559346072,0.000013329
1559346073,0.000013329
1559346074,0.000027631
1559346075,0.000027631
1559346076,0.000027631
1559346077,0.000027631
1559346078,0.000027631
1559346079,0.000029531
1559346080,0.000029531
1559346081,0.000029531
1559346082,0.000029531
1559346083,0.000029531
1559346084,0.000023908
1559346085,0.000023908
1559346086,0.000023908
1559346087,0.000023908
1559346088,0.000023908
1559346089,0.00002077
1559346090,0.00002077
1559346091,0.00002077
1559346092,0.00002077
1559346093,0.00002077
1559346094,0.000015091
1559346095,0.000015091
1559346096,0.000015091
1559346097,0.000015091
1559346098,0.000015091
1559346099,0.000013066
1559346100,0.000013066
1559346101,0.000013066
1559346102,0.000013066
1559346103,0.000013066
1559346104,0.000013589
1559346105,0.000013589
1559346106,0.000013589
1559346107,0.000013589
1559346108,0.000013589
1559346109,0.00001388
1559346110,0.00001388
1559346111,0.00001388
1559346112,0.00001388
1559346113,0.00001388
1559346114,0.000027825
1559346115,0.000027825
1559346116,0.000027825
1559346117,0.000027825
1559346118,0.000027825
1559346119,0.000026853
1559346120,0.000026853
1559346121,0.000026853
1559346122,0.000026853
1559346123,0.000026853
1559346124,0.000013288
1559346125,0.000013288
1559346126,0.000013288
1559346127,0.000013288
1559346128,0.000013288
1559346129,0.000015026
1559346130,0.000015026
1559346131,0.000015026
1559346132,0.000015026
1559346133,0.000015026
1559346134,0.000013428
1559346135,0.000013428
1559346136,0.000013428
1559346137,0.000013428
1559346138,0.000013428
1559346139,0.000018385
1559346140,0.000018385
1559346141,0.000018385
1559346142,0.000018385
1559346143,0.000018385
1559346144,0.000030396
1559346145,0.000030396
1559346146,0.000030396
1559346147,0.000030396
1559346148,0.000030396
1559346149,0.000025635
1559346150,0.000025635
1559346151,0.000025635
1559346152,0.000025635
1559346153,0.000025635
1559346154,0.000035972
1559346155,0.000035972
1559346156,0.000035972
1559346157,0.000035972
1559346158,0.000035972
1559346159,0.000048493
1559346160,0.000048493
1559346161,0.000048493
1559346162,0.000048493
1559346163,0.000048493
1559346164,0.000177913
1559346165,0.000177913
1559346166,0.000177913
1559346167,0.000177913
1559346168,0.000177913
1559346169,0.000019034
1559346170,0.000019034
1559346171,0.000019034
1559346172,0.000019034
1559346173,0.000019034
1559346174,0.000032758
1559346175,0.000032758
1559346176,0.000032758
1559346177,0.000032758
1559346178,0.000032758
1559346179,0.000013056
1559346180,0.000013056
1559346181,0.000013056
1559346182,0.000013056
1559346183,0.000013056
1559346184,0.000012281
1559346185,0.000012281
1559346186,0.000012281
1559346187,0.000012281
1559346188,0.000012281
1559346189,0.000024488
1559346190,0.000024488
1559346191,0.000024488
1559346192,0.000024488
1559346193,0.000024488
1559346194,0.000019402
1559346195,0.000019402
1559346196,0.000019402
1559346197,0.000019402
1559346198,0.000019402
1559346199,0.000015889
1559346200,0.000015889
1559346201,0.000015889
1559346202,0.000015889
1559346203,0.000015889
1559346204,0.000039648
1559346205,0.000039648
1559346206,0.000039648
1559346207,0.000039648
1559346208,0.000039648
1559346209,0.000043851
1559346210,0.000043851
1559346211,0.000043851
1559346212,0.000043851
1559346213,0.000043851
1559346214,0.000017002
1559346215,0.000017002
1559346216,0.000017002
1559346217,0.000017002
1559346218,0.000017002
1559346219,0.000026113
1559346220,0.000026113
1559346221,0.000026113
1559346222,0.000026113
1559346223,0.000026113
1559346224,0.00002176
1559346225,0.00002176
1559346226,0.00002176
1559346227,0.00002176
1559346228,0.00002176
1559346229,0.002000941
1559346230,0.002000941
1559346231,0.002000941
1559346232,0.002000941
1559346233,0.002000941
1559346234,0.000029399
1559346235,0.000029399
1559346236,0.000029399
1559346237,0.000029399
1559346238,0.000029399
1559346239,0.000019346
1559346240,0.000019346
1559346241,0.000019346
1559346242,0.000019346
1559346243,0.000019346
1559346244,0.00001891
1559346245,0.00001891
1559346246,0.00001891
1559346247,0.00001891
1559346248,0.00001891
1559346249,0.000023637
1559346250,0.000023637
1559346251,0.000023637
1559346252,0.000023637
1559346253,0.000023637
1559346254,0.000027066
1559346255,0.000027066
1559346256,0.000027066
1559346257,0.000027066
1559346258,0.000027066
1559346259,0.000019921
1559346260,0.000019921
1559346261,0.000019921
1559346262,0.000019921
1559346263,0.000019921
1559346264,0.000020575
1559346265,0.000020575
1559346266,0.000020575
1559346267,0.000020575
1559346268,0.000020575
1559346269,0.000023219
1559346270,0.000023219
1559346271,0.000023219
1559346272,0.000023219
1559346273,0.000023219
1559346274,0.00001621
1559346275,0.00001621
1559346276,0.00001621
1559346277,0.00001621
1559346278,0.00001621
1559346279,0.000022397
1559346280,0.000022397
1559346281,0.000022397
1559346282,0.000022397
1559346283,0.000022397
1559346284,0.000028375
1559346285,0.000028375
1559346286,0.000028375
1559346287,0.000028375
1559346288,0.000028375
1559346289,0.000020388
1559346290,0.000020388
1559346291,0.000020388
1559346292,0.000020388
1559346293,0.000020388
1559346294,0.000041068
1559346295,0.000041068
1559346296,0.000041068
1559346297,0.000041068
1559346298,0.000041068
1559346299,0.000013998
1559346300,0.000013998
1559346301,0.000013998
1559346302,0.000013998
1559346303,0.000013998
1559346304,0.000027557
1559346305,0.000027557
1559346306,0.000027557
1559346307,0.000027557
1559346308,0.000027557
1559346309,0.000015635
1559346310,0.000015635
1559346311,0.000015635
1559346312,0.000015635
1559346313,0.000015635
1559346314,0.000019248
1559346315,0.000019248
1559346316,0.000019248
1559346317,0.000019248
1559346318,0.000019248
1559346319,0.000019457
1559346320,0.000019457
1559346321,0.000019457
1559346322,0.000019457
1559346323,0.000019457
1559346324,0.000020843
1559346325,0.000020843
1559346326,0.000020843
1559346327,0.000020843
1559346328,0.000020843
1559346329,0.00002237
1559346330,0.00002237
1559346331,0.00002237
1559346332,0.00002237
1559346333,0.00002237
1559346334,0.00002776
1559346335,0.00002776
1559346336,0.00002776
1559346337,0.00002776
1559346338,0.00002776
1559346339,0.000025761
1559346340,0.000025761
1559346341,0.000025761
1559346342,0.000025761
1559346343,0.000025761
1559346344,0.000033043
1559346345,0.000033043
1559346346,0.000033043
1559346347,0.000033043
1559346348,0.000033043
1559346349,0.000015505
1559346350,0.000015505
1559346351,0.000015505
1559346352,0.000015505
1559346353,0.000015505
1559346354,0.000034856
1559346355,0.000034856
1559346356,0.000034856
1559346357,0.000034856
1559346358,0.000034856
1559346359,0.000014329
1559346360,0.000014329
1559346361,0.000014329
1559346362,0.000014329
1559346363,0.000014329
1559346364,0.000020004
1559346365,0.000020004
1559346366,0.000020004
1559346367,0.000020004
1559346368,0.000020004
1559346369,0.000017282
1559346370,0.000017282
1559346371,0.000017282
1559346372,0.000017282
1559346373,0.000017282
1559346374,0.000016058
1559346375,0.000016058
1559346376,0.000016058
1559346377,0.000016058
1559346378,0.000016058
1559346379,0.000026274
1559346380,0.000026274
1559346381,0.000026274
1559346382,0.000026274
1559346383,0.000026274
1559346384,0.000033191
1559346385,0.000033191
1559346386,0.000033191
1559346387,0.000033191
1559346388,0.000033191
1559346389,0.000018835
1559346390,0.000018835
1559346391,0.000018835
1559346392,0.000018835
1559346393,0.000018835
1559346394,0.000018746
1559346395,0.000018746
1559346396,0.000018746
1559346397,0.000018746
1559346398,0.000018746
1559346399,0.000013289
1559346400,0.000013289
1559346401,0.000013289
1559346402,0.000013289
1559346403,0.000013289
1559346404,0.000032645
1559346405,0.000032645
1559346406,0.000032645
1559346407,0.000032645
1559346408,0.000032645
1559346409,0.000015519
1559346410,0.000015519
1559346411,0.000015519
1559346412,0.000015519
1559346413,0.000015519
1559346414,0.00001395
1559346415,0.00001395
1559346416,0.00001395
1559346417,0.00001395
1559346418,0.00001395
1559346419,0.000018558
1559346420,0.000018558
1559346421,0.000018558
1559346422,0.000018558
1559346423,0.000018558
1559346424,0.000022314
1559346425,0.000022314
1559346426,0.000022314
1559346427,0.000022314
1559346428,0.000022314
1559346429,0.00001529
1559346430,0.00001529
1559346431,0.00001529
1559346432,0.00001529
1559346433,0.00001529
1559346434,0.000013975
1559346435,0.000013975
1559346436,0.000013975
1559346437,0.000013975
1559346438,0.000013975
1559346439,0.00001765
1559346440,0.00001765
1559346441,0.00001765
1559346442,0.00001765
1559346443,0.00001765
1559346444,0.000020697
1559346445,0.000020697
1559346446,0.000020697
1559346447,0.000020697
1559346448,0.000020697
1559346449,0.000016256
1559346450,0.000016256
1559346451,0.000016256
1559346452,0.000016256
1559346453,0.000016256
1559346454,0.000019278
1559346455,0.000019278
1559346456,0.000019278
1559346457,0.000019278
1559346458,0.000019278
1559346459,0.000027577
1559346460,0.000027577
1559346461,0.000027577
1559346462,0.000027577
1559346463,0.000027577
1559346464,0.00001883
1559346465,0.00001883
1559346466,0.00001883
1559346467,0.00001883
1559346468,0.00001883
1559346469,0.000032608
1559346470,0.000032608
1559346471,0.000032608
1559346472,0.000032608
1559346473,0.000032608
1559346474,0.000020721
1559346475,0.000020721
1559346476,0.000020721
1559346477,0.000020721
1559346478,0.000020721
1559346479,0.000016788
1559346480,0.000016788
1559346481,0.000016788
1559346482,0.000016788
1559346483,0.000016788
1559346484,0.000013514
1559346485,0.000013514
1559346486,0.000013514
1559346487,0.000013514
1559346488,0.000013514
1559346489,0.000016898
1559346490,0.000016898
1559346491,0.000016898
1559346492,0.000016898
1559346493,0.000016898
1559346494,0.000016746
1559346495,0.000016746
1559346496,0.000016746
1559346497,0.000016746
1559346498,0.000016746
1559346499,0.000025197
1559346500,0.000025197
1559346501,0.000025197
1559346502,0.000025197
1559346503,0.000025197
1559346504,0.000015663
1559346505,0.000015663
1559346506,0.000015663
1559346507,0.000015663
1559346508,0.000015663
1559346509,0.000014121
1559346510,0.000014121
1559346511,0.000014121
1559346512,0.000014121
1559346513,0.000014121
1559346514,0.000023857
1559346515,0.000023857
1559346516,0.000023857
1559346517,0.000023857
1559346518,0.000023857
1559346519,0.000014559
1559346520,0.000014559
1559346521,0.000014559
1559346522,0.000014559
1559346523,0.000014559
1559346524,0.000014562
1559346525,0.000014562
1559346526,0.000014562
1559346527,0.000014562
1559346528,0.000014562
1559346529,0.000030531
1559346530,0.000030531
1559346531,0.000030531
1559346532,0.000030531
1559346533,0.000030531
1559346534,0.000028008
1559346535,0.000028008
1559346536,0.000028008
1559346537,0.000028008
1559346538,0.000028008
1559346539,0.000024331
1559346540,0.000024331
1559346541,0.000024331
1559346542,0.000024331
1559346543,0.000024331
1559346544,0.000017536
1559346545,0.000017536
1559346546,0.000017536
1559346547,0.000017536
1559346548,0.000017536
1559346549,0.000016667
1559346550,0.000016667
1559346551,0.000016667
1559346552,0.000016667
1559346553,0.000016667
1559346554,0.000014795
1559346555,0.000014795
1559346556,0.000014795
1559346557,0.000014795
1559346558,0.000014795
1559346559,0.000014151
1559346560,0.000014151
1559346561,0.000014151
1559346562,0.000014151
1559346563,0.000014151
1559346564,0.000015049
1559346565,0.000015049
1559346566,0.000015049
1559346567,0.000015049
1559346568,0.000015049
1559346569,0.000052031
1559346570,0.000052031
1559346571,0.000052031
1559346572,0.000052031
1559346573,0.000052031
1559346574,0.000035343
1559346575,0.000035343
1559346576,0.000035343
1559346577,0.000035343
1559346578,0.000035343
1559346579,0.000017386
1559346580,0.000017386
1559346581,0.000017386
1559346582,0.000017386
1559346583,0.000017386
1559346584,0.000035847
1559346585,0.000035847
1559346586,0.000035847
1559346587,0.000035847
1559346588,0.000035847
1559346589,0.000014979
1559346590,0.000014979
1559346591,0.000014979
1559346592,0.000014979
1559346593,0.000014979
1559346594,0.000017199
1559346595,0.000017199
1559346596,0.000017199
1559346597,0.000017199
1559346598,0.000017199
1559346599,0.000030711
1559346600,0.000030711
1559346601,0.000030711
1559346602,0.000030711
1559346603,0.000030711
1559346604,0.000017838
1559346605,0.000017838
1559346606,0.000017838
1559346607,0.000017838
1559346608,0.000017838
1559346609,0.000016673
1559346610,0.000016673
1559346611,0.000016673
1559346612,0.000016673
1559346613,0.000016673
1559346614,0.000021291
1559346615,0.000021291
1559346616,0.000021291
1559346617,0.000021291
1559346618,0.000021291
1559346619,0.00002966
1559346620,0.00002966
1559346621,0.00002966
1559346622,0.00002966
1559346623,0.00002966
1559346624,0.000021558
1559346625,0.000021558
1559346626,0.000021558
1559346627,0.000021558
1559346628,0.000021558
1559346629,0.000024454
1559346630,0.000024454
1559346631,0.000024454
1559346632,0.000024454
1559346633,0.000024454
1559346634,0.000016101
1559346635,0.000016101
1559346636,0.000016101
1559346637,0.000016101
1559346638,0.000016101
1559346639,0.00001516
1559346640,0.00001516
1559346641,0.00001516
1559346642,0.00001516
1559346643,0.00001516
1559346644,0.000013532
1559346645,0.000013532
1559346646,0.000013532
1559346647,0.000013532
1559346648,0.000013532
1559346649,0.000015074
1559346650,0.000015074
1559346651,0.000015074
1559346652,0.000015074
1559346653,0.000015074
1559346654,0.000038983
1559346655,0.000038983
1559346656,0.000038983
1559346657,0.000038983
1559346658,0.000038983
1559346659,0.000027851
1559346660,0.000027851
1559346661,0.000027851
1559346662,0.000027851
1559346663,0.000027851
1559346664,0.000015878
1559346665,0.000015878
1559346666,0.000015878
1559346667,0.000015878
1559346668,0.000015878
1559346669,0.000026121
1559346670,0.000026121
1559346671,0.000026121
1559346672,0.000026121
1559346673,0.000026121
1559346674,0.000022291
1559346675,0.000022291
1559346676,0.000022291
1559346677,0.000022291
1559346678,0.000022291
1559346679,0.000014591
1559346680,0.000014591
1559346681,0.000014591
1559346682,0.000014591
1559346683,0.000014591
1559346684,0.00002018
1559346685,0.00002018
1559346686,0.00002018
1559346687,0.00002018
1559346688,0.00002018
1559346689,0.000015456
1559346690,0.000015456
1559346691,0.000015456
1559346692,0.000015456
1559346693,0.000015456
1559346694,0.000017309
1559346695,0.000017309
1559346696,0.000017309
1559346697,0.000017309
1559346698,0.000017309
1559346699,0.001687178
1559346700,0.001687178
1559346701,0.001687178
1559346702,0.001687178
1559346703,0.001687178
1559346704,0.000022159
1559346705,0.000022159
1559346706,0.000022159
1559346707,0.000022159
1559346708,0.000022159
1559346709,0.000021652
1559346710,0.000021652
1559346711,0.000021652
1559346712,0.000021652
1559346713,0.000021652
1559346714,0.000014445
1559346715,0.000014445
1559346716,0.000014445
1559346717,0.000014445
1559346718,0.000014445
1559346719,0.0000168
1559346720,0.0000168
1559346721,0.0000168
1559346722,0.0000168
1559346723,0.0000168
1559346724,0.000031336
1559346725,0.000031336
1559346726,0.000031336
1559346727,0.000031336
1559346728,0.000031336
1559346729,0.000031542
1559346730,0.000031542
1559346731,0.000031542
1559346732,0.000031542
1559346733,0.000031542
1559346734,0.000016684
1559346735,0.000016684
1559346736,0.000016684
1559346737,0.000016684
1559346738,0.000016684
1559346739,0.000021406
1559346740,0.000021406
1559346741,0.000021406
1559346742,0.000021406
1559346743,0.000021406
1559346744,0.000015044
1559346745,0.000015044
1559346746,0.000015044
1559346747,0.000015044
1559346748,0.000015044
1559346749,0.000017385
1559346750,0.000017385
1559346751,0.000017385
1559346752,0.000017385
1559346753,0.000017385
1559346754,0.000018779
1559346755,0.000018779
1559346756,0.000018779
1559346757,0.000018779
1559346758,0.000018779
1559346759,0.000014389
1559346760,0.000014389
1559346761,0.000014389
1559346762,0.000014389
1559346763,0.000014389
1559346764,0.000014454
1559346765,0.000014454
1559346766,0.000014454
1559346767,0.000014454
1559346768,0.000014454
1559346769,0.000018453
1559346770,0.000018453
1559346771,0.000018453
1559346772,0.000018453
1559346773,0.000018453
1559346774,0.000015537
1559346775,0.000015537
1559346776,0.000015537
1559346777,0.000015537
1559346778,0.000015537
1559346779,0.000017831
1559346780,0.000017831
1559346781,0.000017831
1559346782,0.000017831
1559346783,0.000017831
1559346784,0.000014284
1559346785,0.000014284
1559346786,0.000014284
1559346787,0.000014284
1559346788,0.000014284
1559346789,0.000016298
1559346790,0.000016298
1559346791,0.000016298
1559346792,0.000016298
1559346793,0.000016298
1559346794,0.000017102
1559346795,0.000017102
1559346796,0.000017102
1559346797,0.000017102
1559346798,0.000017102
1559346799,0.000019131
1559346800,0.000019131
1559346801,0.000019131
1559346802,0.000019131
1559346803,0.000019131
1559346804,0.000030098
1559346805,0.000030098
1559346806,0.000030098
1559346807,0.000030098
1559346808,0.000030098
1559346809,0.000022114
1559346810,0.000022114
1559346811,0.000022114
1559346812,0.000022114
1559346813,0.000022114
1559346814,0.000022282
1559346815,0.000022282
1559346816,0.000022282
1559346817,0.000022282
1559346818,0.000022282
1559346819,0.00001376
1559346820,0.00001376
1559346821,0.00001376
1559346822,0.00001376
1559346823,0.00001376
1559346824,0.000018611
1559346825,0.000018611
1559346826,0.000018611
1559346827,0.000018611
1559346828,0.000018611
1559346829,0.000014662
1559346830,0.000014662
1559346831,0.000014662
1559346832,0.000014662
1559346833,0.000014662
1559346834,0.000014592
1559346835,0.000014592
1559346836,0.000014592
1559346837,0.000014592
1559346838,0.000014592
1559346839,0.000019094
1559346840,0.000019094
1559346841,0.000019094
1559346842,0.000019094
1559346843,0.000019094
1559346844,0.000073722
1559346845,0.000073722
1559346846,0.000073722
1559346847,0.000073722
1559346848,0.000073722
1559346849,0.00006341
1559346850,0.00006341
1559346851,0.00006341
1559346852,0.00006341
1559346853,0.00006341
1559346854,0.000025462
1559346855,0.000025462
1559346856,0.000025462
1559346857,0.000025462
1559346858,0.000025462
1559346859,0.00001926
1559346860,0.00001926
1559346861,0.00001926
1559346862,0.00001926
1559346863,0.00001926
1559346864,0.000026653
1559346865,0.000026653
1559346866,0.000026653
1559346867,0.000026653
1559346868,0.000026653
1559346869,0.000064374
1559346870,0.000064374
1559346871,0.000064374
1559346872,0.000064374
1559346873,0.000064374
1559346874,0.000037088
1559346875,0.000037088
1559346876,0.000037088
1559346877,0.000037088
1559346878,0.000037088
1559346879,0.000028016
1559346880,0.000028016
1559346881,0.000028016
1559346882,0.000028016
1559346883,0.000028016
1559346884,0.000040842
1559346885,0.000040842
1559346886,0.000040842
1559346887,0.000040842
1559346888,0.000040842
1559346889,0.000032504
1559346890,0.000032504
1559346891,0.000032504
1559346892,0.000032504
1559346893,0.000032504
1559346894,0.000025594
1559346895,0.000025594
1559346896,0.000025594
1559346897,0.000025594
1559346898,0.000025594
1559346899,0.000018721
1559346900,0.000018721
1559346901,0.000018721
1559346902,0.000018721
1559346903,0.000018721
1559346904,0.000013674
1559346905,0.000013674
1559346906,0.000013674
1559346907,0.000013674
1559346908,0.000013674
1559346909,0.000019864
1559346910,0.000019864
1559346911,0.000019864
1559346912,0.000019864
1559346913,0.000019864
1559346914,0.000019134
1559346915,0.000019134
1559346916,0.000019134
1559346917,0.000019134
1559346918,0.000019134
1559346919,0.000031944
1559346920,0.000031944
1559346921,0.000031944
1559346922,0.000031944
1559346923,0.000031944
1559346924,0.000017612
1559346925,0.000017612
1559346926,0.000017612
1559346927,0.000017612
1559346928,0.000017612
1559346929,0.000016109
1559346930,0.000016109
1559346931,0.000016109
1559346932,0.000016109
1559346933,0.000016109
1559346934,0.000026942
1559346935,0.000026942
1559346936,0.000026942
1559346937,0.000026942
1559346938,0.000026942
1559346939,0.00002769
1559346940,0.00002769
1559346941,0.00002769
1559346942,0.00002769
1559346943,0.00002769
1559346944,0.000017265
1559346945,0.000017265
1559346946,0.000017265
1559346947,0.000017265
1559346948,0.000017265
1559346949,0.000017953
1559346950,0.000017953
1559346951,0.000017953
1559346952,0.000017953
1559346953,0.000017953
1559346954,0.000020254
1559346955,0.000020254
1559346956,0.000020254
1559346957,0.000020254
1559346958,0.000020254
1559346959,0.000017017
1559346960,0.000017017
1559346961,0.000017017
1559346962,0.000017017
1559346963,0.000017017
1559346964,0.00002596
1559346965,0.00002596
1559346966,0.00002596
1559346967,0.00002596
1559346968,0.00002596
1559346969,0.000029972
1559346970,0.000029972
1559346971,0.000029972
1559346972,0.000029972
1559346973,0.000029972
1559346974,0.000015502
1559346975,0.000015502
1559346976,0.000015502
1559346977,0.000015502
1559346978,0.000015502
1559346979,0.000018403
1559346980,0.000018403
1559346981,0.000018403
1559346982,0.000018403
1559346983,0.000018403
1559346984,0.000027374
1559346985,0.000027374
1559346986,0.000027374
1559346987,0.000027374
1559346988,0.000027374
1559346989,0.000012496
1559346990,0.000012496
1559346991,0.000012496
1559346992,0.000012496
1559346993,0.000012496
1559346994,0.000022686
1559346995,0.000022686
1559346996,0.000022686
1559346997,0.000022686
1559346998,0.000022686
1559346999,0.000021019
1559347000,0.000021019
1559347001,0.000021019
1559347002,0.000021019
1559347003,0.000021019
1559347004,0.00002695
1559347005,0.00002695
1559347006,0.00002695
1559347007,0.00002695
1559347008,0.00002695
1559347009,0.000020533
1559347010,0.000020533
1559347011,0.000020533
1559347012,0.000020533
1559347013,0.000020533
1559347014,0.000012805
1559347015,0.000012805
1559347016,0.000012805
1559347017,0.000012805
1559347018,0.000012805
1559347019,0.000021487
1559347020,0.000021487
1559347021,0.000021487
1559347022,0.000021487
1559347023,0.000021487
1559347024,0.000031138
1559347025,0.000031138
1559347026,0.000031138
1559347027,0.000031138
1559347028,0.000031138
1559347029,0.000013149
1559347030,0.000013149
1559347031,0.000013149
1559347032,0.000013149
1559347033,0.000013149
1559347034,0.000029241
1559347035,0.000029241
1559347036,0.000029241
1559347037,0.000029241
1559347038,0.000029241
1559347039,0.000012499
1559347040,0.000012499
1559347041,0.000012499
1559347042,0.000012499
1559347043,0.000012499
1559347044,0.000017056
1559347045,0.000017056
1559347046,0.000017056
1559347047,0.000017056
1559347048,0.000017056
1559347049,0.000016966
1559347050,0.000016966
1559347051,0.000016966
1559347052,0.000016966
1559347053,0.000016966
1559347054,0.000019444
1559347055,0.000019444
1559347056,0.000019444
1559347057,0.000019444
1559347058,0.000019444
1559347059,0.000015691
1559347060,0.000015691
1559347061,0.000015691
1559347062,0.000015691
1559347063,0.000015691
1559347064,0.000016415
1559347065,0.000016415
1559347066,0.000016415
1559347067,0.000016415
1559347068,0.000016415
1559347069,0.000025184
1559347070,0.000025184
1559347071,0.000025184
1559347072,0.000025184
1559347073,0.000025184
1559347074,0.000018908
1559347075,0.000018908
1559347076,0.000018908
1559347077,0.000018908
1559347078,0.000018908
1559347079,0.000012938
1559347080,0.000012938
1559347081,0.000012938
1559347082,0.000012938
1559347083,0.000012938
1559347084,0.000017323
1559347085,0.000017323
1559347086,0.000017323
1559347087,0.000017323
1559347088,0.000017323
1559347089,0.000015006
1559347090,0.000015006
1559347091,0.000015006
1559347092,0.000015006
1559347093,0.000015006
1559347094,0.000026541
1559347095,0.000026541
1559347096,0.000026541
1559347097,0.000026541
1559347098,0.000026541
1559347099,0.000014619
1559347100,0.000014619
1559347101,0.000014619
1559347102,0.000014619
1559347103,0.000014619
1559347104,0.000017133
1559347105,0.000017133
1559347106,0.000017133
1559347107,0.000017133
1559347108,0.000017133
1559347109,0.000018529
1559347110,0.000018529
1559347111,0.000018529
1559347112,0.000018529
1559347113,0.000018529
1559347114,0.00001555
1559347115,0.00001555
1559347116,0.00001555
1559347117,0.00001555
1559347118,0.00001555
1559347119,0.000021833
1559347120,0.000021833
1559347121,0.000021833
1559347122,0.000021833
1559347123,0.000021833
1559347124,0.000017141
1559347125,0.000017141
1559347126,0.000017141
1559347127,0.000017141
1559347128,0.000017141
1559347129,0.000025507
1559347130,0.000025507
1559347131,0.000025507
1559347132,0.000025507
1559347133,0.000025507
1559347134,0.000028282
1559347135,0.000028282
1559347136,0.000028282
1559347137,0.000028282
1559347138,0.000028282
1559347139,0.000021481
1559347140,0.000021481
1559347141,0.000021481
1559347142,0.000021481
1559347143,0.000021481
1559347144,0.000014574
1559347145,0.000014574
1559347146,0.000014574
1559347147,0.000014574
1559347148,0.000014574
1559347149,0.000018319
1559347150,0.000018319
1559347151,0.000018319
1559347152,0.000018319
1559347153,0.000018319
1559347154,0.000013331
1559347155,0.000013331
1559347156,0.000013331
1559347157,0.000013331
1559347158,0.000013331
1559347159,0.000026997
1559347160,0.000026997
1559347161,0.000026997
1559347162,0.000026997
1559347163,0.000026997
1559347164,0.000040735
1559347165,0.000040735
1559347166,0.000040735
1559347167,0.000040735
1559347168,0.000040735
1559347169,0.000033448
1559347170,0.000033448
1559347171,0.000033448
1559347172,0.000033448
1559347173,0.000033448
1559347174,0.000030486
1559347175,0.000030486
1559347176,0.000030486
1559347177,0.000030486
1559347178,0.000030486
1559347179,0.000014968
1559347180,0.000014968
1559347181,0.000014968
1559347182,0.000014968
1559347183,0.000014968
1559347184,0.000022329
1559347185,0.000022329
1559347186,0.000022329
1559347187,0.000022329
1559347188,0.000022329
1559347189,0.000022128
1559347190,0.000022128
1559347191,0.000022128
1559347192,0.000022128
1559347193,0.000022128
1559347194,0.000020144
1559347195,0.000020144
1559347196,0.000020144
1559347197,0.000020144
1559347198,0.000020144
1559347199,0.000020711
1559347200,0.000020711
1559347201,0.000020711
1559347202,0.000020711
1559347203,0.000020711
1559347204,0.000026197
1559347205,0.000026197
1559347206,0.000026197
1559347207,0.000026197
1559347208,0.000026197
1559347209,0.000022708
1559347210,0.000022708
1559347211,0.000022708
1559347212,0.000022708
1559347213,0.000022708
1559347214,0.000017116
1559347215,0.000017116
1559347216,0.000017116
1559347217,0.000017116
1559347218,0.000017116
1559347219,0.000029914
1559347220,0.000029914
1559347221,0.000029914
1559347222,0.000029914
1559347223,0.000029914
1559347224,0.000022445
1559347225,0.000022445
1559347226,0.000022445
1559347227,0.000022445
1559347228,0.000022445
1559347229,0.000029043
1559347230,0.000029043
1559347231,0.000029043
1559347232,0.000029043
1559347233,0.000029043
1559347234,0.000018238
1559347235,0.000018238
1559347236,0.000018238
1559347237,0.000018238
1559347238,0.000018238
1559347239,0.000013909
1559347240,0.000013909
1559347241,0.000013909
1559347242,0.000013909
1559347243,0.000013909
1559347244,0.0000157
1559347245,0.0000157
1559347246,0.0000157
1559347247,0.0000157
1559347248,0.0000157
1559347249,0.00003405
1559347250,0.00003405
1559347251,0.00003405
1559347252,0.00003405
1559347253,0.00003405
1559347254,0.000019915
1559347255,0.000019915
1559347256,0.000019915
1559347257,0.000019915
1559347258,0.000019915
1559347259,0.000017266
1559347260,0.000017266
1559347261,0.000017266
1559347262,0.000017266
1559347263,0.000017266
1559347264,0.000015058
1559347265,0.000015058
1559347266,0.000015058
1559347267,0.000015058
1559347268,0.000015058
1559347269,0.000015882
1559347270,0.000015882
1559347271,0.000015882
1559347272,0.000015882
1559347273,0.000015882
1559347274,0.000029467
1559347275,0.000029467
1559347276,0.000029467
1559347277,0.000029467
1559347278,0.000029467
1559347279,0.000021255
1559347280,0.000021255
1559347281,0.000021255
1559347282,0.000021255
1559347283,0.000021255
1559347284,0.000025747
1559347285,0.000025747
1559347286,0.000025747
1559347287,0.000025747
1559347288,0.000025747
1559347289,0.00002458
1559347290,0.00002458
1559347291,0.00002458
1559347292,0.00002458
1559347293,0.00002458
1559347294,0.000019284
1559347295,0.000019284
1559347296,0.000019284
1559347297,0.000019284
1559347298,0.000019284
1559347299,0.00002113
1559347300,0.00002113
1559347301,0.00002113
1559347302,0.00002113
1559347303,0.00002113
1559347304,0.000026231
1559347305,0.000026231
1559347306,0.000026231
1559347307,0.000026231
1559347308,0.000026231
1559347309,0.000027542
1559347310,0.000027542
1559347311,0.000027542
1559347312,0.000027542
1559347313,0.000027542
1559347314,0.000015296
1559347315,0.000015296
1559347316,0.000015296
1559347317,0.000015296
1559347318,0.000015296
1559347319,0.00002868
1559347320,0.00002868
1559347321,0.00002868
1559347322,0.00002868
1559347323,0.00002868
1559347324,0.000015808
1559347325,0.000015808
1559347326,0.000015808
1559347327,0.000015808
1559347328,0.000015808
1559347329,0.000015505
1559347330,0.000015505
1559347331,0.000015505
1559347332,0.000015505
1559347333,0.000015505
1559347334,0.000018856
1559347335,0.000018856
1559347336,0.000018856
1559347337,0.000018856
1559347338,0.000018856
1559347339,0.000015744
1559347340,0.000015744
1559347341,0.000015744
1559347342,0.000015744
1559347343,0.000015744
1559347344,0.000018613
1559347345,0.000018613
1559347346,0.000018613
1559347347,0.000018613
1559347348,0.000018613
1559347349,0.000020963
1559347350,0.000020963
1559347351,0.000020963
1559347352,0.000020963
1559347353,0.000020963
1559347354,0.000026676
1559347355,0.000026676
1559347356,0.000026676
1559347357,0.000026676
1559347358,0.000026676
1559347359,0.000029026
1559347360,0.000029026
1559347361,0.000029026
1559347362,0.000029026
1559347363,0.000029026
1559347364,0.00078632
1559347365,0.00078632
1559347366,0.00078632
1559347367,0.00078632
1559347368,0.00078632
1559347369,0.000017402
1559347370,0.000017402
1559347371,0.000017402
1559347372,0.000017402
1559347373,0.000017402
1559347374,0.000049938
1559347375,0.000049938
1559347376,0.000049938
1559347377,0.000049938
1559347378,0.000049938
1559347379,0.000031472
1559347380,0.000031472
1559347381,0.000031472
1559347382,0.000031472
1559347383,0.000031472
1559347384,0.000016442
1559347385,0.000016442
1559347386,0.000016442
1559347387,0.000016442
1559347388,0.000016442
1559347389,0.000027529
1559347390,0.000027529
1559347391,0.000027529
1559347392,0.000027529
1559347393,0.000027529
1559347394,0.000014898
1559347395,0.000014898
1559347396,0.000014898
1559347397,0.000014898
1559347398,0.000014898
1559347399,0.000012707
1559347400,0.000012707
1559347401,0.000012707
1559347402,0.000012707
1559347403,0.000012707
1559347404,0.000016136
1559347405,0.000016136
1559347406,0.000016136
1559347407,0.000016136
1559347408,0.000016136
1559347409,0.000014792
1559347410,0.000014792
1559347411,0.000014792
1559347412,0.000014792
1559347413,0.000014792
1559347414,0.000030139
1559347415,0.000030139
1559347416,0.000030139
1559347417,0.000030139
1559347418,0.000030139
1559347419,0.000016429
1559347420,0.000016429
1559347421,0.000016429
1559347422,0.000016429
1559347423,0.000016429
1559347424,0.000020577
1559347425,0.000020577
1559347426,0.000020577
1559347427,0.000020577
1559347428,0.000020577
1559347429,0.000017048
1559347430,0.000017048
1559347431,0.000017048
1559347432,0.000017048
1559347433,0.000017048
1559347434,0.000024213
1559347435,0.000024213
1559347436,0.000024213
1559347437,0.000024213
1559347438,0.000024213
1559347439,0.000018415
1559347440,0.000018415
1559347441,0.000018415
1559347442,0.000018415
1559347443,0.000018415
1559347444,0.000034381
1559347445,0.000034381
1559347446,0.000034381
1559347447,0.000034381
1559347448,0.000034381
1559347449,0.000014722
1559347450,0.000014722
1559347451,0.000014722
1559347452,0.000014722
1559347453,0.000014722
1559347454,0.000012859
1559347455,0.000012859
1559347456,0.000012859
1559347457,0.000012859
1559347458,0.000012859
1559347459,0.0000122
1559347460,0.0000122
1559347461,0.0000122
1559347462,0.0000122
1559347463,0.0000122
1559347464,0.000030187
1559347465,0.000030187
1559347466,0.000030187
1559347467,0.000030187
1559347468,0.000030187
1559347469,0.000015947
1559347470,0.000015947
1559347471,0.000015947
1559347472,0.000015947
1559347473,0.000015947
1559347474,0.000019009
1559347475,0.000019009
1559347476,0.000019009
1559347477,0.000019009
1559347478,0.000019009
1559347479,0.000016026
1559347480,0.000016026
1559347481,0.000016026
1559347482,0.000016026
1559347483,0.000016026
1559347484,0.000017498
1559347485,0.000017498
1559347486,0.000017498
1559347487,0.000017498
1559347488,0.000017498
1559347489,0.000029581
1559347490,0.000029581
1559347491,0.000029581
1559347492,0.000029581
1559347493,0.000029581
1559347494,0.000038359
1559347495,0.000038359
1559347496,0.000038359
1559347497,0.000038359
1559347498,0.000038359
1559347499,0.000023727
1559347500,0.000023727
1559347501,0.000023727
1559347502,0.000023727
1559347503,0.000023727
1559347504,0.000015073
1559347505,0.000015073
1559347506,0.000015073
1559347507,0.000015073
1559347508,0.000015073
1559347509,0.000014382
1559347510,0.000014382
1559347511,0.000014382
1559347512,0.000014382
1559347513,0.000014382
1559347514,0.000019897
1559347515,0.000019897
1559347516,0.000019897
1559347517,0.000019897
1559347518,0.000019897
1559347519,0.000014215
1559347520,0.000014215
1559347521,0.000014215
1559347522,0.000014215
1559347523,0.000014215
1559347524,0.000036101
1559347525,0.000036101
1559347526,0.000036101
1559347527,0.000036101
1559347528,0.000036101
1559347529,0.000016963
1559347530,0.000016963
1559347531,0.000016963
1559347532,0.000016963
1559347533,0.000016963
1559347534,0.00001503
1559347535,0.00001503
1559347536,0.00001503
1559347537,0.00001503
1559347538,0.00001503
1559347539,0.000013162
1559347540,0.000013162
1559347541,0.000013162
1559347542,0.000013162
1559347543,0.000013162
1559347544,0.000015652
1559347545,0.000015652
1559347546,0.000015652
1559347547,0.000015652
1559347548,0.000015652
1559347549,0.000021123
1559347550,0.000021123
1559347551,0.000021123
1559347552,0.000021123
1559347553,0.000021123
1559347554,0.000026725
1559347555,0.000026725
1559347556,0.000026725
1559347557,0.000026725
1559347558,0.000026725
1559347559,0.00001538
1559347560,0.00001538
1559347561,0.00001538
1559347562,0.00001538
1559347563,0.00001538
1559347564,0.000017754
1559347565,0.000017754
1559347566,0.000017754
1559347567,0.000017754
1559347568,0.000017754
1559347569,0.000013823
1559347570,0.000013823
1559347571,0.000013823
1559347572,0.000013823
1559347573,0.000013823
1559347574,0.000014706
1559347575,0.000014706
1559347576,0.000014706
1559347577,0.000014706
1559347578,0.000014706
1559347579,0.000015663
1559347580,0.000015663
1559347581,0.000015663
1559347582,0.000015663
1559347583,0.000015663
1559347584,0.000041026
1559347585,0.000041026
1559347586,0.000041026
1559347587,0.000041026
1559347588,0.000041026
1559347589,0.000019271
1559347590,0.000019271
1559347591,0.000019271
1559347592,0.000019271
1559347593,0.000019271
1559347594,0.000014585
1559347595,0.000014585
1559347596,0.000014585
1559347597,0.000014585
1559347598,0.000014585
1559347599,0.00002594
1559347600,0.00002594
1559347601,0.00002594
1559347602,0.00002594
1559347603,0.00002594
1559347604,0.000013427
1559347605,0.000013427
1559347606,0.000013427
1559347607,0.000013427
1559347608,0.000013427
1559347609,0.00001819
1559347610,0.00001819
1559347611,0.00001819
1559347612,0.00001819
1559347613,0.00001819
1559347614,0.000025868
1559347615,0.000025868
1559347616,0.000025868
1559347617,0.000025868
1559347618,0.000025868
1559347619,0.000023124
1559347620,0.000023124
1559347621,0.000023124
1559347622,0.000023124
1559347623,0.000023124
1559347624,0.00002312
1559347625,0.00002312
1559347626,0.00002312
1559347627,0.00002312
1559347628,0.00002312
1559347629,0.00003192
1559347630,0.00003192
1559347631,0.00003192
1559347632,0.00003192
1559347633,0.00003192
1559347634,0.000028223
1559347635,0.000028223
1559347636,0.000028223
1559347637,0.000028223
1559347638,0.000028223
1559347639,0.00001579
1559347640,0.00001579
1559347641,0.00001579
1559347642,0.00001579
1559347643,0.00001579
1559347644,0.000025368
1559347645,0.000025368
1559347646,0.000025368
1559347647,0.000025368
1559347648,0.000025368
1559347649,0.000018024
1559347650,0.000018024
1559347651,0.000018024
1559347652,0.000018024
1559347653,0.000018024
1559347654,0.000017672
1559347655,0.000017672
1559347656,0.000017672
1559347657,0.000017672
1559347658,0.000017672
1559347659,0.000017521
1559347660,0.000017521
1559347661,0.000017521
1559347662,0.000017521
1559347663,0.000017521
1559347664,0.000025104
1559347665,0.000025104
1559347666,0.000025104
1559347667,0.000025104
1559347668,0.000025104
1559347669,0.000015291
1559347670,0.000015291
1559347671,0.000015291
1559347672,0.000015291
1559347673,0.000015291
1559347674,0.000017576
1559347675,0.000017576
1559347676,0.000017576
1559347677,0.000017576
1559347678,0.000017576
1559347679,0.000015634
1559347680,0.000015634
1559347681,0.000015634
1559347682,0.000015634
1559347683,0.000015634
1559347684,0.000020286
1559347685,0.000020286
1559347686,0.000020286
1559347687,0.000020286
1559347688,0.000020286
1559347689,0.00002014
1559347690,0.00002014
1559347691,0.00002014
1559347692,0.00002014
1559347693,0.00002014
1559347694,0.00002299
1559347695,0.00002299
1559347696,0.00002299
1559347697,0.00002299
1559347698,0.00002299
1559347699,0.000028203
1559347700,0.000028203
1559347701,0.000028203
1559347702,0.000028203
1559347703,0.000028203
1559347704,0.000018142
1559347705,0.000018142
1559347706,0.000018142
1559347707,0.000018142
1559347708,0.000018142
1559347709,0.000013956
1559347710,0.000013956
1559347711,0.000013956
1559347712,0.000013956
1559347713,0.000013956
1559347714,0.000033868
1559347715,0.000033868
1559347716,0.000033868
1559347717,0.000033868
1559347718,0.000033868
1559347719,0.000015519
1559347720,0.000015519
1559347721,0.000015519
1559347722,0.000015519
1559347723,0.000015519
1559347724,0.000016805
1559347725,0.000016805
1559347726,0.000016805
1559347727,0.000016805
1559347728,0.000016805
1559347729,0.000029913
1559347730,0.000029913
1559347731,0.000029913
1559347732,0.000029913
1559347733,0.000029913
1559347734,0.000014547
1559347735,0.000014547
1559347736,0.000014547
1559347737,0.000014547
1559347738,0.000014547
1559347739,0.000023681
1559347740,0.000023681
1559347741,0.000023681
1559347742,0.000023681
1559347743,0.000023681
1559347744,0.000034497
1559347745,0.000034497
1559347746,0.000034497
1559347747,0.000034497
1559347748,0.000034497
1559347749,0.000014
1559347750,0.000014
1559347751,0.000014
1559347752,0.000014
1559347753,0.000014
1559347754,0.00002829
1559347755,0.00002829
1559347756,0.00002829
1559347757,0.00002829
1559347758,0.00002829
1559347759,0.000015683
1559347760,0.000015683
1559347761,0.000015683
1559347762,0.000015683
1559347763,0.000015683
1559347764,0.000028974
1559347765,0.000028974
1559347766,0.000028974
1559347767,0.000028974
1559347768,0.000028974
1559347769,0.000018493
1559347770,0.000018493
1559347771,0.000018493
1559347772,0.000018493
1559347773,0.000018493
1559347774,0.000029692
1559347775,0.000029692
1559347776,0.000029692
1559347777,0.000029692
1559347778,0.000029692
1559347779,0.000016738
1559347780,0.000016738
1559347781,0.000016738
1559347782,0.000016738
1559347783,0.000016738
1559347784,0.000019835
1559347785,0.000019835
1559347786,0.000019835
1559347787,0.000019835
1559347788,0.000019835
1559347789,0.000017134
1559347790,0.000017134
1559347791,0.000017134
1559347792,0.000017134
1559347793,0.000017134
1559347794,0.000021382
1559347795,0.000021382
1559347796,0.000021382
1559347797,0.000021382
1559347798,0.000021382
1559347799,0.000016506
1559347800,0.000016506
1559347801,0.000016506
1559347802,0.000016506
1559347803,0.000016506
1559347804,0.000016678
1559347805,0.000016678
1559347806,0.000016678
1559347807,0.000016678
1559347808,0.000016678
1559347809,0.00003866
1559347810,0.00003866
1559347811,0.00003866
1559347812,0.00003866
1559347813,0.00003866
1559347814,0.000014785
1559347815,0.000014785
1559347816,0.000014785
1559347817,0.000014785
1559347818,0.000014785
1559347819,0.000017182
1559347820,0.000017182
1559347821,0.000017182
1559347822,0.000017182
1559347823,0.000017182
1559347824,0.000018323
1559347825,0.000018323
1559347826,0.000018323
1559347827,0.000018323
1559347828,0.000018323
1559347829,0.000014329
1559347830,0.000014329
1559347831,0.000014329
1559347832,0.000014329
1559347833,0.000014329
1559347834,0.000015359
1559347835,0.000015359
1559347836,0.000015359
1559347837,0.000015359
1559347838,0.000015359
1559347839,0.000015678
1559347840,0.000015678
1559347841,0.000015678
1559347842,0.000015678
1559347843,0.000015678
1559347844,0.000043001
1559347845,0.000043001
1559347846,0.000043001
1559347847,0.000043001
1559347848,0.000043001
1559347849,0.000018851
1559347850,0.000018851
1559347851,0.000018851
1559347852,0.000018851
1559347853,0.000018851
1559347854,0.000015544
1559347855,0.000015544
1559347856,0.000015544
1559347857,0.000015544
1559347858,0.000015544
1559347859,0.000022546
1559347860,0.000022546
1559347861,0.000022546
1559347862,0.000022546
1559347863,0.000022546
1559347864,0.000016043
1559347865,0.000016043
1559347866,0.000016043
1559347867,0.000016043
1559347868,0.000016043
1559347869,0.000015139
1559347870,0.000015139
1559347871,0.000015139
1559347872,0.000015139
1559347873,0.000015139
1559347874,0.00001515
1559347875,0.00001515
1559347876,0.00001515
1559347877,0.00001515
1559347878,0.00001515
1559347879,0.000014804
1559347880,0.000014804
1559347881,0.000014804
1559347882,0.000014804
1559347883,0.000014804
1559347884,0.00002597
1559347885,0.00002597
1559347886,0.00002597
1559347887,0.00002597
1559347888,0.00002597
1559347889,0.000025757
1559347890,0.000025757
1559347891,0.000025757
1559347892,0.000025757
1559347893,0.000025757
1559347894,0.000015433
1559347895,0.000015433
1559347896,0.000015433
1559347897,0.000015433
1559347898,0.000015433
1559347899,0.000013752
1559347900,0.000013752
1559347901,0.000013752
1559347902,0.000013752
1559347903,0.000013752
1559347904,0.000014399
1559347905,0.000014399
1559347906,0.000014399
1559347907,0.000014399
1559347908,0.000014399
1559347909,0.000028544
1559347910,0.000028544
1559347911,0.000028544
1559347912,0.000028544
1559347913,0.000028544
1559347914,0.000022976
1559347915,0.000022976
1559347916,0.000022976
1559347917,0.000022976
1559347918,0.000022976
1559347919,0.000014951
1559347920,0.000014951
1559347921,0.000014951
1559347922,0.000014951
1559347923,0.000014951
1559347924,0.000012614
1559347925,0.000012614
1559347926,0.000012614
1559347927,0.000012614
1559347928,0.000012614
1559347929,0.000018079
1559347930,0.000018079
1559347931,0.000018079
1559347932,0.000018079
1559347933,0.000018079
1559347934,0.000021511
1559347935,0.000021511
1559347936,0.000021511
1559347937,0.000021511
1559347938,0.000021511
1559347939,0.000014243
1559347940,0.000014243
1559347941,0.000014243
1559347942,0.000014243
1559347943,0.000014243
1559347944,0.000013621
1559347945,0.000013621
1559347946,0.000013621
1559347947,0.000013621
1559347948,0.000013621
1559347949,0.00002707
1559347950,0.00002707
1559347951,0.00002707
1559347952,0.00002707
1559347953,0.00002707
1559347954,0.000028485
1559347955,0.000028485
1559347956,0.000028485
1559347957,0.000028485
1559347958,0.000028485
1559347959,0.000038654
1559347960,0.000038654
1559347961,0.000038654
1559347962,0.000038654
1559347963,0.000038654
1559347964,0.000013848
1559347965,0.000013848
1559347966,0.000013848
1559347967,0.000013848
1559347968,0.000013848
1559347969,0.000015076
1559347970,0.000015076
1559347971,0.000015076
1559347972,0.000015076
1559347973,0.000015076
1559347974,0.000059652
1559347975,0.000059652
1559347976,0.000059652
1559347977,0.000059652
1559347978,0.000059652
1559347979,0.000018283
1559347980,0.000018283
1559347981,0.000018283
1559347982,0.000018283
1559347983,0.000018283
1559347984,0.000022308
1559347985,0.000022308
1559347986,0.000022308
1559347987,0.000022308
1559347988,0.000022308
1559347989,0.000028815
1559347990,0.000028815
1559347991,0.000028815
1559347992,0.000028815
1559347993,0.000028815
1559347994,0.000021137
1559347995,0.000021137
1559347996,0.000021137
1559347997,0.000021137
1559347998,0.000021137
1559347999,0.000015147
1559348000,0.000015147
1559348001,0.000015147
1559348002,0.000015147
1559348003,0.000015147
1559348004,0.000018525
1559348005,0.000018525
1559348006,0.000018525
1559348007,0.000018525
1559348008,0.000018525
1559348009,0.000029243
1559348010,0.000029243
1559348011,0.000029243
1559348012,0.000029243
1559348013,0.000029243
1559348014,0.000015534
1559348015,0.000015534
1559348016,0.000015534
1559348017,0.000015534
1559348018,0.000015534
1559348019,0.00001899
1559348020,0.00001899
1559348021,0.00001899
1559348022,0.00001899
1559348023,0.00001899
1559348024,0.00001875
1559348025,0.00001875
1559348026,0.00001875
1559348027,0.00001875
1559348028,0.00001875
1559348029,0.000018721
1559348030,0.000018721
1559348031,0.000018721
1559348032,0.000018721
1559348033,0.000018721
1559348034,0.000032425
1559348035,0.000032425
1559348036,0.000032425
1559348037,0.000032425
1559348038,0.000032425
1559348039,0.000019517
1559348040,0.000019517
1559348041,0.000019517
1559348042,0.000019517
1559348043,0.000019517
1559348044,0.000015923
1559348045,0.000015923
1559348046,0.000015923
1559348047,0.000015923
1559348048,0.000015923
1559348049,0.000029545
1559348050,0.000029545
1559348051,0.000029545
1559348052,0.000029545
1559348053,0.000029545
1559348054,0.000012764
1559348055,0.000012764
1559348056,0.000012764
1559348057,0.000012764
1559348058,0.000012764
1559348059,0.000020362
1559348060,0.000020362
1559348061,0.000020362
1559348062,0.000020362
1559348063,0.000020362
1559348064,0.000016706
1559348065,0.000016706
1559348066,0.000016706
1559348067,0.000016706
1559348068,0.000016706
1559348069,0.00002831
1559348070,0.00002831
1559348071,0.00002831
1559348072,0.00002831
1559348073,0.00002831
1559348074,0.000018054
1559348075,0.000018054
1559348076,0.000018054
1559348077,0.000018054
1559348078,0.000018054
1559348079,0.000033656
1559348080,0.000033656
1559348081,0.000033656
1559348082,0.000033656
1559348083,0.000033656
1559348084,0.000020888
1559348085,0.000020888
1559348086,0.000020888
1559348087,0.000020888
1559348088,0.000020888
1559348089,0.000022643
1559348090,0.000022643
1559348091,0.000022643
1559348092,0.000022643
1559348093,0.000022643
1559348094,0.000017203
1559348095,0.000017203
1559348096,0.000017203
1559348097,0.000017203
1559348098,0.000017203
1559348099,0.000016848
1559348100,0.000016848
1559348101,0.000016848
1559348102,0.000016848
1559348103,0.000016848
1559348104,0.000017656
1559348105,0.000017656
1559348106,0.000017656
1559348107,0.000017656
1559348108,0.000017656
1559348109,0.000012639
1559348110,0.000012639
1559348111,0.000012639
1559348112,0.000012639
1559348113,0.000012639
1559348114,0.000024907
1559348115,0.000024907
1559348116,0.000024907
1559348117,0.000024907
1559348118,0.000024907
1559348119,0.00002247
1559348120,0.00002247
1559348121,0.00002247
1559348122,0.00002247
1559348123,0.00002247
1559348124,0.000013862
1559348125,0.000013862
1559348126,0.000013862
1559348127,0.000013862
1559348128,0.000013862
1559348129,0.000015422
1559348130,0.000015422
1559348131,0.000015422
1559348132,0.000015422
1559348133,0.000015422
1559348134,0.000021819
1559348135,0.000021819
1559348136,0.000021819
1559348137,0.000021819
1559348138,0.000021819
1559348139,0.000045607
1559348140,0.000045607
1559348141,0.000045607
1559348142,0.000045607
1559348143,0.000045607
1559348144,0.00001533
1559348145,0.00001533
1559348146,0.00001533
1559348147,0.00001533
1559348148,0.00001533
1559348149,0.000013579
1559348150,0.000013579
1559348151,0.000013579
1559348152,0.000013579
1559348153,0.000013579
1559348154,0.000020265
1559348155,0.000020265
1559348156,0.000020265
1559348157,0.000020265
1559348158,0.000020265
1559348159,0.000016555
1559348160,0.000016555
1559348161,0.000016555
1559348162,0.000016555
1559348163,0.000016555
1559348164,0.000024355
1559348165,0.000024355
1559348166,0.000024355
1559348167,0.000024355
1559348168,0.000024355
1559348169,0.000019682
1559348170,0.000019682
1559348171,0.000019682
1559348172,0.000019682
1559348173,0.000019682
1559348174,0.000016784
1559348175,0.000016784
1559348176,0.000016784
1559348177,0.000016784
1559348178,0.000016784
1559348179,0.000029631
1559348180,0.000029631
1559348181,0.000029631
1559348182,0.000029631
1559348183,0.000029631
1559348184,0.000033153
1559348185,0.000033153
1559348186,0.000033153
1559348187,0.000033153
1559348188,0.000033153
1559348189,0.000013038
1559348190,0.000013038
1559348191,0.000013038
1559348192,0.000013038
1559348193,0.000013038
1559348194,0.000016706
1559348195,0.000016706
1559348196,0.000016706
1559348197,0.000016706
1559348198,0.000016706
1559348199,0.000028992
1559348200,0.000028992
1559348201,0.000028992
1559348202,0.000028992
1559348203,0.000028992
1559348204,0.000017172
1559348205,0.000017172
1559348206,0.000017172
1559348207,0.000017172
1559348208,0.000017172
1559348209,0.00001549
1559348210,0.00001549
1559348211,0.00001549
1559348212,0.00001549
1559348213,0.00001549
1559348214,0.000016908
1559348215,0.000016908
1559348216,0.000016908
1559348217,0.000016908
1559348218,0.000016908
1559348219,0.000051879
1559348220,0.000051879
1559348221,0.000051879
1559348222,0.000051879
1559348223,0.000051879
1559348224,0.000012586
1559348225,0.000012586
1559348226,0.000012586
1559348227,0.000012586
1559348228,0.000012586
1559348229,0.000015717
1559348230,0.000015717
1559348231,0.000015717
1559348232,0.000015717
1559348233,0.000015717
1559348234,0.00001812
1559348235,0.00001812
1559348236,0.00001812
1559348237,0.00001812
1559348238,0.00001812
1559348239,0.000017969
1559348240,0.000017969
1559348241,0.000017969
1559348242,0.000017969
1559348243,0.000017969
1559348244,0.000016015
1559348245,0.000016015
1559348246,0.000016015
1559348247,0.000016015
1559348248,0.000016015
1559348249,0.000015531
1559348250,0.000015531
1559348251,0.000015531
1559348252,0.000015531
1559348253,0.000015531
1559348254,0.000034467
1559348255,0.000034467
1559348256,0.000034467
1559348257,0.000034467
1559348258,0.000034467
1559348259,0.000015925
1559348260,0.000015925
1559348261,0.000015925
1559348262,0.000015925
1559348263,0.000015925
1559348264,0.000028079
1559348265,0.000028079
1559348266,0.000028079
1559348267,0.000028079
1559348268,0.000028079
1559348269,0.000019133
1559348270,0.000019133
1559348271,0.000019133
1559348272,0.000019133
1559348273,0.000019133
1559348274,0.000037294
1559348275,0.000037294
1559348276,0.000037294
1559348277,0.000037294
1559348278,0.000037294
1559348279,0.000020773
1559348280,0.000020773
1559348281,0.000020773
1559348282,0.000020773
1559348283,0.000020773
1559348284,0.000016518
1559348285,0.000016518
1559348286,0.000016518
1559348287,0.000016518
1559348288,0.000016518
1559348289,0.000020412
1559348290,0.000020412
1559348291,0.000020412
1559348292,0.000020412
1559348293,0.000020412
1559348294,0.000015162
1559348295,0.000015162
1559348296,0.000015162
1559348297,0.000015162
1559348298,0.000015162
1559348299,0.000022863
1559348300,0.000022863
1559348301,0.000022863
1559348302,0.000022863
1559348303,0.000022863
1559348304,0.000015563
1559348305,0.000015563
1559348306,0.000015563
1559348307,0.000015563
1559348308,0.000015563
1559348309,0.000014275
1559348310,0.000014275
1559348311,0.000014275
1559348312,0.000014275
1559348313,0.000014275
1559348314,0.000018607
1559348315,0.000018607
1559348316,0.000018607
1559348317,0.000018607
1559348318,0.000018607
1559348319,0.000017026
1559348320,0.000017026
1559348321,0.000017026
1559348322,0.000017026
1559348323,0.000017026
1559348324,0.000027635
1559348325,0.000027635
1559348326,0.000027635
1559348327,0.000027635
1559348328,0.000027635
1559348329,0.000020744
1559348330,0.000020744
1559348331,0.000020744
1559348332,0.000020744
1559348333,0.000020744
1559348334,0.000020295
1559348335,0.000020295
1559348336,0.000020295
1559348337,0.000020295
1559348338,0.000020295
1559348339,0.000013368
1559348340,0.000013368
1559348341,0.000013368
1559348342,0.000013368
1559348343,0.000013368
1559348344,0.000013667
1559348345,0.000013667
1559348346,0.000013667
1559348347,0.000013667
1559348348,0.000013667
1559348349,0.000035159
1559348350,0.000035159
1559348351,0.000035159
1559348352,0.000035159
1559348353,0.000035159
1559348354,0.003810698
1559348355,0.003810698
1559348356,0.003810698
1559348357,0.003810698
1559348358,0.003810698
1559348359,0.000015314
1559348360,0.000015314
1559348361,0.000015314
1559348362,0.000015314
1559348363,0.000015314
1559348364,0.000018936
1559348365,0.000018936
1559348366,0.000018936
1559348367,0.000018936
1559348368,0.000018936
1559348369,0.000014103
1559348370,0.000014103
1559348371,0.000014103
1559348372,0.000014103
1559348373,0.000014103
1559348374,0.000027176
1559348375,0.000027176
1559348376,0.000027176
1559348377,0.000027176
1559348378,0.000027176
1559348379,0.000019628
1559348380,0.000019628
1559348381,0.000019628
1559348382,0.000019628
1559348383,0.000019628
1559348384,0.000020802
1559348385,0.000020802
1559348386,0.000020802
1559348387,0.000020802
1559348388,0.000020802
1559348389,0.000015788
1559348390,0.000015788
1559348391,0.000015788
1559348392,0.000015788
1559348393,0.000015788
1559348394,0.000015992
1559348395,0.000015992
1559348396,0.000015992
1559348397,0.000015992
1559348398,0.000015992
1559348399,0.000018297
1559348400,0.000018297
1559348401,0.000018297
1559348402,0.000018297
1559348403,0.000018297
1559348404,0.00003334
1559348405,0.00003334
1559348406,0.00003334
1559348407,0.00003334
1559348408,0.00003334
1559348409,0.000018451
1559348410,0.000018451
1559348411,0.000018451
1559348412,0.000018451
1559348413,0.000018451
1559348414,0.000014915
1559348415,0.000014915
1559348416,0.000014915
1559348417,0.000014915
1559348418,0.000014915
1559348419,0.000014733
1559348420,0.000014733
1559348421,0.000014733
1559348422,0.000014733
1559348423,0.000014733
1559348424,0.000037143
1559348425,0.000037143
1559348426,0.000037143
1559348427,0.000037143
1559348428,0.000037143
1559348429,0.000015734
1559348430,0.000015734
1559348431,0.000015734
1559348432,0.000015734
1559348433,0.000015734
1559348434,0.000034387
1559348435,0.000034387
1559348436,0.000034387
1559348437,0.000034387
1559348438,0.000034387
1559348439,0.000012074
1559348440,0.000012074
1559348441,0.000012074
1559348442,0.000012074
1559348443,0.000012074
1559348444,0.000015065
1559348445,0.000015065
1559348446,0.000015065
1559348447,0.000015065
1559348448,0.000015065
1559348449,0.000017958
1559348450,0.000017958
1559348451,0.000017958
1559348452,0.000017958
1559348453,0.000017958
1559348454,0.000013636
1559348455,0.000013636
1559348456,0.000013636
1559348457,0.000013636
1559348458,0.000013636
1559348459,0.00002068
1559348460,0.00002068
1559348461,0.00002068
1559348462,0.00002068
1559348463,0.00002068
1559348464,0.000024519
1559348465,0.000024519
1559348466,0.000024519
1559348467,0.000024519
1559348468,0.000024519
1559348469,0.000018154
1559348470,0.000018154
1559348471,0.000018154
1559348472,0.000018154
1559348473,0.000018154
1559348474,0.000016315
1559348475,0.000016315
1559348476,0.000016315
1559348477,0.000016315
1559348478,0.000016315
1559348479,0.000031946
1559348480,0.000031946
1559348481,0.000031946
1559348482,0.000031946
1559348483,0.000031946
1559348484,0.000039008
1559348485,0.000039008
1559348486,0.000039008
1559348487,0.000039008
1559348488,0.000039008
1559348489,0.000021986
1559348490,0.000021986
1559348491,0.000021986
1559348492,0.000021986
1559348493,0.000021986
1559348494,0.000020624
1559348495,0.000020624
1559348496,0.000020624
1559348497,0.000020624
1559348498,0.000020624
1559348499,0.000016211
1559348500,0.000016211
1559348501,0.000016211
1559348502,0.000016211
1559348503,0.000016211
1559348504,0.000032692
1559348505,0.000032692
1559348506,0.000032692
1559348507,0.000032692
1559348508,0.000032692
1559348509,0.000018471
1559348510,0.000018471
1559348511,0.000018471
1559348512,0.000018471
1559348513,0.000018471
1559348514,0.000017784
1559348515,0.000017784
1559348516,0.000017784
1559348517,0.000017784
1559348518,0.000017784
1559348519,0.000018482
1559348520,0.000018482
1559348521,0.000018482
1559348522,0.000018482
1559348523,0.000018482
1559348524,0.000013758
1559348525,0.000013758
1559348526,0.000013758
1559348527,0.000013758
1559348528,0.000013758
1559348529,0.000014444
1559348530,0.000014444
1559348531,0.000014444
1559348532,0.000014444
1559348533,0.000014444
1559348534,0.000025303
1559348535,0.000025303
1559348536,0.000025303
1559348537,0.000025303
1559348538,0.000025303
1559348539,0.000019295
1559348540,0.000019295
1559348541,0.000019295
1559348542,0.000019295
1559348543,0.000019295
1559348544,0.000018418
1559348545,0.000018418
1559348546,0.000018418
1559348547,0.000018418
1559348548,0.000018418
1559348549,0.00001751
1559348550,0.00001751
1559348551,0.00001751
1559348552,0.00001751
1559348553,0.00001751
1559348554,0.00002168
1559348555,0.00002168
1559348556,0.00002168
1559348557,0.00002168
1559348558,0.00002168
1559348559,0.00002102
1559348560,0.00002102
1559348561,0.00002102
1559348562,0.00002102
1559348563,0.00002102
1559348564,0.000057295
1559348565,0.000057295
1559348566,0.000057295
1559348567,0.000057295
1559348568,0.000057295
1559348569,0.000050913
1559348570,0.000050913
1559348571,0.000050913
1559348572,0.000050913
1559348573,0.000050913
1559348574,0.000016441
1559348575,0.000016441
1559348576,0.000016441
1559348577,0.000016441
1559348578,0.000016441
1559348579,0.000019377
1559348580,0.000019377
1559348581,0.000019377
1559348582,0.000019377
1559348583,0.000019377
1559348584,0.000022827
1559348585,0.000022827
1559348586,0.000022827
1559348587,0.000022827
1559348588,0.000022827
1559348589,0.000016498
1559348590,0.000016498
1559348591,0.000016498
1559348592,0.000016498
1559348593,0.000016498
1559348594,0.000017095
1559348595,0.000017095
1559348596,0.000017095
1559348597,0.000017095
1559348598,0.000017095
1559348599,0.000014462
1559348600,0.000014462
1559348601,0.000014462
1559348602,0.000014462
1559348603,0.000014462
1559348604,0.000018183
1559348605,0.000018183
1559348606,0.000018183
1559348607,0.000018183
1559348608,0.000018183
1559348609,0.000021528
1559348610,0.000021528
1559348611,0.000021528
1559348612,0.000021528
1559348613,0.000021528
1559348614,0.00001951
1559348615,0.00001951
1559348616,0.00001951
1559348617,0.00001951
1559348618,0.00001951
1559348619,0.000016073
1559348620,0.000016073
1559348621,0.000016073
1559348622,0.000016073
1559348623,0.000016073
1559348624,0.000033518
1559348625,0.000033518
1559348626,0.000033518
1559348627,0.000033518
1559348628,0.000033518
1559348629,0.000025905
1559348630,0.000025905
1559348631,0.000025905
1559348632,0.000025905
1559348633,0.000025905
1559348634,0.000025883
1559348635,0.000025883
1559348636,0.000025883
1559348637,0.000025883
1559348638,0.000025883
1559348639,0.000023096
1559348640,0.000023096
1559348641,0.000023096
1559348642,0.000023096
1559348643,0.000023096
1559348644,0.000015012
1559348645,0.000015012
1559348646,0.000015012
1559348647,0.000015012
1559348648,0.000015012
1559348649,0.000029298
1559348650,0.000029298
1559348651,0.000029298
1559348652,0.000029298
1559348653,0.000029298
1559348654,0.000017505
1559348655,0.000017505
1559348656,0.000017505
1559348657,0.000017505
1559348658,0.000017505
1559348659,0.000019484
1559348660,0.000019484
1559348661,0.000019484
1559348662,0.000019484
1559348663,0.000019484
1559348664,0.000019613
1559348665,0.000019613
1559348666,0.000019613
1559348667,0.000019613
1559348668,0.000019613
1559348669,0.000013525
1559348670,0.000013525
1559348671,0.000013525
1559348672,0.000013525
1559348673,0.000013525
1559348674,0.00001343
1559348675,0.00001343
1559348676,0.00001343
1559348677,0.00001343
1559348678,0.00001343
1559348679,0.000017259
1559348680,0.000017259
1559348681,0.000017259
1559348682,0.000017259
1559348683,0.000017259
1559348684,0.000048676
1559348685,0.000048676
1559348686,0.000048676
1559348687,0.000048676
1559348688,0.000048676
1559348689,0.000024187
1559348690,0.000024187
1559348691,0.000024187
1559348692,0.000024187
1559348693,0.000024187
1559348694,0.000022413
1559348695,0.000022413
1559348696,0.000022413
1559348697,0.000022413
1559348698,0.000022413
1559348699,0.000017822
1559348700,0.000017822
1559348701,0.000017822
1559348702,0.000017822
1559348703,0.000017822
1559348704,0.000017329
1559348705,0.000017329
1559348706,0.000017329
1559348707,0.000017329
1559348708,0.000017329
1559348709,0.000035169
1559348710,0.000035169
1559348711,0.000035169
1559348712,0.000035169
1559348713,0.000035169
1559348714,0.000036586
1559348715,0.000036586
1559348716,0.000036586
1559348717,0.000036586
1559348718,0.000036586
1559348719,0.000032323
1559348720,0.000032323
1559348721,0.000032323
1559348722,0.000032323
1559348723,0.000032323
1559348724,0.00005253
1559348725,0.00005253
1559348726,0.00005253
1559348727,0.00005253
1559348728,0.00005253
1559348729,0.000017988
1559348730,0.000017988
1559348731,0.000017988
1559348732,0.000017988
1559348733,0.000017988
1559348734,0.000019291
1559348735,0.000019291
1559348736,0.000019291
1559348737,0.000019291
1559348738,0.000019291
1559348739,0.000017761
1559348740,0.000017761
1559348741,0.000017761
1559348742,0.000017761
1559348743,0.000017761
1559348744,0.000017186
1559348745,0.000017186
1559348746,0.000017186
1559348747,0.000017186
1559348748,0.000017186
1559348749,0.000024816
1559348750,0.000024816
1559348751,0.000024816
1559348752,0.000024816
1559348753,0.000024816
1559348754,0.000020173
1559348755,0.000020173
1559348756,0.000020173
1559348757,0.000020173
1559348758,0.000020173
1559348759,0.000035976
1559348760,0.000035976
1559348761,0.000035976
1559348762,0.000035976
1559348763,0.000035976
1559348764,0.000016526
1559348765,0.000016526
1559348766,0.000016526
1559348767,0.000016526
1559348768,0.000016526
1559348769,0.000015322
1559348770,0.000015322
1559348771,0.000015322
1559348772,0.000015322
1559348773,0.000015322
1559348774,0.000023269
1559348775,0.000023269
1559348776,0.000023269
1559348777,0.000023269
1559348778,0.000023269
1559348779,0.000030196
1559348780,0.000030196
1559348781,0.000030196
1559348782,0.000030196
1559348783,0.000030196
1559348784,0.000021901
1559348785,0.000021901
1559348786,0.000021901
1559348787,0.000021901
1559348788,0.000021901
1559348789,0.000020532
1559348790,0.000020532
1559348791,0.000020532
1559348792,0.000020532
1559348793,0.000020532
1559348794,0.000027657
1559348795,0.000027657
1559348796,0.000027657
1559348797,0.000027657
1559348798,0.000027657
1559348799,0.000027479
1559348800,0.000027479
1559348801,0.000027479
1559348802,0.000027479
1559348803,0.000027479
1559348804,0.000014887
1559348805,0.000014887
1559348806,0.000014887
1559348807,0.000014887
1559348808,0.000014887
1559348809,0.000029823
1559348810,0.000029823
1559348811,0.000029823
1559348812,0.000029823
1559348813,0.000029823
1559348814,0.00001896
1559348815,0.00001896
1559348816,0.00001896
1559348817,0.00001896
1559348818,0.00001896
1559348819,0.000013995
1559348820,0.000013995
1559348821,0.000013995
1559348822,0.000013995
1559348823,0.000013995
1559348824,0.000023594
1559348825,0.000023594
1559348826,0.000023594
1559348827,0.000023594
1559348828,0.000023594
1559348829,0.000013093
1559348830,0.000013093
1559348831,0.000013093
1559348832,0.000013093
1559348833,0.000013093
1559348834,0.000028344
1559348835,0.000028344
1559348836,0.000028344
1559348837,0.000028344
1559348838,0.000028344
1559348839,0.000015269
1559348840,0.000015269
1559348841,0.000015269
1559348842,0.000015269
1559348843,0.000015269
1559348844,0.000025767
1559348845,0.000025767
1559348846,0.000025767
1559348847,0.000025767
1559348848,0.000025767
1559348849,0.000016126
1559348850,0.000016126
1559348851,0.000016126
1559348852,0.000016126
1559348853,0.000016126
1559348854,0.00001864
1559348855,0.00001864
1559348856,0.00001864
1559348857,0.00001864
1559348858,0.00001864
1559348859,0.000032904
1559348860,0.000032904
1559348861,0.000032904
1559348862,0.000032904
1559348863,0.000032904
1559348864,0.000019748
1559348865,0.000019748
1559348866,0.000019748
1559348867,0.000019748
1559348868,0.000019748
1559348869,0.000018328
1559348870,0.000018328
1559348871,0.000018328
1559348872,0.000018328
1559348873,0.000018328
1559348874,0.000015176
1559348875,0.000015176
1559348876,0.000015176
1559348877,0.000015176
1559348878,0.000015176
1559348879,0.000014864
1559348880,0.000014864
1559348881,0.000014864
1559348882,0.000014864
1559348883,0.000014864
1559348884,0.000018448
1559348885,0.000018448
1559348886,0.000018448
1559348887,0.000018448
1559348888,0.000018448
1559348889,0.000015001
1559348890,0.000015001
1559348891,0.000015001
1559348892,0.000015001
1559348893,0.000015001
1559348894,0.00001976
1559348895,0.00001976
1559348896,0.00001976
1559348897,0.00001976
1559348898,0.00001976
1559348899,0.000016113
1559348900,0.000016113
1559348901,0.000016113
1559348902,0.000016113
1559348903,0.000016113
1559348904,0.000013833
1559348905,0.000013833
1559348906,0.000013833
1559348907,0.000013833
1559348908,0.000013833
1559348909,0.000073802
1559348910,0.000073802
1559348911,0.000073802
1559348912,0.000073802
1559348913,0.000073802
1559348914,0.00001401
1559348915,0.00001401
1559348916,0.00001401
1559348917,0.00001401
1559348918,0.00001401
1559348919,0.000014164
1559348920,0.000014164
1559348921,0.000014164
1559348922,0.000014164
1559348923,0.000014164
1559348924,0.000029197
1559348925,0.000029197
1559348926,0.000029197
1559348927,0.000029197
1559348928,0.000029197
1559348929,0.000018516
1559348930,0.000018516
1559348931,0.000018516
1559348932,0.000018516
1559348933,0.000018516
1559348934,0.000016613
1559348935,0.000016613
1559348936,0.000016613
1559348937,0.000016613
1559348938,0.000016613
1559348939,0.00001621
1559348940,0.00001621
1559348941,0.00001621
1559348942,0.00001621
1559348943,0.00001621
1559348944,0.000014019
1559348945,0.000014019
1559348946,0.000014019
1559348947,0.000014019
1559348948,0.000014019
1559348949,0.00001532
1559348950,0.00001532
1559348951,0.00001532
1559348952,0.00001532
1559348953,0.00001532
1559348954,0.000012412
1559348955,0.000012412
1559348956,0.000012412
1559348957,0.000012412
1559348958,0.000012412
1559348959,0.000015702
1559348960,0.000015702
1559348961,0.000015702
1559348962,0.000015702
1559348963,0.000015702
1559348964,0.000016773
1559348965,0.000016773
1559348966,0.000016773
1559348967,0.000016773
1559348968,0.000016773
1559348969,0.000014392
1559348970,0.000014392
1559348971,0.000014392
1559348972,0.000014392
1559348973,0.000014392
1559348974,0.00001783
1559348975,0.00001783
1559348976,0.00001783
1559348977,0.00001783
1559348978,0.00001783
1559348979,0.00001535
1559348980,0.00001535
1559348981,0.00001535
1559348982,0.00001535
1559348983,0.00001535
1559348984,0.00001845
1559348985,0.00001845
1559348986,0.00001845
1559348987,0.00001845
1559348988,0.00001845
1559348989,0.000022605
1559348990,0.000022605
1559348991,0.000022605
1559348992,0.000022605
1559348993,0.000022605
1559348994,0.000018063
1559348995,0.000018063
1559348996,0.000018063
1559348997,0.000018063
1559348998,0.000018063
1559348999,0.000017819
1559349000,0.000017819
1559349001,0.000017819
1559349002,0.000017819
1559349003,0.000017819
1559349004,0.000016381
1559349005,0.000016381
1559349006,0.000016381
1559349007,0.000016381
1559349008,0.000016381
1559349009,0.000013507
1559349010,0.000013507
1559349011,0.000013507
1559349012,0.000013507
1559349013,0.000013507
1559349014,0.000015864
1559349015,0.000015864
1559349016,0.000015864
1559349017,0.000015864
1559349018,0.000015864
1559349019,0.000012659
1559349020,0.000012659
1559349021,0.000012659
1559349022,0.000012659
1559349023,0.000012659
1559349024,0.000040969
1559349025,0.000040969
1559349026,0.000040969
1559349027,0.000040969
1559349028,0.000040969
1559349029,0.000014877
1559349030,0.000014877
1559349031,0.000014877
1559349032,0.000014877
1559349033,0.000014877
1559349034,0.000033527
1559349035,0.000033527
1559349036,0.000033527
1559349037,0.000033527
1559349038,0.000033527
1559349039,0.00001474
1559349040,0.00001474
1559349041,0.00001474
1559349042,0.00001474
1559349043,0.00001474
1559349044,0.000014297
1559349045,0.000014297
1559349046,0.000014297
1559349047,0.000014297
1559349048,0.000014297
1559349049,0.000015172
1559349050,0.000015172
1559349051,0.000015172
1559349052,0.000015172
1559349053,0.000015172
1559349054,0.000015284
1559349055,0.000015284
1559349056,0.000015284
1559349057,0.000015284
1559349058,0.000015284
1559349059,0.000025414
1559349060,0.000025414
1559349061,0.000025414
1559349062,0.000025414
1559349063,0.000025414
1559349064,0.000020126
1559349065,0.000020126
1559349066,0.000020126
1559349067,0.000020126
1559349068,0.000020126
1559349069,0.000027731
1559349070,0.000027731
1559349071,0.000027731
1559349072,0.000027731
1559349073,0.000027731
1559349074,0.000015589
1559349075,0.000015589
1559349076,0.000015589
1559349077,0.000015589
1559349078,0.000015589
1559349079,0.000017419
1559349080,0.000017419
1559349081,0.000017419
1559349082,0.000017419
1559349083,0.000017419
1559349084,0.000014058
1559349085,0.000014058
1559349086,0.000014058
1559349087,0.000014058
1559349088,0.000014058
1559349089,0.000016882
1559349090,0.000016882
1559349091,0.000016882
1559349092,0.000016882
1559349093,0.000016882
1559349094,0.000029516
1559349095,0.000029516
1559349096,0.000029516
1559349097,0.000029516
1559349098,0.000029516
1559349099,0.000026979
1559349100,0.000026979
1559349101,0.000026979
1559349102,0.000026979
1559349103,0.000026979
1559349104,0.000025644
1559349105,0.000025644
1559349106,0.000025644
1559349107,0.000025644
1559349108,0.000025644
1559349109,0.000025477
1559349110,0.000025477
1559349111,0.000025477
1559349112,0.000025477
1559349113,0.000025477
1559349114,0.000033804
1559349115,0.000033804
1559349116,0.000033804
1559349117,0.000033804
1559349118,0.000033804
1559349119,0.000031126
1559349120,0.000031126
1559349121,0.000031126
1559349122,0.000031126
1559349123,0.000031126
1559349124,0.000015832
1559349125,0.000015832
1559349126,0.000015832
1559349127,0.000015832
1559349128,0.000015832
1559349129,0.000022551
1559349130,0.000022551
1559349131,0.000022551
1559349132,0.000022551
1559349133,0.000022551
1559349134,0.00001372
1559349135,0.00001372
1559349136,0.00001372
1559349137,0.00001372
1559349138,0.00001372
1559349139,0.000018136
1559349140,0.000018136
1559349141,0.000018136
1559349142,0.000018136
1559349143,0.000018136
1559349144,0.0000272
1559349145,0.0000272
1559349146,0.0000272
1559349147,0.0000272
1559349148,0.0000272
1559349149,0.000019446
1559349150,0.000019446
1559349151,0.000019446
1559349152,0.000019446
1559349153,0.000019446
1559349154,0.000019168
1559349155,0.000019168
1559349156,0.000019168
1559349157,0.000019168
1559349158,0.000019168
1559349159,0.000053757
1559349160,0.000053757
1559349161,0.000053757
1559349162,0.000053757
1559349163,0.000053757
1559349164,0.000014336
1559349165,0.000014336
1559349166,0.000014336
1559349167,0.000014336
1559349168,0.000014336
1559349169,0.000019758
1559349170,0.000019758
1559349171,0.000019758
1559349172,0.000019758
1559349173,0.000019758
1559349174,0.000019111
1559349175,0.000019111
1559349176,0.000019111
1559349177,0.000019111
1559349178,0.000019111
1559349179,0.000014265
1559349180,0.000014265
1559349181,0.000014265
1559349182,0.000014265
1559349183,0.000014265
1559349184,0.000016969
1559349185,0.000016969
1559349186,0.000016969
1559349187,0.000016969
1559349188,0.000016969
1559349189,0.000018201
1559349190,0.000018201
1559349191,0.000018201
1559349192,0.000018201
1559349193,0.000018201
1559349194,0.000016373
1559349195,0.000016373
1559349196,0.000016373
1559349197,0.000016373
1559349198,0.000016373
1559349199,0.000039892
1559349200,0.000039892
1559349201,0.000039892
1559349202,0.000039892
1559349203,0.000039892
1559349204,0.000016375
1559349205,0.000016375
1559349206,0.000016375
1559349207,0.000016375
1559349208,0.000016375
1559349209,0.000029644
1559349210,0.000029644
1559349211,0.000029644
1559349212,0.000029644
1559349213,0.000029644
1559349214,0.000016167
1559349215,0.000016167
1559349216,0.000016167
1559349217,0.000016167
1559349218,0.000016167
1559349219,0.000021078
1559349220,0.000021078
1559349221,0.000021078
1559349222,0.000021078
1559349223,0.000021078
1559349224,0.000018915
1559349225,0.000018915
1559349226,0.000018915
1559349227,0.000018915
1559349228,0.000018915
1559349229,0.000013461
1559349230,0.000013461
1559349231,0.000013461
1559349232,0.000013461
1559349233,0.000013461
1559349234,0.000011924
1559349235,0.000011924
1559349236,0.000011924
1559349237,0.000011924
1559349238,0.000011924
1559349239,0.000022995
1559349240,0.000022995
1559349241,0.000022995
1559349242,0.000022995
1559349243,0.000022995
1559349244,0.000015136
1559349245,0.000015136
1559349246,0.000015136
1559349247,0.000015136
1559349248,0.000015136
1559349249,0.00002221
1559349250,0.00002221
1559349251,0.00002221
1559349252,0.00002221
1559349253,0.00002221
1559349254,0.000016401
1559349255,0.000016401
1559349256,0.000016401
1559349257,0.000016401
1559349258,0.000016401
1559349259,0.00003002
1559349260,0.00003002
1559349261,0.00003002
1559349262,0.00003002
1559349263,0.00003002
1559349264,0.000020293
1559349265,0.000020293
1559349266,0.000020293
1559349267,0.000020293
1559349268,0.000020293
1559349269,0.000023712
1559349270,0.000023712
1559349271,0.000023712
1559349272,0.000023712
1559349273,0.000023712
1559349274,0.000015003
1559349275,0.000015003
1559349276,0.000015003
1559349277,0.000015003
1559349278,0.000015003
1559349279,0.000039337
1559349280,0.000039337
1559349281,0.000039337
1559349282,0.000039337
1559349283,0.000039337
1559349284,0.000020127
1559349285,0.000020127
1559349286,0.000020127
1559349287,0.000020127
1559349288,0.000020127
1559349289,0.000026301
1559349290,0.000026301
1559349291,0.000026301
1559349292,0.000026301
1559349293,0.000026301
1559349294,0.000027601
1559349295,0.000027601
1559349296,0.000027601
1559349297,0.000027601
1559349298,0.000027601
1559349299,0.000019382
1559349300,0.000019382
1559349301,0.000019382
1559349302,0.000019382
1559349303,0.000019382
1559349304,0.000016292
1559349305,0.000016292
1559349306,0.000016292
1559349307,0.000016292
1559349308,0.000016292
1559349309,0.000015292
1559349310,0.000015292
1559349311,0.000015292
1559349312,0.000015292
1559349313,0.000015292
1559349314,0.000018005
1559349315,0.000018005
1559349316,0.000018005
1559349317,0.000018005
1559349318,0.000018005
1559349319,0.000028703
1559349320,0.000028703
1559349321,0.000028703
1559349322,0.000028703
1559349323,0.000028703
1559349324,0.00001631
1559349325,0.00001631
1559349326,0.00001631
1559349327,0.00001631
1559349328,0.00001631
1559349329,0.000024232
1559349330,0.000024232
1559349331,0.000024232
1559349332,0.000024232
1559349333,0.000024232
1559349334,0.000019158
1559349335,0.000019158
1559349336,0.000019158
1559349337,0.000019158
1559349338,0.000019158
1559349339,0.000014618
1559349340,0.000014618
1559349341,0.000014618
1559349342,0.000014618
1559349343,0.000014618
1559349344,0.000034763
1559349345,0.000034763
1559349346,0.000034763
1559349347,0.000034763
1559349348,0.000034763
1559349349,0.000015189
1559349350,0.000015189
1559349351,0.000015189
1559349352,0.000015189
1559349353,0.000015189
1559349354,0.000015861
1559349355,0.000015861
1559349356,0.000015861
1559349357,0.000015861
1559349358,0.000015861
1559349359,0.000032252
1559349360,0.000032252
1559349361,0.000032252
1559349362,0.000032252
1559349363,0.000032252
1559349364,0.000044018
1559349365,0.000044018
1559349366,0.000044018
1559349367,0.000044018
1559349368,0.000044018
1559349369,0.000037892
1559349370,0.000037892
1559349371,0.000037892
1559349372,0.000037892
1559349373,0.000037892
1559349374,0.000017742
1559349375,0.000017742
1559349376,0.000017742
1559349377,0.000017742
1559349378,0.000017742
1559349379,0.000029003
1559349380,0.000029003
1559349381,0.000029003
1559349382,0.000029003
1559349383,0.000029003
1559349384,0.000022611
1559349385,0.000022611
1559349386,0.000022611
1559349387,0.000022611
1559349388,0.000022611
1559349389,0.00001508
1559349390,0.00001508
1559349391,0.00001508
1559349392,0.00001508
1559349393,0.00001508
1559349394,0.000013707
1559349395,0.000013707
1559349396,0.000013707
1559349397,0.000013707
1559349398,0.000013707
1559349399,0.000014558
1559349400,0.000014558
1559349401,0.000014558
1559349402,0.000014558
1559349403,0.000014558
1559349404,0.000042768
1559349405,0.000042768
1559349406,0.000042768
1559349407,0.000042768
1559349408,0.000042768
1559349409,0.000015166
1559349410,0.000015166
1559349411,0.000015166
1559349412,0.000015166
1559349413,0.000015166
1559349414,0.000013993
1559349415,0.000013993
1559349416,0.000013993
1559349417,0.000013993
1559349418,0.000013993
1559349419,0.000017099
1559349420,0.000017099
1559349421,0.000017099
1559349422,0.000017099
1559349423,0.000017099
1559349424,0.000016004
1559349425,0.000016004
1559349426,0.000016004
1559349427,0.000016004
1559349428,0.000016004
1559349429,0.000014415
1559349430,0.000014415
1559349431,0.000014415
1559349432,0.000014415
1559349433,0.000014415
1559349434,0.000023226
1559349435,0.000023226
1559349436,0.000023226
1559349437,0.000023226
1559349438,0.000023226
1559349439,0.000013697
1559349440,0.000013697
1559349441,0.000013697
1559349442,0.000013697
1559349443,0.000013697
1559349444,0.000027079
1559349445,0.000027079
1559349446,0.000027079
1559349447,0.000027079
1559349448,0.000027079
1559349449,0.000017782
1559349450,0.000017782
1559349451,0.000017782
1559349452,0.000017782
1559349453,0.000017782
1559349454,0.000012566
1559349455,0.000012566
1559349456,0.000012566
1559349457,0.000012566
1559349458,0.000012566
1559349459,0.000024565
1559349460,0.000024565
1559349461,0.000024565
1559349462,0.000024565
1559349463,0.000024565
1559349464,0.000018365
1559349465,0.000018365
1559349466,0.000018365
1559349467,0.000018365
1559349468,0.000018365
1559349469,0.00001708
1559349470,0.00001708
1559349471,0.00001708
1559349472,0.00001708
1559349473,0.00001708
1559349474,0.000013607
1559349475,0.000013607
1559349476,0.000013607
1559349477,0.000013607
1559349478,0.000013607
1559349479,0.000032943
1559349480,0.000032943
1559349481,0.000032943
1559349482,0.000032943
1559349483,0.000032943
1559349484,0.000023245
1559349485,0.000023245
1559349486,0.000023245
1559349487,0.000023245
1559349488,0.000023245
1559349489,0.000016668
1559349490,0.000016668
1559349491,0.000016668
1559349492,0.000016668
1559349493,0.000016668
1559349494,0.000030717
1559349495,0.000030717
1559349496,0.000030717
1559349497,0.000030717
1559349498,0.000030717
1559349499,0.000027353
1559349500,0.000027353
1559349501,0.000027353
1559349502,0.000027353
1559349503,0.000027353
1559349504,0.000017316
1559349505,0.000017316
1559349506,0.000017316
1559349507,0.000017316
1559349508,0.000017316
1559349509,0.000022709
1559349510,0.000022709
1559349511,0.000022709
1559349512,0.000022709
1559349513,0.000022709
1559349514,0.000028242
1559349515,0.000028242
1559349516,0.000028242
1559349517,0.000028242
1559349518,0.000028242
1559349519,0.000016461
1559349520,0.000016461
1559349521,0.000016461
1559349522,0.000016461
1559349523,0.000016461
1559349524,0.000020602
1559349525,0.000020602
1559349526,0.000020602
1559349527,0.000020602
1559349528,0.000020602
1559349529,0.000030784
1559349530,0.000030784
1559349531,0.000030784
1559349532,0.000030784
1559349533,0.000030784
1559349534,0.000028039
1559349535,0.000028039
1559349536,0.000028039
1559349537,0.000028039
1559349538,0.000028039
1559349539,0.000014897
1559349540,0.000014897
1559349541,0.000014897
1559349542,0.000014897
1559349543,0.000014897
1559349544,0.000014075
1559349545,0.000014075
1559349546,0.000014075
1559349547,0.000014075
1559349548,0.000014075
1559349549,0.000018834
1559349550,0.000018834
1559349551,0.000018834
1559349552,0.000018834
1559349553,0.000018834
1559349554,0.000026033
1559349555,0.000026033
1559349556,0.000026033
1559349557,0.000026033
1559349558,0.000026033
1559349559,0.000017019
1559349560,0.000017019
1559349561,0.000017019
1559349562,0.000017019
1559349563,0.000017019
1559349564,0.000014669
1559349565,0.000014669
1559349566,0.000014669
1559349567,0.000014669
1559349568,0.000014669
1559349569,0.000016709
1559349570,0.000016709
1559349571,0.000016709
1559349572,0.000016709
1559349573,0.000016709
1559349574,0.000016612
1559349575,0.000016612
1559349576,0.000016612
1559349577,0.000016612
1559349578,0.000016612
1559349579,0.000021502
1559349580,0.000021502
1559349581,0.000021502
1559349582,0.000021502
1559349583,0.000021502
1559349584,0.000029464
1559349585,0.000029464
1559349586,0.000029464
1559349587,0.000029464
1559349588,0.000029464
1559349589,0.000051833
1559349590,0.000051833
1559349591,0.000051833
1559349592,0.000051833
1559349593,0.000051833
1559349594,0.000015767
1559349595,0.000015767
1559349596,0.000015767
1559349597,0.000015767
1559349598,0.000015767
1559349599,0.000012346
1559349600,0.000012346
1559349601,0.000012346
1559349602,0.000012346
1559349603,0.000012346
1559349604,0.000016737
1559349605,0.000016737
1559349606,0.000016737
1559349607,0.000016737
1559349608,0.000016737
1559349609,0.000013085
1559349610,0.000013085
1559349611,0.000013085
1559349612,0.000013085
1559349613,0.000013085
1559349614,0.000017577
1559349615,0.000017577
1559349616,0.000017577
1559349617,0.000017577
1559349618,0.000017577
1559349619,0.000032513
1559349620,0.000032513
1559349621,0.000032513
1559349622,0.000032513
1559349623,0.000032513
1559349624,0.000027089
1559349625,0.000027089
1559349626,0.000027089
1559349627,0.000027089
1559349628,0.000027089
1559349629,0.00002801
1559349630,0.00002801
1559349631,0.00002801
1559349632,0.00002801
1559349633,0.00002801
1559349634,0.000014425
1559349635,0.000014425
1559349636,0.000014425
1559349637,0.000014425
1559349638,0.000014425
1559349639,0.00001287
1559349640,0.00001287
1559349641,0.00001287
1559349642,0.00001287
1559349643,0.00001287
1559349644,0.000035572
1559349645,0.000035572
1559349646,0.000035572
1559349647,0.000035572
1559349648,0.000035572
1559349649,0.000014809
1559349650,0.000014809
1559349651,0.000014809
1559349652,0.000014809
1559349653,0.000014809
1559349654,0.00001573
1559349655,0.00001573
1559349656,0.00001573
1559349657,0.00001573
1559349658,0.00001573
1559349659,0.000019072
1559349660,0.000019072
1559349661,0.000019072
1559349662,0.000019072
1559349663,0.000019072
1559349664,0.000015286
1559349665,0.000015286
1559349666,0.000015286
1559349667,0.000015286
1559349668,0.000015286
1559349669,0.00001511
1559349670,0.00001511
1559349671,0.00001511
1559349672,0.00001511
1559349673,0.00001511
1559349674,0.000016446
1559349675,0.000016446
1559349676,0.000016446
1559349677,0.000016446
1559349678,0.000016446
1559349679,0.000018626
1559349680,0.000018626
1559349681,0.000018626
1559349682,0.000018626
1559349683,0.000018626
1559349684,0.000015667
1559349685,0.000015667
1559349686,0.000015667
1559349687,0.000015667
1559349688,0.000015667
1559349689,0.000026417
1559349690,0.000026417
1559349691,0.000026417
1559349692,0.000026417
1559349693,0.000026417
1559349694,0.000024677
1559349695,0.000024677
1559349696,0.000024677
1559349697,0.000024677
1559349698,0.000024677
1559349699,0.000023335
1559349700,0.000023335
1559349701,0.000023335
1559349702,0.000023335
1559349703,0.000023335
1559349704,0.000028779
1559349705,0.000028779
1559349706,0.000028779
1559349707,0.000028779
1559349708,0.000028779
1559349709,0.000021995
1559349710,0.000021995
1559349711,0.000021995
1559349712,0.000021995
1559349713,0.000021995
1559349714,0.00002878
1559349715,0.00002878
1559349716,0.00002878
1559349717,0.00002878
1559349718,0.00002878
1559349719,0.000021323
1559349720,0.000021323
1559349721,0.000021323
1559349722,0.000021323
1559349723,0.000021323
1559349724,0.000016817
1559349725,0.000016817
1559349726,0.000016817
1559349727,0.000016817
1559349728,0.000016817
1559349729,0.000017763
1559349730,0.000017763
1559349731,0.000017763
1559349732,0.000017763
1559349733,0.000017763
1559349734,0.000021575
1559349735,0.000021575
1559349736,0.000021575
1559349737,0.000021575
1559349738,0.000021575
1559349739,0.000020184
1559349740,0.000020184
1559349741,0.000020184
1559349742,0.000020184
1559349743,0.000020184
1559349744,0.000029729
1559349745,0.000029729
1559349746,0.000029729
1559349747,0.000029729
1559349748,0.000029729
1559349749,0.00001474
1559349750,0.00001474
1559349751,0.00001474
1559349752,0.00001474
1559349753,0.00001474
1559349754,0.000014416
1559349755,0.000014416
1559349756,0.000014416
1559349757,0.000014416
1559349758,0.000014416
1559349759,0.000042612
1559349760,0.000042612
1559349761,0.000042612
1559349762,0.000042612
1559349763,0.000042612
1559349764,0.000020909
1559349765,0.000020909
1559349766,0.000020909
1559349767,0.000020909
1559349768,0.000020909
1559349769,0.0000123
1559349770,0.0000123
1559349771,0.0000123
1559349772,0.0000123
1559349773,0.0000123
1559349774,0.000016044
1559349775,0.000016044
1559349776,0.000016044
1559349777,0.000016044
1559349778,0.000016044
1559349779,0.000028836
1559349780,0.000028836
1559349781,0.000028836
1559349782,0.000028836
1559349783,0.000028836
1559349784,0.000018824
1559349785,0.000018824
1559349786,0.000018824
1559349787,0.000018824
1559349788,0.000018824
1559349789,0.000029263
1559349790,0.000029263
1559349791,0.000029263
1559349792,0.000029263
1559349793,0.000029263
1559349794,0.000018085
1559349795,0.000018085
1559349796,0.000018085
1559349797,0.000018085
1559349798,0.000018085
1559349799,0.000014815
1559349800,0.000014815
1559349801,0.000014815
1559349802,0.000014815
1559349803,0.000014815
1559349804,0.00003197
1559349805,0.00003197
1559349806,0.00003197
1559349807,0.00003197
1559349808,0.00003197
1559349809,0.000022118
1559349810,0.000022118
1559349811,0.000022118
1559349812,0.000022118
1559349813,0.000022118
1559349814,0.000020865
1559349815,0.000020865
1559349816,0.000020865
1559349817,0.000020865
1559349818,0.000020865
1559349819,0.000018919
1559349820,0.000018919
1559349821,0.000018919
1559349822,0.000018919
1559349823,0.000018919
1559349824,0.000015236
1559349825,0.000015236
1559349826,0.000015236
1559349827,0.000015236
1559349828,0.000015236
1559349829,0.000015079
1559349830,0.000015079
1559349831,0.000015079
1559349832,0.000015079
1559349833,0.000015079
1559349834,0.000014664
1559349835,0.000014664
1559349836,0.000014664
1559349837,0.000014664
1559349838,0.000014664
1559349839,0.000015134
1559349840,0.000015134
1559349841,0.000015134
1559349842,0.000015134
1559349843,0.000015134
1559349844,0.000020096
1559349845,0.000020096
1559349846,0.000020096
1559349847,0.000020096
1559349848,0.000020096
1559349849,0.000013798
1559349850,0.000013798
1559349851,0.000013798
1559349852,0.000013798
1559349853,0.000013798
1559349854,0.000033428
1559349855,0.000033428
1559349856,0.000033428
1559349857,0.000033428
1559349858,0.000033428
1559349859,0.000036143
1559349860,0.000036143
1559349861,0.000036143
1559349862,0.000036143
1559349863,0.000036143
1559349864,0.000056163
1559349865,0.000056163
1559349866,0.000056163
1559349867,0.000056163
1559349868,0.000056163
1559349869,0.000014969
1559349870,0.000014969
1559349871,0.000014969
1559349872,0.000014969
1559349873,0.000014969
1559349874,0.000014162
1559349875,0.000014162
1559349876,0.000014162
1559349877,0.000014162
1559349878,0.000014162
1559349879,0.000014743
1559349880,0.000014743
1559349881,0.000014743
1559349882,0.000014743
1559349883,0.000014743
1559349884,0.000012258
1559349885,0.000012258
1559349886,0.000012258
1559349887,0.000012258
1559349888,0.000012258
1559349889,0.000021922
1559349890,0.000021922
1559349891,0.000021922
1559349892,0.000021922
1559349893,0.000021922
1559349894,0.000018503
1559349895,0.000018503
1559349896,0.000018503
1559349897,0.000018503
1559349898,0.000018503
1559349899,0.000015888
1559349900,0.000015888
1559349901,0.000015888
1559349902,0.000015888
1559349903,0.000015888
1559349904,0.000027666
1559349905,0.000027666
1559349906,0.000027666
1559349907,0.000027666
1559349908,0.000027666
1559349909,0.000032955
1559349910,0.000032955
1559349911,0.000032955
1559349912,0.000032955
1559349913,0.000032955
1559349914,0.00001947
1559349915,0.00001947
1559349916,0.00001947
1559349917,0.00001947
1559349918,0.00001947
1559349919,0.000014576
1559349920,0.000014576
1559349921,0.000014576
1559349922,0.000014576
1559349923,0.000014576
1559349924,0.000016823
1559349925,0.000016823
1559349926,0.000016823
1559349927,0.000016823
1559349928,0.000016823
1559349929,0.000013991
1559349930,0.000013991
1559349931,0.000013991
1559349932,0.000013991
1559349933,0.000013991
1559349934,0.000014376
1559349935,0.000014376
1559349936,0.000014376
1559349937,0.000014376
1559349938,0.000014376
1559349939,0.000014518
1559349940,0.000014518
1559349941,0.000014518
1559349942,0.000014518
1559349943,0.000014518
1559349944,0.000014444
1559349945,0.000014444
1559349946,0.000014444
1559349947,0.000014444
1559349948,0.000014444
1559349949,0.000016261
1559349950,0.000016261
1559349951,0.000016261
1559349952,0.000016261
1559349953,0.000016261
1559349954,0.000017905
1559349955,0.000017905
1559349956,0.000017905
1559349957,0.000017905
1559349958,0.000017905
1559349959,0.000016727
1559349960,0.000016727
1559349961,0.000016727
1559349962,0.000016727
1559349963,0.000016727
1559349964,0.000028266
1559349965,0.000028266
1559349966,0.000028266
1559349967,0.000028266
1559349968,0.000028266
1559349969,0.000015444
1559349970,0.000015444
1559349971,0.000015444
1559349972,0.000015444
1559349973,0.000015444
1559349974,0.000014637
1559349975,0.000014637
1559349976,0.000014637
1559349977,0.000014637
1559349978,0.000014637
1559349979,0.0000134
1559349980,0.0000134
1559349981,0.0000134
1559349982,0.0000134
1559349983,0.0000134
1559349984,0.000029633
1559349985,0.000029633
1559349986,0.000029633
1559349987,0.000029633
1559349988,0.000029633
1559349989,0.000031387
1559349990,0.000031387
1559349991,0.000031387
1559349992,0.000031387
1559349993,0.000031387
1559349994,0.000028767
1559349995,0.000028767
1559349996,0.000028767
1559349997,0.000028767
1559349998,0.000028767
1559349999,0.00003093
1559350000,0.00003093
1559350001,0.00003093
1559350002,0.00003093
1559350003,0.00003093
1559350004,0.000014311
1559350005,0.000014311
1559350006,0.000014311
1559350007,0.000014311
1559350008,0.000014311
1559350009,0.000018827
1559350010,0.000018827
1559350011,0.000018827
1559350012,0.000018827
1559350013,0.000018827
1559350014,0.000015643
1559350015,0.000015643
1559350016,0.000015643
1559350017,0.000015643
1559350018,0.000015643
1559350019,0.000027697
1559350020,0.000027697
1559350021,0.000027697
1559350022,0.000027697
1559350023,0.000027697
1559350024,0.000017158
1559350025,0.000017158
1559350026,0.000017158
1559350027,0.000017158
1559350028,0.000017158
1559350029,0.000015321
1559350030,0.000015321
1559350031,0.000015321
1559350032,0.000015321
1559350033,0.000015321
1559350034,0.000017311
1559350035,0.000017311
1559350036,0.000017311
1559350037,0.000017311
1559350038,0.000017311
1559350039,0.000022612
1559350040,0.000022612
1559350041,0.000022612
1559350042,0.000022612
1559350043,0.000022612
1559350044,0.000018817
1559350045,0.000018817
1559350046,0.000018817
1559350047,0.000018817
1559350048,0.000018817
1559350049,0.000018656
1559350050,0.000018656
1559350051,0.000018656
1559350052,0.000018656
1559350053,0.000018656
1559350054,0.000014435
1559350055,0.000014435
1559350056,0.000014435
1559350057,0.000014435
1559350058,0.000014435
1559350059,0.000029118
1559350060,0.000029118
1559350061,0.000029118
1559350062,0.000029118
1559350063,0.000029118
1559350064,0.000013144
1559350065,0.000013144
1559350066,0.000013144
1559350067,0.000013144
1559350068,0.000013144
1559350069,0.000015578
1559350070,0.000015578
1559350071,0.000015578
1559350072,0.000015578
1559350073,0.000015578
1559350074,0.000014196
1559350075,0.000014196
1559350076,0.000014196
1559350077,0.000014196
1559350078,0.000014196
1559350079,0.000013483
1559350080,0.000013483
1559350081,0.000013483
1559350082,0.000013483
1559350083,0.000013483
1559350084,0.000026417
1559350085,0.000026417
1559350086,0.000026417
1559350087,0.000026417
1559350088,0.000026417
1559350089,0.000049243
1559350090,0.000049243
1559350091,0.000049243
1559350092,0.000049243
1559350093,0.000049243
1559350094,0.000014254
1559350095,0.000014254
1559350096,0.000014254
1559350097,0.000014254
1559350098,0.000014254
1559350099,0.000014147
1559350100,0.000014147
1559350101,0.000014147
1559350102,0.000014147
1559350103,0.000014147
1559350104,0.000018072
1559350105,0.000018072
1559350106,0.000018072
1559350107,0.000018072
1559350108,0.000018072
1559350109,0.000031239
1559350110,0.000031239
1559350111,0.000031239
1559350112,0.000031239
1559350113,0.000031239
1559350114,0.000016174
1559350115,0.000016174
1559350116,0.000016174
1559350117,0.000016174
1559350118,0.000016174
1559350119,0.000015253
1559350120,0.000015253
1559350121,0.000015253
1559350122,0.000015253
1559350123,0.000015253
1559350124,0.000015424
1559350125,0.000015424
1559350126,0.000015424
1559350127,0.000015424
1559350128,0.000015424
1559350129,0.000022933
1559350130,0.000022933
1559350131,0.000022933
1559350132,0.000022933
1559350133,0.000022933
1559350134,0.000021872
1559350135,0.000021872
1559350136,0.000021872
1559350137,0.000021872
1559350138,0.000021872
1559350139,0.000041424
1559350140,0.000041424
1559350141,0.000041424
1559350142,0.000041424
1559350143,0.000041424
1559350144,0.000022078
1559350145,0.000022078
1559350146,0.000022078
1559350147,0.000022078
1559350148,0.000022078
1559350149,0.000023241
1559350150,0.000023241
1559350151,0.000023241
1559350152,0.000023241
1559350153,0.000023241
1559350154,0.000012932
1559350155,0.000012932
1559350156,0.000012932
1559350157,0.000012932
1559350158,0.000012932
1559350159,0.000015433
1559350160,0.000015433
1559350161,0.000015433
1559350162,0.000015433
1559350163,0.000015433
1559350164,0.000029277
1559350165,0.000029277
1559350166,0.000029277
1559350167,0.000029277
1559350168,0.000029277
1559350169,0.000015957
1559350170,0.000015957
1559350171,0.000015957
1559350172,0.000015957
1559350173,0.000015957
1559350174,0.00001746
1559350175,0.00001746
1559350176,0.00001746
1559350177,0.00001746
1559350178,0.00001746
1559350179,0.000023976
1559350180,0.000023976
1559350181,0.000023976
1559350182,0.000023976
1559350183,0.000023976
1559350184,0.000014386
1559350185,0.000014386
1559350186,0.000014386
1559350187,0.000014386
1559350188,0.000014386
1559350189,0.000030023
1559350190,0.000030023
1559350191,0.000030023
1559350192,0.000030023
1559350193,0.000030023
1559350194,0.000017173
1559350195,0.000017173
1559350196,0.000017173
1559350197,0.000017173
1559350198,0.000017173
1559350199,0.000014272
1559350200,0.000014272
1559350201,0.000014272
1559350202,0.000014272
1559350203,0.000014272
1559350204,0.000014225
1559350205,0.000014225
1559350206,0.000014225
1559350207,0.000014225
1559350208,0.000014225
1559350209,0.000015106
1559350210,0.000015106
1559350211,0.000015106
1559350212,0.000015106
1559350213,0.000015106
1559350214,0.000012537
1559350215,0.000012537
1559350216,0.000012537
1559350217,0.000012537
1559350218,0.000012537
1559350219,0.000015821
1559350220,0.000015821
1559350221,0.000015821
1559350222,0.000015821
1559350223,0.000015821
1559350224,0.000021217
1559350225,0.000021217
1559350226,0.000021217
1559350227,0.000021217
1559350228,0.000021217
1559350229,0.000034455
1559350230,0.000034455
1559350231,0.000034455
1559350232,0.000034455
1559350233,0.000034455
1559350234,0.000015851
1559350235,0.000015851
1559350236,0.000015851
1559350237,0.000015851
1559350238,0.000015851
1559350239,0.000014208
1559350240,0.000014208
1559350241,0.000014208
1559350242,0.000014208
1559350243,0.000014208
1559350244,0.00001374
1559350245,0.00001374
1559350246,0.00001374
1559350247,0.00001374
1559350248,0.00001374
1559350249,0.000018399
1559350250,0.000018399
1559350251,0.000018399
1559350252,0.000018399
1559350253,0.000018399
1559350254,0.000027349
1559350255,0.000027349
1559350256,0.000027349
1559350257,0.000027349
1559350258,0.000027349
1559350259,0.000031904
1559350260,0.000031904
1559350261,0.000031904
1559350262,0.000031904
1559350263,0.000031904
1559350264,0.000019204
1559350265,0.000019204
1559350266,0.000019204
1559350267,0.000019204
1559350268,0.000019204
1559350269,0.000015368
1559350270,0.000015368
1559350271,0.000015368
1559350272,0.000015368
1559350273,0.000015368
1559350274,0.000014428
1559350275,0.000014428
1559350276,0.000014428
1559350277,0.000014428
1559350278,0.000014428
1559350279,0.000012931
1559350280,0.000012931
1559350281,0.000012931
1559350282,0.000012931
1559350283,0.000012931
1559350284,0.000043857
1559350285,0.000043857
1559350286,0.000043857
1559350287,0.000043857
1559350288,0.000043857
1559350289,0.00001607
1559350290,0.00001607
1559350291,0.00001607
1559350292,0.00001607
1559350293,0.00001607
1559350294,0.000016261
1559350295,0.000016261
1559350296,0.000016261
1559350297,0.000016261
1559350298,0.000016261
1559350299,0.000013441
1559350300,0.000013441
1559350301,0.000013441
1559350302,0.000013441
1559350303,0.000013441
1559350304,0.000033453
1559350305,0.000033453
1559350306,0.000033453
1559350307,0.000033453
1559350308,0.000033453
1559350309,0.000013714
1559350310,0.000013714
1559350311,0.000013714
1559350312,0.000013714
1559350313,0.000013714
1559350314,0.000031873
1559350315,0.000031873
1559350316,0.000031873
1559350317,0.000031873
1559350318,0.000031873
1559350319,0.000013129
1559350320,0.000013129
1559350321,0.000013129
1559350322,0.000013129
1559350323,0.000013129
1559350324,0.000017234
1559350325,0.000017234
1559350326,0.000017234
1559350327,0.000017234
1559350328,0.000017234
1559350329,0.000030941
1559350330,0.000030941
1559350331,0.000030941
1559350332,0.000030941
1559350333,0.000030941
1559350334,0.000024165
1559350335,0.000024165
1559350336,0.000024165
1559350337,0.000024165
1559350338,0.000024165
1559350339,0.00001379
1559350340,0.00001379
1559350341,0.00001379
1559350342,0.00001379
1559350343,0.00001379
1559350344,0.000019129
1559350345,0.000019129
1559350346,0.000019129
1559350347,0.000019129
1559350348,0.000019129
1559350349,0.000015637
1559350350,0.000015637
1559350351,0.000015637
1559350352,0.000015637
1559350353,0.000015637
1559350354,0.000033414
1559350355,0.000033414
1559350356,0.000033414
1559350357,0.000033414
1559350358,0.000033414
1559350359,0.000017385
1559350360,0.000017385
1559350361,0.000017385
1559350362,0.000017385
1559350363,0.000017385
1559350364,0.000015428
1559350365,0.000015428
1559350366,0.000015428
1559350367,0.000015428
1559350368,0.000015428
1559350369,0.000020096
1559350370,0.000020096
1559350371,0.000020096
1559350372,0.000020096
1559350373,0.000020096
1559350374,0.000028133
1559350375,0.000028133
1559350376,0.000028133
1559350377,0.000028133
1559350378,0.000028133
1559350379,0.000015651
1559350380,0.000015651
1559350381,0.000015651
1559350382,0.000015651
1559350383,0.000015651
1559350384,0.000018543
1559350385,0.000018543
1559350386,0.000018543
1559350387,0.000018543
1559350388,0.000018543
1559350389,0.000017004
1559350390,0.000017004
1559350391,0.000017004
1559350392,0.000017004
1559350393,0.000017004
1559350394,0.000021785
1559350395,0.000021785
1559350396,0.000021785
1559350397,0.000021785
1559350398,0.000021785
1559350399,0.000029249
1559350400,0.000029249
1559350401,0.000029249
1559350402,0.000029249
1559350403,0.000029249
1559350404,0.000027871
1559350405,0.000027871
1559350406,0.000027871
1559350407,0.000027871
1559350408,0.000027871
1559350409,0.00003599
1559350410,0.00003599
1559350411,0.00003599
1559350412,0.00003599
1559350413,0.00003599
1559350414,0.000014192
1559350415,0.000014192
1559350416,0.000014192
1559350417,0.000014192
1559350418,0.000014192
1559350419,0.000030814
1559350420,0.000030814
1559350421,0.000030814
1559350422,0.000030814
1559350423,0.000030814
1559350424,0.000015521
1559350425,0.000015521
1559350426,0.000015521
1559350427,0.000015521
1559350428,0.000015521
1559350429,0.000025227
1559350430,0.000025227
1559350431,0.000025227
1559350432,0.000025227
1559350433,0.000025227
1559350434,0.000019568
1559350435,0.000019568
1559350436,0.000019568
1559350437,0.000019568
1559350438,0.000019568
1559350439,0.000015547
1559350440,0.000015547
1559350441,0.000015547
1559350442,0.000015547
1559350443,0.000015547
1559350444,0.000016585
1559350445,0.000016585
1559350446,0.000016585
1559350447,0.000016585
1559350448,0.000016585
1559350449,0.00003671
1559350450,0.00003671
1559350451,0.00003671
1559350452,0.00003671
1559350453,0.00003671
1559350454,0.000021928
1559350455,0.000021928
1559350456,0.000021928
1559350457,0.000021928
1559350458,0.000021928
1559350459,0.000029339
1559350460,0.000029339
1559350461,0.000029339
1559350462,0.000029339
1559350463,0.000029339
1559350464,0.000030888
1559350465,0.000030888
1559350466,0.000030888
1559350467,0.000030888
1559350468,0.000030888
1559350469,0.000016467
1559350470,0.000016467
1559350471,0.000016467
1559350472,0.000016467
1559350473,0.000016467
1559350474,0.000021382
1559350475,0.000021382
1559350476,0.000021382
1559350477,0.000021382
1559350478,0.000021382
1559350479,0.000017306
1559350480,0.000017306
1559350481,0.000017306
1559350482,0.000017306
1559350483,0.000017306
1559350484,0.00001862
1559350485,0.00001862
1559350486,0.00001862
1559350487,0.00001862
1559350488,0.00001862
1559350489,0.000029442
1559350490,0.000029442
1559350491,0.000029442
1559350492,0.000029442
1559350493,0.000029442
1559350494,0.000015037
1559350495,0.000015037
1559350496,0.000015037
1559350497,0.000015037
1559350498,0.000015037
1559350499,0.000034902
1559350500,0.000034902
1559350501,0.000034902
1559350502,0.000034902
1559350503,0.000034902
1559350504,0.000016527
1559350505,0.000016527
1559350506,0.000016527
1559350507,0.000016527
1559350508,0.000016527
1559350509,0.000014954
1559350510,0.000014954
1559350511,0.000014954
1559350512,0.000014954
1559350513,0.000014954
1559350514,0.000014765
1559350515,0.000014765
1559350516,0.000014765
1559350517,0.000014765
1559350518,0.000014765
1559350519,0.00002844
1559350520,0.00002844
1559350521,0.00002844
1559350522,0.00002844
1559350523,0.00002844
1559350524,0.000017348
1559350525,0.000017348
1559350526,0.000017348
1559350527,0.000017348
1559350528,0.000017348
1559350529,0.000038085
1559350530,0.000038085
1559350531,0.000038085
1559350532,0.000038085
1559350533,0.000038085
1559350534,0.000015052
1559350535,0.000015052
1559350536,0.000015052
1559350537,0.000015052
1559350538,0.000015052
1559350539,0.000025268
1559350540,0.000025268
1559350541,0.000025268
1559350542,0.000025268
1559350543,0.000025268
1559350544,0.000018478
1559350545,0.000018478
1559350546,0.000018478
1559350547,0.000018478
1559350548,0.000018478
1559350549,0.000018103
1559350550,0.000018103
1559350551,0.000018103
1559350552,0.000018103
1559350553,0.000018103
1559350554,0.000027743
1559350555,0.000027743
1559350556,0.000027743
1559350557,0.000027743
1559350558,0.000027743
1559350559,0.000015728
1559350560,0.000015728
1559350561,0.000015728
1559350562,0.000015728
1559350563,0.000015728
1559350564,0.000023525
1559350565,0.000023525
1559350566,0.000023525
1559350567,0.000023525
1559350568,0.000023525
1559350569,0.000016995
1559350570,0.000016995
1559350571,0.000016995
1559350572,0.000016995
1559350573,0.000016995
1559350574,0.000027837
1559350575,0.000027837
1559350576,0.000027837
1559350577,0.000027837
1559350578,0.000027837
1559350579,0.00001636
1559350580,0.00001636
1559350581,0.00001636
1559350582,0.00001636
1559350583,0.00001636
1559350584,0.000014295
1559350585,0.000014295
1559350586,0.000014295
1559350587,0.000014295
1559350588,0.000014295
1559350589,0.000020302
1559350590,0.000020302
1559350591,0.000020302
1559350592,0.000020302
1559350593,0.000020302
1559350594,0.000014538
1559350595,0.000014538
1559350596,0.000014538
1559350597,0.000014538
1559350598,0.000014538
1559350599,0.000025354
1559350600,0.000025354
1559350601,0.000025354
1559350602,0.000025354
1559350603,0.000025354
1559350604,0.000030158
1559350605,0.000030158
1559350606,0.000030158
1559350607,0.000030158
1559350608,0.000030158
1559350609,0.000018362
1559350610,0.000018362
1559350611,0.000018362
1559350612,0.000018362
1559350613,0.000018362
1559350614,0.000021529
1559350615,0.000021529
1559350616,0.000021529
1559350617,0.000021529
1559350618,0.000021529
1559350619,0.000013859
1559350620,0.000013859
1559350621,0.000013859
1559350622,0.000013859
1559350623,0.000013859
1559350624,0.000013932
1559350625,0.000013932
1559350626,0.000013932
1559350627,0.000013932
1559350628,0.000013932
1559350629,0.000022322
1559350630,0.000022322
1559350631,0.000022322
1559350632,0.000022322
1559350633,0.000022322
1559350634,0.000030093
1559350635,0.000030093
1559350636,0.000030093
1559350637,0.000030093
1559350638,0.000030093
1559350639,0.000013466
1559350640,0.000013466
1559350641,0.000013466
1559350642,0.000013466
1559350643,0.000013466
1559350644,0.000020843
1559350645,0.000020843
1559350646,0.000020843
1559350647,0.000020843
1559350648,0.000020843
1559350649,0.000075285
1559350650,0.000075285
1559350651,0.000075285
1559350652,0.000075285
1559350653,0.000075285
1559350654,0.000015355
1559350655,0.000015355
1559350656,0.000015355
1559350657,0.000015355
1559350658,0.000015355
1559350659,0.00001649
1559350660,0.00001649
1559350661,0.00001649
1559350662,0.00001649
1559350663,0.00001649
1559350664,0.000021821
1559350665,0.000021821
1559350666,0.000021821
1559350667,0.000021821
1559350668,0.000021821
1559350669,0.000015683
1559350670,0.000015683
1559350671,0.000015683
1559350672,0.000015683
1559350673,0.000015683
1559350674,0.000013461
1559350675,0.000013461
1559350676,0.000013461
1559350677,0.000013461
1559350678,0.000013461
1559350679,0.000018699
1559350680,0.000018699
1559350681,0.000018699
1559350682,0.000018699
1559350683,0.000018699
1559350684,0.000031203
1559350685,0.000031203
1559350686,0.000031203
1559350687,0.000031203
1559350688,0.000031203
1559350689,0.000032748
1559350690,0.000032748
1559350691,0.000032748
1559350692,0.000032748
1559350693,0.000032748
1559350694,0.000015583
1559350695,0.000015583
1559350696,0.000015583
1559350697,0.000015583
1559350698,0.000015583
1559350699,0.000017569
1559350700,0.000017569
1559350701,0.000017569
1559350702,0.000017569
1559350703,0.000017569
1559350704,0.000013466
1559350705,0.000013466
1559350706,0.000013466
1559350707,0.000013466
1559350708,0.000013466
1559350709,0.000017355
1559350710,0.000017355
1559350711,0.000017355
1559350712,0.000017355
1559350713,0.000017355
1559350714,0.000023683
1559350715,0.000023683
1559350716,0.000023683
1559350717,0.000023683
1559350718,0.000023683
1559350719,0.000021862
1559350720,0.000021862
1559350721,0.000021862
1559350722,0.000021862
1559350723,0.000021862
1559350724,0.00001774
1559350725,0.00001774
1559350726,0.00001774
1559350727,0.00001774
1559350728,0.00001774
1559350729,0.000026984
1559350730,0.000026984
1559350731,0.000026984
1559350732,0.000026984
1559350733,0.000026984
1559350734,0.000014513
1559350735,0.000014513
1559350736,0.000014513
1559350737,0.000014513
1559350738,0.000014513
1559350739,0.000015526
1559350740,0.000015526
1559350741,0.000015526
1559350742,0.000015526
1559350743,0.000015526
1559350744,0.000029051
1559350745,0.000029051
1559350746,0.000029051
1559350747,0.000029051
1559350748,0.000029051
1559350749,0.000034101
1559350750,0.000034101
1559350751,0.000034101
1559350752,0.000034101
1559350753,0.000034101
1559350754,0.000040457
1559350755,0.000040457
1559350756,0.000040457
1559350757,0.000040457
1559350758,0.000040457
1559350759,0.000028825
1559350760,0.000028825
1559350761,0.000028825
1559350762,0.000028825
1559350763,0.000028825
1559350764,0.000013141
1559350765,0.000013141
1559350766,0.000013141
1559350767,0.000013141
1559350768,0.000013141
1559350769,0.000016561
1559350770,0.000016561
1559350771,0.000016561
1559350772,0.000016561
1559350773,0.000016561
1559350774,0.000015854
1559350775,0.000015854
1559350776,0.000015854
1559350777,0.000015854
1559350778,0.000015854
1559350779,0.000022819
1559350780,0.000022819
1559350781,0.000022819
1559350782,0.000022819
1559350783,0.000022819
1559350784,0.000021773
1559350785,0.000021773
1559350786,0.000021773
1559350787,0.000021773
1559350788,0.000021773
1559350789,0.000025684
1559350790,0.000025684
1559350791,0.000025684
1559350792,0.000025684
1559350793,0.000025684
1559350794,0.000017846
1559350795,0.000017846
1559350796,0.000017846
1559350797,0.000017846
1559350798,0.000017846
1559350799,0.000027592
1559350800,0.000027592
1559350801,0.000027592
1559350802,0.000027592
1559350803,0.000027592
1559350804,0.000018579
1559350805,0.000018579
1559350806,0.000018579
1559350807,0.000018579
1559350808,0.000018579
1559350809,0.000027441
1559350810,0.000027441
1559350811,0.000027441
1559350812,0.000027441
1559350813,0.000027441
1559350814,0.000014872
1559350815,0.000014872
1559350816,0.000014872
1559350817,0.000014872
1559350818,0.000014872
1559350819,0.000021098
1559350820,0.000021098
1559350821,0.000021098
1559350822,0.000021098
1559350823,0.000021098
1559350824,0.000017203
1559350825,0.000017203
1559350826,0.000017203
1559350827,0.000017203
1559350828,0.000017203
1559350829,0.000036305
1559350830,0.000036305
1559350831,0.000036305
1559350832,0.000036305
1559350833,0.000036305
1559350834,0.000028859
1559350835,0.000028859
1559350836,0.000028859
1559350837,0.000028859
1559350838,0.000028859
1559350839,0.000017884
1559350840,0.000017884
1559350841,0.000017884
1559350842,0.000017884
1559350843,0.000017884
1559350844,0.0000182
1559350845,0.0000182
1559350846,0.0000182
1559350847,0.0000182
1559350848,0.0000182
1559350849,0.000015311
1559350850,0.000015311
1559350851,0.000015311
1559350852,0.000015311
1559350853,0.000015311
1559350854,0.0000203
1559350855,0.0000203
1559350856,0.0000203
1559350857,0.0000203
1559350858,0.0000203
1559350859,0.000037904
1559350860,0.000037904
1559350861,0.000037904
1559350862,0.000037904
1559350863,0.000037904
1559350864,0.000017791
1559350865,0.000017791
1559350866,0.000017791
1559350867,0.000017791
1559350868,0.000017791
1559350869,0.000031521
1559350870,0.000031521
1559350871,0.000031521
1559350872,0.000031521
1559350873,0.000031521
1559350874,0.000016895
1559350875,0.000016895
1559350876,0.000016895
1559350877,0.000016895
1559350878,0.000016895
1559350879,0.002083666
1559350880,0.002083666
1559350881,0.002083666
1559350882,0.002083666
1559350883,0.002083666
1559350884,0.000020666
1559350885,0.000020666
1559350886,0.000020666
1559350887,0.000020666
1559350888,0.000020666
1559350889,0.000018416
1559350890,0.000018416
1559350891,0.000018416
1559350892,0.000018416
1559350893,0.000018416
1559350894,0.000014823
1559350895,0.000014823
1559350896,0.000014823
1559350897,0.000014823
1559350898,0.000014823
1559350899,0.000016317
1559350900,0.000016317
1559350901,0.000016317
1559350902,0.000016317
1559350903,0.000016317
1559350904,0.000020376
1559350905,0.000020376
1559350906,0.000020376
1559350907,0.000020376
1559350908,0.000020376
1559350909,0.000012458
1559350910,0.000012458
1559350911,0.000012458
1559350912,0.000012458
1559350913,0.000012458
1559350914,0.000021544
1559350915,0.000021544
1559350916,0.000021544
1559350917,0.000021544
1559350918,0.000021544
1559350919,0.00001519
1559350920,0.00001519
1559350921,0.00001519
1559350922,0.00001519
1559350923,0.00001519
1559350924,0.000020466
1559350925,0.000020466
1559350926,0.000020466
1559350927,0.000020466
1559350928,0.000020466
1559350929,0.000016471
1559350930,0.000016471
1559350931,0.000016471
1559350932,0.000016471
1559350933,0.000016471
1559350934,0.000014749
1559350935,0.000014749
1559350936,0.000014749
1559350937,0.000014749
1559350938,0.000014749
1559350939,0.000042107
1559350940,0.000042107
1559350941,0.000042107
1559350942,0.000042107
1559350943,0.000042107
1559350944,0.000018691
1559350945,0.000018691
1559350946,0.000018691
1559350947,0.000018691
1559350948,0.000018691
1559350949,0.000021927
1559350950,0.000021927
1559350951,0.000021927
1559350952,0.000021927
1559350953,0.000021927
1559350954,0.000061184
1559350955,0.000061184
1559350956,0.000061184
1559350957,0.000061184
1559350958,0.000061184
1559350959,0.000020336
1559350960,0.000020336
1559350961,0.000020336
1559350962,0.000020336
1559350963,0.000020336
1559350964,0.000057516
1559350965,0.000057516
1559350966,0.000057516
1559350967,0.000057516
1559350968,0.000057516
1559350969,0.00002426
1559350970,0.00002426
1559350971,0.00002426
1559350972,0.00002426
1559350973,0.00002426
1559350974,0.000019808
1559350975,0.000019808
1559350976,0.000019808
1559350977,0.000019808
1559350978,0.000019808
1559350979,0.000045362
1559350980,0.000045362
1559350981,0.000045362
1559350982,0.000045362
1559350983,0.000045362
1559350984,0.000015433
1559350985,0.000015433
1559350986,0.000015433
1559350987,0.000015433
1559350988,0.000015433
1559350989,0.000022112
1559350990,0.000022112
1559350991,0.000022112
1559350992,0.000022112
1559350993,0.000022112
1559350994,0.000016225
1559350995,0.000016225
1559350996,0.000016225
1559350997,0.000016225
1559350998,0.000016225
1559350999,0.001856535
1559351000,0.001856535
1559351001,0.001856535
1559351002,0.001856535
1559351003,0.001856535
1559351004,0.000015194
1559351005,0.000015194
1559351006,0.000015194
1559351007,0.000015194
1559351008,0.000015194
1559351009,0.000019122
1559351010,0.000019122
1559351011,0.000019122
1559351012,0.000019122
1559351013,0.000019122
1559351014,0.000014011
1559351015,0.000014011
1559351016,0.000014011
1559351017,0.000014011
1559351018,0.000014011
1559351019,0.000015499
1559351020,0.000015499
1559351021,0.000015499
1559351022,0.000015499
1559351023,0.000015499
1559351024,0.000029297
1559351025,0.000029297
1559351026,0.000029297
1559351027,0.000029297
1559351028,0.000029297
1559351029,0.000015443
1559351030,0.000015443
1559351031,0.000015443
1559351032,0.000015443
1559351033,0.000015443
1559351034,0.000017032
1559351035,0.000017032
1559351036,0.000017032
1559351037,0.000017032
1559351038,0.000017032
1559351039,0.000015232
1559351040,0.000015232
1559351041,0.000015232
1559351042,0.000015232
1559351043,0.000015232
1559351044,0.000016905
1559351045,0.000016905
1559351046,0.000016905
1559351047,0.000016905
1559351048,0.000016905
1559351049,0.000015873
1559351050,0.000015873
1559351051,0.000015873
1559351052,0.000015873
1559351053,0.000015873
1559351054,0.000026368
1559351055,0.000026368
1559351056,0.000026368
1559351057,0.000026368
1559351058,0.000026368
1559351059,0.000014553
1559351060,0.000014553
1559351061,0.000014553
1559351062,0.000014553
1559351063,0.000014553
1559351064,0.000015337
1559351065,0.000015337
1559351066,0.000015337
1559351067,0.000015337
1559351068,0.000015337
1559351069,0.000014184
1559351070,0.000014184
1559351071,0.000014184
1559351072,0.000014184
1559351073,0.000014184
1559351074,0.000041778
1559351075,0.000041778
1559351076,0.000041778
1559351077,0.000041778
1559351078,0.000041778
1559351079,0.000017717
1559351080,0.000017717
1559351081,0.000017717
1559351082,0.000017717
1559351083,0.000017717
1559351084,0.000082093
1559351085,0.000082093
1559351086,0.000082093
1559351087,0.000082093
1559351088,0.000082093
1559351089,0.000023562
1559351090,0.000023562
1559351091,0.000023562
1559351092,0.000023562
1559351093,0.000023562
1559351094,0.000023166
1559351095,0.000023166
1559351096,0.000023166
1559351097,0.000023166
1559351098,0.000023166
1559351099,0.000015551
1559351100,0.000015551
1559351101,0.000015551
1559351102,0.000015551
1559351103,0.000015551
1559351104,0.000049597
1559351105,0.000049597
1559351106,0.000049597
1559351107,0.000049597
1559351108,0.000049597
1559351109,0.000031776
1559351110,0.000031776
1559351111,0.000031776
1559351112,0.000031776
1559351113,0.000031776
1559351114,0.000016247
1559351115,0.000016247
1559351116,0.000016247
1559351117,0.000016247
1559351118,0.000016247
1559351119,0.000019717
1559351120,0.000019717
1559351121,0.000019717
1559351122,0.000019717
1559351123,0.000019717
1559351124,0.000016937
1559351125,0.000016937
1559351126,0.000016937
1559351127,0.000016937
1559351128,0.000016937
1559351129,0.000014023
1559351130,0.000014023
1559351131,0.000014023
1559351132,0.000014023
1559351133,0.000014023
1559351134,0.000030139
1559351135,0.000030139
1559351136,0.000030139
1559351137,0.000030139
1559351138,0.000030139
1559351139,0.000026638
1559351140,0.000026638
1559351141,0.000026638
1559351142,0.000026638
1559351143,0.000026638
1559351144,0.000017513
1559351145,0.000017513
1559351146,0.000017513
1559351147,0.000017513
1559351148,0.000017513
1559351149,0.000017071
1559351150,0.000017071
1559351151,0.000017071
1559351152,0.000017071
1559351153,0.000017071
1559351154,0.000024338
1559351155,0.000024338
1559351156,0.000024338
1559351157,0.000024338
1559351158,0.000024338
1559351159,0.000014861
1559351160,0.000014861
1559351161,0.000014861
1559351162,0.000014861
1559351163,0.000014861
1559351164,0.000034013
1559351165,0.000034013
1559351166,0.000034013
1559351167,0.000034013
1559351168,0.000034013
1559351169,0.000023027
1559351170,0.000023027
1559351171,0.000023027
1559351172,0.000023027
1559351173,0.000023027
1559351174,0.000026117
1559351175,0.000026117
1559351176,0.000026117
1559351177,0.000026117
1559351178,0.000026117
1559351179,0.000015064
1559351180,0.000015064
1559351181,0.000015064
1559351182,0.000015064
1559351183,0.000015064
1559351184,0.000016239
1559351185,0.000016239
1559351186,0.000016239
1559351187,0.000016239
1559351188,0.000016239
1559351189,0.000022548
1559351190,0.000022548
1559351191,0.000022548
1559351192,0.000022548
1559351193,0.000022548
1559351194,0.000019088
1559351195,0.000019088
1559351196,0.000019088
1559351197,0.000019088
1559351198,0.000019088
1559351199,0.000024966
1559351200,0.000024966
1559351201,0.000024966
1559351202,0.000024966
1559351203,0.000024966
1559351204,0.000026973
1559351205,0.000026973
1559351206,0.000026973
1559351207,0.000026973
1559351208,0.000026973
1559351209,0.000041125
1559351210,0.000041125
1559351211,0.000041125
1559351212,0.000041125
1559351213,0.000041125
1559351214,0.000015495
1559351215,0.000015495
1559351216,0.000015495
1559351217,0.000015495
1559351218,0.000015495
1559351219,0.000024744
1559351220,0.000024744
1559351221,0.000024744
1559351222,0.000024744
1559351223,0.000024744
1559351224,0.000017625
1559351225,0.000017625
1559351226,0.000017625
1559351227,0.000017625
1559351228,0.000017625
1559351229,0.000019092
1559351230,0.000019092
1559351231,0.000019092
1559351232,0.000019092
1559351233,0.000019092
1559351234,0.000012688
1559351235,0.000012688
1559351236,0.000012688
1559351237,0.000012688
1559351238,0.000012688
1559351239,0.000019361
1559351240,0.000019361
1559351241,0.000019361
1559351242,0.000019361
1559351243,0.000019361
1559351244,0.000017904
1559351245,0.000017904
1559351246,0.000017904
1559351247,0.000017904
1559351248,0.000017904
1559351249,0.000021532
1559351250,0.000021532
1559351251,0.000021532
1559351252,0.000021532
1559351253,0.000021532
1559351254,0.000014954
1559351255,0.000014954
1559351256,0.000014954
1559351257,0.000014954
1559351258,0.000014954
1559351259,0.000020055
1559351260,0.000020055
1559351261,0.000020055
1559351262,0.000020055
1559351263,0.000020055
1559351264,0.000019413
1559351265,0.000019413
1559351266,0.000019413
1559351267,0.000019413
1559351268,0.000019413
1559351269,0.000027712
1559351270,0.000027712
1559351271,0.000027712
1559351272,0.000027712
1559351273,0.000027712
1559351274,0.000015883
1559351275,0.000015883
1559351276,0.000015883
1559351277,0.000015883
1559351278,0.000015883
1559351279,0.000028276
1559351280,0.000028276
1559351281,0.000028276
1559351282,0.000028276
1559351283,0.000028276
1559351284,0.000016135
1559351285,0.000016135
1559351286,0.000016135
1559351287,0.000016135
1559351288,0.000016135
1559351289,0.000012865
1559351290,0.000012865
1559351291,0.000012865
1559351292,0.000012865
1559351293,0.000012865
1559351294,0.000013837
1559351295,0.000013837
1559351296,0.000013837
1559351297,0.000013837
1559351298,0.000013837
1559351299,0.000014698
1559351300,0.000014698
1559351301,0.000014698
1559351302,0.000014698
1559351303,0.000014698
1559351304,0.000026257
1559351305,0.000026257
1559351306,0.000026257
1559351307,0.000026257
1559351308,0.000026257
1559351309,0.000013963
1559351310,0.000013963
1559351311,0.000013963
1559351312,0.000013963
1559351313,0.000013963
1559351314,0.000021634
1559351315,0.000021634
1559351316,0.000021634
1559351317,0.000021634
1559351318,0.000021634
1559351319,0.000017684
1559351320,0.000017684
1559351321,0.000017684
1559351322,0.000017684
1559351323,0.000017684
1559351324,0.000013284
1559351325,0.000013284
1559351326,0.000013284
1559351327,0.000013284
1559351328,0.000013284
1559351329,0.000021647
1559351330,0.000021647
1559351331,0.000021647
1559351332,0.000021647
1559351333,0.000021647
1559351334,0.000017111
1559351335,0.000017111
1559351336,0.000017111
1559351337,0.000017111
1559351338,0.000017111
1559351339,0.000032944
1559351340,0.000032944
1559351341,0.000032944
1559351342,0.000032944
1559351343,0.000032944
1559351344,0.00001591
1559351345,0.00001591
1559351346,0.00001591
1559351347,0.00001591
1559351348,0.00001591
1559351349,0.00002984
1559351350,0.00002984
1559351351,0.00002984
1559351352,0.00002984
1559351353,0.00002984
1559351354,0.000016245
1559351355,0.000016245
1559351356,0.000016245
1559351357,0.000016245
1559351358,0.000016245
1559351359,0.000019044
1559351360,0.000019044
1559351361,0.000019044
1559351362,0.000019044
1559351363,0.000019044
1559351364,0.000016787
1559351365,0.000016787
1559351366,0.000016787
1559351367,0.000016787
1559351368,0.000016787
1559351369,0.000017436
1559351370,0.000017436
1559351371,0.000017436
1559351372,0.000017436
1559351373,0.000017436
1559351374,0.000014758
1559351375,0.000014758
1559351376,0.000014758
1559351377,0.000014758
1559351378,0.000014758
1559351379,0.000015453
1559351380,0.000015453
1559351381,0.000015453
1559351382,0.000015453
1559351383,0.000015453
1559351384,0.000020077
1559351385,0.000020077
1559351386,0.000020077
1559351387,0.000020077
1559351388,0.000020077
1559351389,0.000014005
1559351390,0.000014005
1559351391,0.000014005
1559351392,0.000014005
1559351393,0.000014005
1559351394,0.000012995
1559351395,0.000012995
1559351396,0.000012995
1559351397,0.000012995
1559351398,0.000012995
1559351399,0.000015226
1559351400,0.000015226
1559351401,0.000015226
1559351402,0.000015226
1559351403,0.000015226
1559351404,0.000016054
1559351405,0.000016054
1559351406,0.000016054
1559351407,0.000016054
1559351408,0.000016054
1559351409,0.000015267
1559351410,0.000015267
1559351411,0.000015267
1559351412,0.000015267
1559351413,0.000015267
1559351414,0.000025427
1559351415,0.000025427
1559351416,0.000025427
1559351417,0.000025427
1559351418,0.000025427
1559351419,0.00002505
1559351420,0.00002505
1559351421,0.00002505
1559351422,0.00002505
1559351423,0.00002505
1559351424,0.000016394
1559351425,0.000016394
1559351426,0.000016394
1559351427,0.000016394
1559351428,0.000016394
1559351429,0.000018256
1559351430,0.000018256
1559351431,0.000018256
1559351432,0.000018256
1559351433,0.000018256
1559351434,0.000018027
1559351435,0.000018027
1559351436,0.000018027
1559351437,0.000018027
1559351438,0.000018027
1559351439,0.000016705
1559351440,0.000016705
1559351441,0.000016705
1559351442,0.000016705
1559351443,0.000016705
1559351444,0.00001402
1559351445,0.00001402
1559351446,0.00001402
1559351447,0.00001402
1559351448,0.00001402
1559351449,0.000013202
1559351450,0.000013202
1559351451,0.000013202
1559351452,0.000013202
1559351453,0.000013202
1559351454,0.000015242
1559351455,0.000015242
1559351456,0.000015242
1559351457,0.000015242
1559351458,0.000015242
1559351459,0.0000143
1559351460,0.0000143
1559351461,0.0000143
1559351462,0.0000143
1559351463,0.0000143
1559351464,0.000023914
1559351465,0.000023914
1559351466,0.000023914
1559351467,0.000023914
1559351468,0.000023914
1559351469,0.000020012
1559351470,0.000020012
1559351471,0.000020012
1559351472,0.000020012
1559351473,0.000020012
1559351474,0.000019897
1559351475,0.000019897
1559351476,0.000019897
1559351477,0.000019897
1559351478,0.000019897
1559351479,0.000020226
1559351480,0.000020226
1559351481,0.000020226
1559351482,0.000020226
1559351483,0.000020226
1559351484,0.000017878
1559351485,0.000017878
1559351486,0.000017878
1559351487,0.000017878
1559351488,0.000017878
1559351489,0.000036228
1559351490,0.000036228
1559351491,0.000036228
1559351492,0.000036228
1559351493,0.000036228
1559351494,0.00001378
1559351495,0.00001378
1559351496,0.00001378
1559351497,0.00001378
1559351498,0.00001378
1559351499,0.000015027
1559351500,0.000015027
1559351501,0.000015027
1559351502,0.000015027
1559351503,0.000015027
1559351504,0.000014116
1559351505,0.000014116
1559351506,0.000014116
1559351507,0.000014116
1559351508,0.000014116
1559351509,0.000026178
1559351510,0.000026178
1559351511,0.000026178
1559351512,0.000026178
1559351513,0.000026178
1559351514,0.000019071
1559351515,0.000019071
1559351516,0.000019071
1559351517,0.000019071
1559351518,0.000019071
1559351519,0.000017274
1559351520,0.000017274
1559351521,0.000017274
1559351522,0.000017274
1559351523,0.000017274
1559351524,0.000016022
1559351525,0.000016022
1559351526,0.000016022
1559351527,0.000016022
1559351528,0.000016022
1559351529,0.000015002
1559351530,0.000015002
1559351531,0.000015002
1559351532,0.000015002
1559351533,0.000015002
1559351534,0.000015597
1559351535,0.000015597
1559351536,0.000015597
1559351537,0.000015597
1559351538,0.000015597
1559351539,0.00001914
1559351540,0.00001914
1559351541,0.00001914
1559351542,0.00001914
1559351543,0.00001914
1559351544,0.000013705
1559351545,0.000013705
1559351546,0.000013705
1559351547,0.000013705
1559351548,0.000013705
1559351549,0.000015917
1559351550,0.000015917
1559351551,0.000015917
1559351552,0.000015917
1559351553,0.000015917
1559351554,0.000019763
1559351555,0.000019763
1559351556,0.000019763
1559351557,0.000019763
1559351558,0.000019763
1559351559,0.000012799
1559351560,0.000012799
1559351561,0.000012799
1559351562,0.000012799
1559351563,0.000012799
1559351564,0.000017486
1559351565,0.000017486
1559351566,0.000017486
1559351567,0.000017486
1559351568,0.000017486
1559351569,0.000034923
1559351570,0.000034923
1559351571,0.000034923
1559351572,0.000034923
1559351573,0.000034923
1559351574,0.000017042
1559351575,0.000017042
1559351576,0.000017042
1559351577,0.000017042
1559351578,0.000017042
1559351579,0.000016814
1559351580,0.000016814
1559351581,0.000016814
1559351582,0.000016814
1559351583,0.000016814
1559351584,0.000022461
1559351585,0.000022461
1559351586,0.000022461
1559351587,0.000022461
1559351588,0.000022461
1559351589,0.000035869
1559351590,0.000035869
1559351591,0.000035869
1559351592,0.000035869
1559351593,0.000035869
1559351594,0.000018305
1559351595,0.000018305
1559351596,0.000018305
1559351597,0.000018305
1559351598,0.000018305
1559351599,0.000017566
1559351600,0.000017566
1559351601,0.000017566
1559351602,0.000017566
1559351603,0.000017566
1559351604,0.000013918
1559351605,0.000013918
1559351606,0.000013918
1559351607,0.000013918
1559351608,0.000013918
1559351609,0.000015811
1559351610,0.000015811
1559351611,0.000015811
1559351612,0.000015811
1559351613,0.000015811
1559351614,0.000015877
1559351615,0.000015877
1559351616,0.000015877
1559351617,0.000015877
1559351618,0.000015877
1559351619,0.000018224
1559351620,0.000018224
1559351621,0.000018224
1559351622,0.000018224
1559351623,0.000018224
1559351624,0.000021965
1559351625,0.000021965
1559351626,0.000021965
1559351627,0.000021965
1559351628,0.000021965
1559351629,0.000012395
1559351630,0.000012395
1559351631,0.000012395
1559351632,0.000012395
1559351633,0.000012395
1559351634,0.000013654
1559351635,0.000013654
1559351636,0.000013654
1559351637,0.000013654
1559351638,0.000013654
1559351639,0.000014612
1559351640,0.000014612
1559351641,0.000014612
1559351642,0.000014612
1559351643,0.000014612
1559351644,0.000033706
1559351645,0.000033706
1559351646,0.000033706
1559351647,0.000033706
1559351648,0.000033706
1559351649,0.000029226
1559351650,0.000029226
1559351651,0.000029226
1559351652,0.000029226
1559351653,0.000029226
1559351654,0.000021956
1559351655,0.000021956
1559351656,0.000021956
1559351657,0.000021956
1559351658,0.000021956
1559351659,0.000017144
1559351660,0.000017144
1559351661,0.000017144
1559351662,0.000017144
1559351663,0.000017144
1559351664,0.000027795
1559351665,0.000027795
1559351666,0.000027795
1559351667,0.000027795
1559351668,0.000027795
1559351669,0.000017743
1559351670,0.000017743
1559351671,0.000017743
1559351672,0.000017743
1559351673,0.000017743
1559351674,0.000017611
1559351675,0.000017611
1559351676,0.000017611
1559351677,0.000017611
1559351678,0.000017611
1559351679,0.000014606
1559351680,0.000014606
1559351681,0.000014606
1559351682,0.000014606
1559351683,0.000014606
1559351684,0.000031072
1559351685,0.000031072
1559351686,0.000031072
1559351687,0.000031072
1559351688,0.000031072
1559351689,0.000019972
1559351690,0.000019972
1559351691,0.000019972
1559351692,0.000019972
1559351693,0.000019972
1559351694,0.000025451
1559351695,0.000025451
1559351696,0.000025451
1559351697,0.000025451
1559351698,0.000025451
1559351699,0.000017212
1559351700,0.000017212
1559351701,0.000017212
1559351702,0.000017212
1559351703,0.000017212
1559351704,0.000019324
1559351705,0.000019324
1559351706,0.000019324
1559351707,0.000019324
1559351708,0.000019324
1559351709,0.000017046
1559351710,0.000017046
1559351711,0.000017046
1559351712,0.000017046
1559351713,0.000017046
1559351714,0.000023227
1559351715,0.000023227
1559351716,0.000023227
1559351717,0.000023227
1559351718,0.000023227
1559351719,0.000016637
1559351720,0.000016637
1559351721,0.000016637
1559351722,0.000016637
1559351723,0.000016637
1559351724,0.000017616
1559351725,0.000017616
1559351726,0.000017616
1559351727,0.000017616
1559351728,0.000017616
1559351729,0.000018205
1559351730,0.000018205
1559351731,0.000018205
1559351732,0.000018205
1559351733,0.000018205
1559351734,0.000017438
1559351735,0.000017438
1559351736,0.000017438
1559351737,0.000017438
1559351738,0.000017438
1559351739,0.00001832
1559351740,0.00001832
1559351741,0.00001832
1559351742,0.00001832
1559351743,0.00001832
1559351744,0.00002773
1559351745,0.00002773
1559351746,0.00002773
1559351747,0.00002773
1559351748,0.00002773
1559351749,0.000028297
1559351750,0.000028297
1559351751,0.000028297
1559351752,0.000028297
1559351753,0.000028297
1559351754,0.000036872
1559351755,0.000036872
1559351756,0.000036872
1559351757,0.000036872
1559351758,0.000036872
1559351759,0.000025159
1559351760,0.000025159
1559351761,0.000025159
1559351762,0.000025159
1559351763,0.000025159
1559351764,0.000022682
1559351765,0.000022682
1559351766,0.000022682
1559351767,0.000022682
1559351768,0.000022682
1559351769,0.000044289
1559351770,0.000044289
1559351771,0.000044289
1559351772,0.000044289
1559351773,0.000044289
1559351774,0.000016452
1559351775,0.000016452
1559351776,0.000016452
1559351777,0.000016452
1559351778,0.000016452
1559351779,0.001332832
1559351780,0.001332832
1559351781,0.001332832
1559351782,0.001332832
1559351783,0.001332832
1559351784,0.000019838
1559351785,0.000019838
1559351786,0.000019838
1559351787,0.000019838
1559351788,0.000019838
1559351789,0.000022877
1559351790,0.000022877
1559351791,0.000022877
1559351792,0.000022877
1559351793,0.000022877
1559351794,0.00001907
1559351795,0.00001907
1559351796,0.00001907
1559351797,0.00001907
1559351798,0.00001907
1559351799,0.000014432
1559351800,0.000014432
1559351801,0.000014432
1559351802,0.000014432
1559351803,0.000014432
1559351804,0.000019566
1559351805,0.000019566
1559351806,0.000019566
1559351807,0.000019566
1559351808,0.000019566
1559351809,0.000015099
1559351810,0.000015099
1559351811,0.000015099
1559351812,0.000015099
1559351813,0.000015099
1559351814,0.000014086
1559351815,0.000014086
1559351816,0.000014086
1559351817,0.000014086
1559351818,0.000014086
1559351819,0.000037334
1559351820,0.000037334
1559351821,0.000037334
1559351822,0.000037334
1559351823,0.000037334
1559351824,0.000020693
1559351825,0.000020693
1559351826,0.000020693
1559351827,0.000020693
1559351828,0.000020693
1559351829,0.000018063
1559351830,0.000018063
1559351831,0.000018063
1559351832,0.000018063
1559351833,0.000018063
1559351834,0.000027161
1559351835,0.000027161
1559351836,0.000027161
1559351837,0.000027161
1559351838,0.000027161
1559351839,0.000016968
1559351840,0.000016968
1559351841,0.000016968
1559351842,0.000016968
1559351843,0.000016968
1559351844,0.000021677
1559351845,0.000021677
1559351846,0.000021677
1559351847,0.000021677
1559351848,0.000021677
1559351849,0.000021442
1559351850,0.000021442
1559351851,0.000021442
1559351852,0.000021442
1559351853,0.000021442
1559351854,0.000017235
1559351855,0.000017235
1559351856,0.000017235
1559351857,0.000017235
1559351858,0.000017235
1559351859,0.00002904
1559351860,0.00002904
1559351861,0.00002904
1559351862,0.00002904
1559351863,0.00002904
1559351864,0.000015503
1559351865,0.000015503
1559351866,0.000015503
1559351867,0.000015503
1559351868,0.000015503
1559351869,0.00003137
1559351870,0.00003137
1559351871,0.00003137
1559351872,0.00003137
1559351873,0.00003137
1559351874,0.000025032
1559351875,0.000025032
1559351876,0.000025032
1559351877,0.000025032
1559351878,0.000025032
1559351879,0.000015367
1559351880,0.000015367
1559351881,0.000015367
1559351882,0.000015367
1559351883,0.000015367
1559351884,0.000018024
1559351885,0.000018024
1559351886,0.000018024
1559351887,0.000018024
1559351888,0.000018024
1559351889,0.000016388
1559351890,0.000016388
1559351891,0.000016388
1559351892,0.000016388
1559351893,0.000016388
1559351894,0.000061262
1559351895,0.000061262
1559351896,0.000061262
1559351897,0.000061262
1559351898,0.000061262
1559351899,0.000013381
1559351900,0.000013381
1559351901,0.000013381
1559351902,0.000013381
1559351903,0.000013381
1559351904,0.000022999
1559351905,0.000022999
1559351906,0.000022999
1559351907,0.000022999
1559351908,0.000022999
1559351909,0.000018022
1559351910,0.000018022
1559351911,0.000018022
1559351912,0.000018022
1559351913,0.000018022
1559351914,0.000018006
1559351915,0.000018006
1559351916,0.000018006
1559351917,0.000018006
1559351918,0.000018006
1559351919,0.000016646
1559351920,0.000016646
1559351921,0.000016646
1559351922,0.000016646
1559351923,0.000016646
1559351924,0.000027742
1559351925,0.000027742
1559351926,0.000027742
1559351927,0.000027742
1559351928,0.000027742
1559351929,0.000019993
1559351930,0.000019993
1559351931,0.000019993
1559351932,0.000019993
1559351933,0.000019993
1559351934,0.000041238
1559351935,0.000041238
1559351936,0.000041238
1559351937,0.000041238
1559351938,0.000041238
1559351939,0.000020946
1559351940,0.000020946
1559351941,0.000020946
1559351942,0.000020946
1559351943,0.000020946
1559351944,0.000015316
1559351945,0.000015316
1559351946,0.000015316
1559351947,0.000015316
1559351948,0.000015316
1559351949,0.000015511
1559351950,0.000015511
1559351951,0.000015511
1559351952,0.000015511
1559351953,0.000015511
1559351954,0.000042326
1559351955,0.000042326
1559351956,0.000042326
1559351957,0.000042326
1559351958,0.000042326
1559351959,0.000015965
1559351960,0.000015965
1559351961,0.000015965
1559351962,0.000015965
1559351963,0.000015965
1559351964,0.000025888
1559351965,0.000025888
1559351966,0.000025888
1559351967,0.000025888
1559351968,0.000025888
1559351969,0.0000139
1559351970,0.0000139
1559351971,0.0000139
1559351972,0.0000139
1559351973,0.0000139
1559351974,0.000013501
1559351975,0.000013501
1559351976,0.000013501
1559351977,0.000013501
1559351978,0.000013501
1559351979,0.000016762
1559351980,0.000016762
1559351981,0.000016762
1559351982,0.000016762
1559351983,0.000016762
1559351984,0.000023979
1559351985,0.000023979
1559351986,0.000023979
1559351987,0.000023979
1559351988,0.000023979
1559351989,0.000025645
1559351990,0.000025645
1559351991,0.000025645
1559351992,0.000025645
1559351993,0.000025645
1559351994,0.001495486
1559351995,0.001495486
1559351996,0.001495486
1559351997,0.001495486
1559351998,0.001495486
1559351999,0.000025038
1559352000,0.000025038
1559352001,0.000025038
1559352002,0.000025038
1559352003,0.000025038
1559352004,0.000014504
1559352005,0.000014504
1559352006,0.000014504
1559352007,0.000014504
1559352008,0.000014504
1559352009,0.000043874
1559352010,0.000043874
1559352011,0.000043874
1559352012,0.000043874
1559352013,0.000043874
1559352014,0.000014027
1559352015,0.000014027
1559352016,0.000014027
1559352017,0.000014027
1559352018,0.000014027
1559352019,0.000042187
1559352020,0.000042187
1559352021,0.000042187
1559352022,0.000042187
1559352023,0.000042187
1559352024,0.000015907
1559352025,0.000015907
1559352026,0.000015907
1559352027,0.000015907
1559352028,0.000015907
1559352029,0.000029088
1559352030,0.000029088
1559352031,0.000029088
1559352032,0.000029088
1559352033,0.000029088
1559352034,0.000021697
1559352035,0.000021697
1559352036,0.000021697
1559352037,0.000021697
1559352038,0.000021697
1559352039,0.000019175
1559352040,0.000019175
1559352041,0.000019175
1559352042,0.000019175
1559352043,0.000019175
1559352044,0.000013485
1559352045,0.000013485
1559352046,0.000013485
1559352047,0.000013485
1559352048,0.000013485
1559352049,0.000029276
1559352050,0.000029276
1559352051,0.000029276
1559352052,0.000029276
1559352053,0.000029276
1559352054,0.000019902
1559352055,0.000019902
1559352056,0.000019902
1559352057,0.000019902
1559352058,0.000019902
1559352059,0.000029326
1559352060,0.000029326
1559352061,0.000029326
1559352062,0.000029326
1559352063,0.000029326
1559352064,0.000030327
1559352065,0.000030327
1559352066,0.000030327
1559352067,0.000030327
1559352068,0.000030327
1559352069,0.000017697
1559352070,0.000017697
1559352071,0.000017697
1559352072,0.000017697
1559352073,0.000017697
1559352074,0.000014491
1559352075,0.000014491
1559352076,0.000014491
1559352077,0.000014491
1559352078,0.000014491
1559352079,0.000024221
1559352080,0.000024221
1559352081,0.000024221
1559352082,0.000024221
1559352083,0.000024221
1559352084,0.000016104
1559352085,0.000016104
1559352086,0.000016104
1559352087,0.000016104
1559352088,0.000016104
1559352089,0.000015534
1559352090,0.000015534
1559352091,0.000015534
1559352092,0.000015534
1559352093,0.000015534
1559352094,0.000018121
1559352095,0.000018121
1559352096,0.000018121
1559352097,0.000018121
1559352098,0.000018121
1559352099,0.000022119
1559352100,0.000022119
1559352101,0.000022119
1559352102,0.000022119
1559352103,0.000022119
1559352104,0.00001953
1559352105,0.00001953
1559352106,0.00001953
1559352107,0.00001953
1559352108,0.00001953
1559352109,0.000027819
1559352110,0.000027819
1559352111,0.000027819
1559352112,0.000027819
1559352113,0.000027819
1559352114,0.000015598
1559352115,0.000015598
1559352116,0.000015598
1559352117,0.000015598
1559352118,0.000015598
1559352119,0.000016322
1559352120,0.000016322
1559352121,0.000016322
1559352122,0.000016322
1559352123,0.000016322
1559352124,0.000015673
1559352125,0.000015673
1559352126,0.000015673
1559352127,0.000015673
1559352128,0.000015673
1559352129,0.000026893
1559352130,0.000026893
1559352131,0.000026893
1559352132,0.000026893
1559352133,0.000026893
1559352134,0.000015809
1559352135,0.000015809
1559352136,0.000015809
1559352137,0.000015809
1559352138,0.000015809
1559352139,0.000015374
1559352140,0.000015374
1559352141,0.000015374
1559352142,0.000015374
1559352143,0.000015374
1559352144,0.00001622
1559352145,0.00001622
1559352146,0.00001622
1559352147,0.00001622
1559352148,0.00001622
1559352149,0.00001565
1559352150,0.00001565
1559352151,0.00001565
1559352152,0.00001565
1559352153,0.00001565
1559352154,0.000017881
1559352155,0.000017881
1559352156,0.000017881
1559352157,0.000017881
1559352158,0.000017881
1559352159,0.000029294
1559352160,0.000029294
1559352161,0.000029294
1559352162,0.000029294
1559352163,0.000029294
1559352164,0.000017887
1559352165,0.000017887
1559352166,0.000017887
1559352167,0.000017887
1559352168,0.000017887
1559352169,0.000014321
1559352170,0.000014321
1559352171,0.000014321
1559352172,0.000014321
1559352173,0.000014321
1559352174,0.00001258
1559352175,0.00001258
1559352176,0.00001258
1559352177,0.00001258
1559352178,0.00001258
1559352179,0.000019201
1559352180,0.000019201
1559352181,0.000019201
1559352182,0.000019201
1559352183,0.000019201
1559352184,0.00001644
1559352185,0.00001644
1559352186,0.00001644
1559352187,0.00001644
1559352188,0.00001644
1559352189,0.000017831
1559352190,0.000017831
1559352191,0.000017831
1559352192,0.000017831
1559352193,0.000017831
1559352194,0.000017178
1559352195,0.000017178
1559352196,0.000017178
1559352197,0.000017178
1559352198,0.000017178
1559352199,0.000017203
1559352200,0.000017203
1559352201,0.000017203
1559352202,0.000017203
1559352203,0.000017203
1559352204,0.000020095
1559352205,0.000020095
1559352206,0.000020095
1559352207,0.000020095
1559352208,0.000020095
1559352209,0.000016355
1559352210,0.000016355
1559352211,0.000016355
1559352212,0.000016355
1559352213,0.000016355
1559352214,0.000021431
1559352215,0.000021431
1559352216,0.000021431
1559352217,0.000021431
1559352218,0.000021431
1559352219,0.000018551
1559352220,0.000018551
1559352221,0.000018551
1559352222,0.000018551
1559352223,0.000018551
1559352224,0.000017996
1559352225,0.000017996
1559352226,0.000017996
1559352227,0.000017996
1559352228,0.000017996
1559352229,0.000019929
1559352230,0.000019929
1559352231,0.000019929
1559352232,0.000019929
1559352233,0.000019929
1559352234,0.000023262
1559352235,0.000023262
1559352236,0.000023262
1559352237,0.000023262
1559352238,0.000023262
1559352239,0.000022248
1559352240,0.000022248
1559352241,0.000022248
1559352242,0.000022248
1559352243,0.000022248
1559352244,0.000062344
1559352245,0.000062344
1559352246,0.000062344
1559352247,0.000062344
1559352248,0.000062344
1559352249,0.0000246
1559352250,0.0000246
1559352251,0.0000246
1559352252,0.0000246
1559352253,0.0000246
1559352254,0.000022928
1559352255,0.000022928
1559352256,0.000022928
1559352257,0.000022928
1559352258,0.000022928
1559352259,0.000015312
1559352260,0.000015312
1559352261,0.000015312
1559352262,0.000015312
1559352263,0.000015312
1559352264,0.000029581
1559352265,0.000029581
1559352266,0.000029581
1559352267,0.000029581
1559352268,0.000029581
1559352269,0.000016005
1559352270,0.000016005
1559352271,0.000016005
1559352272,0.000016005
1559352273,0.000016005
1559352274,0.000027616
1559352275,0.000027616
1559352276,0.000027616
1559352277,0.000027616
1559352278,0.000027616
1559352279,0.000014845
1559352280,0.000014845
1559352281,0.000014845
1559352282,0.000014845
1559352283,0.000014845
1559352284,0.000031542
1559352285,0.000031542
1559352286,0.000031542
1559352287,0.000031542
1559352288,0.000031542
1559352289,0.000013819
1559352290,0.000013819
1559352291,0.000013819
1559352292,0.000013819
1559352293,0.000013819
1559352294,0.000027364
1559352295,0.000027364
1559352296,0.000027364
1559352297,0.000027364
1559352298,0.000027364
1559352299,0.000028673
1559352300,0.000028673
1559352301,0.000028673
1559352302,0.000028673
1559352303,0.000028673
1559352304,0.000036033
1559352305,0.000036033
1559352306,0.000036033
1559352307,0.000036033
1559352308,0.000036033
1559352309,0.000014475
1559352310,0.000014475
1559352311,0.000014475
1559352312,0.000014475
1559352313,0.000014475
1559352314,0.000025467
1559352315,0.000025467
1559352316,0.000025467
1559352317,0.000025467
1559352318,0.000025467
1559352319,0.000021317
1559352320,0.000021317
1559352321,0.000021317
1559352322,0.000021317
1559352323,0.000021317
1559352324,0.00001578
1559352325,0.00001578
1559352326,0.00001578
1559352327,0.00001578
1559352328,0.00001578
1559352329,0.000014591
1559352330,0.000014591
1559352331,0.000014591
1559352332,0.000014591
1559352333,0.000014591
1559352334,0.000015772
1559352335,0.000015772
1559352336,0.000015772
1559352337,0.000015772
1559352338,0.000015772
1559352339,0.000028359
1559352340,0.000028359
1559352341,0.000028359
1559352342,0.000028359
1559352343,0.000028359
1559352344,0.000017445
1559352345,0.000017445
1559352346,0.000017445
1559352347,0.000017445
1559352348,0.000017445
1559352349,0.000016317
1559352350,0.000016317
1559352351,0.000016317
1559352352,0.000016317
1559352353,0.000016317
1559352354,0.000040497
1559352355,0.000040497
1559352356,0.000040497
1559352357,0.000040497
1559352358,0.000040497
1559352359,0.000016026
1559352360,0.000016026
1559352361,0.000016026
1559352362,0.000016026
1559352363,0.000016026
1559352364,0.000017807
1559352365,0.000017807
1559352366,0.000017807
1559352367,0.000017807
1559352368,0.000017807
1559352369,0.000013188
1559352370,0.000013188
1559352371,0.000013188
1559352372,0.000013188
1559352373,0.000013188
1559352374,0.000017936
1559352375,0.000017936
1559352376,0.000017936
1559352377,0.000017936
1559352378,0.000017936
1559352379,0.000014513
1559352380,0.000014513
1559352381,0.000014513
1559352382,0.000014513
1559352383,0.000014513
1559352384,0.000012319
1559352385,0.000012319
1559352386,0.000012319
1559352387,0.000012319
1559352388,0.000012319
1559352389,0.000029058
1559352390,0.000029058
1559352391,0.000029058
1559352392,0.000029058
1559352393,0.000029058
1559352394,0.000025347
1559352395,0.000025347
1559352396,0.000025347
1559352397,0.000025347
1559352398,0.000025347
1559352399,0.000018613
1559352400,0.000018613
1559352401,0.000018613
1559352402,0.000018613
1559352403,0.000018613
1559352404,0.000027924
1559352405,0.000027924
1559352406,0.000027924
1559352407,0.000027924
1559352408,0.000027924
1559352409,0.000022353
1559352410,0.000022353
1559352411,0.000022353
1559352412,0.000022353
1559352413,0.000022353
1559352414,0.000024785
1559352415,0.000024785
1559352416,0.000024785
1559352417,0.000024785
1559352418,0.000024785
1559352419,0.000023631
1559352420,0.000023631
1559352421,0.000023631
1559352422,0.000023631
1559352423,0.000023631
1559352424,0.000016645
1559352425,0.000016645
1559352426,0.000016645
1559352427,0.000016645
1559352428,0.000016645
1559352429,0.000012863
1559352430,0.000012863
1559352431,0.000012863
1559352432,0.000012863
1559352433,0.000012863
1559352434,0.000016472
1559352435,0.000016472
1559352436,0.000016472
1559352437,0.000016472
1559352438,0.000016472
1559352439,0.000027127
1559352440,0.000027127
1559352441,0.000027127
1559352442,0.000027127
1559352443,0.000027127
1559352444,0.000018232
1559352445,0.000018232
1559352446,0.000018232
1559352447,0.000018232
1559352448,0.000018232
1559352449,0.000018861
1559352450,0.000018861
1559352451,0.000018861
1559352452,0.000018861
1559352453,0.000018861
1559352454,0.000013921
1559352455,0.000013921
1559352456,0.000013921
1559352457,0.000013921
1559352458,0.000013921
1559352459,0.000014134
1559352460,0.000014134
1559352461,0.000014134
1559352462,0.000014134
1559352463,0.000014134
1559352464,0.000022933
1559352465,0.000022933
1559352466,0.000022933
1559352467,0.000022933
1559352468,0.000022933
1559352469,0.000017461
1559352470,0.000017461
1559352471,0.000017461
1559352472,0.000017461
1559352473,0.000017461
1559352474,0.000027935
1559352475,0.000027935
1559352476,0.000027935
1559352477,0.000027935
1559352478,0.000027935
1559352479,0.000013745
1559352480,0.000013745
1559352481,0.000013745
1559352482,0.000013745
1559352483,0.000013745
1559352484,0.000029978
1559352485,0.000029978
1559352486,0.000029978
1559352487,0.000029978
1559352488,0.000029978
1559352489,0.000017076
1559352490,0.000017076
1559352491,0.000017076
1559352492,0.000017076
1559352493,0.000017076
1559352494,0.000021021
1559352495,0.000021021
1559352496,0.000021021
1559352497,0.000021021
1559352498,0.000021021
1559352499,0.00003622
1559352500,0.00003622
1559352501,0.00003622
1559352502,0.00003622
1559352503,0.00003622
1559352504,0.000020441
1559352505,0.000020441
1559352506,0.000020441
1559352507,0.000020441
1559352508,0.000020441
1559352509,0.00007178
1559352510,0.00007178
1559352511,0.00007178
1559352512,0.00007178
1559352513,0.00007178
1559352514,0.000020125
1559352515,0.000020125
1559352516,0.000020125
1559352517,0.000020125
1559352518,0.000020125
1559352519,0.000022973
1559352520,0.000022973
1559352521,0.000022973
1559352522,0.000022973
1559352523,0.000022973
1559352524,0.000016827
1559352525,0.000016827
1559352526,0.000016827
1559352527,0.000016827
1559352528,0.000016827
1559352529,0.000015527
1559352530,0.000015527
1559352531,0.000015527
1559352532,0.000015527
1559352533,0.000015527
1559352534,0.000016816
1559352535,0.000016816
1559352536,0.000016816
1559352537,0.000016816
1559352538,0.000016816
1559352539,0.000018751
1559352540,0.000018751
1559352541,0.000018751
1559352542,0.000018751
1559352543,0.000018751
1559352544,0.000016009
1559352545,0.000016009
1559352546,0.000016009
1559352547,0.000016009
1559352548,0.000016009
1559352549,0.000016071
1559352550,0.000016071
1559352551,0.000016071
1559352552,0.000016071
1559352553,0.000016071
1559352554,0.000055946
1559352555,0.000055946
1559352556,0.000055946
1559352557,0.000055946
1559352558,0.000055946
1559352559,0.000024519
1559352560,0.000024519
1559352561,0.000024519
1559352562,0.000024519
1559352563,0.000024519
1559352564,0.000027252
1559352565,0.000027252
1559352566,0.000027252
1559352567,0.000027252
1559352568,0.000027252
1559352569,0.000031349
1559352570,0.000031349
1559352571,0.000031349
1559352572,0.000031349
1559352573,0.000031349
1559352574,0.000017603
1559352575,0.000017603
1559352576,0.000017603
1559352577,0.000017603
1559352578,0.000017603
1559352579,0.00002145
1559352580,0.00002145
1559352581,0.00002145
1559352582,0.00002145
1559352583,0.00002145
1559352584,0.000021138
1559352585,0.000021138
1559352586,0.000021138
1559352587,0.000021138
1559352588,0.000021138
1559352589,0.000015357
1559352590,0.000015357
1559352591,0.000015357
1559352592,0.000015357
1559352593,0.000015357
1559352594,0.000031002
1559352595,0.000031002
1559352596,0.000031002
1559352597,0.000031002
1559352598,0.000031002
1559352599,0.000018907
1559352600,0.000018907
1559352601,0.000018907
1559352602,0.000018907
1559352603,0.000018907
1559352604,0.000014068
1559352605,0.000014068
1559352606,0.000014068
1559352607,0.000014068
1559352608,0.000014068
1559352609,0.00001908
1559352610,0.00001908
1559352611,0.00001908
1559352612,0.00001908
1559352613,0.00001908
1559352614,0.000017836
1559352615,0.000017836
1559352616,0.000017836
1559352617,0.000017836
1559352618,0.000017836
1559352619,0.00002069
1559352620,0.00002069
1559352621,0.00002069
1559352622,0.00002069
1559352623,0.00002069
1559352624,0.000015573
1559352625,0.000015573
1559352626,0.000015573
1559352627,0.000015573
1559352628,0.000015573
1559352629,0.000018618
1559352630,0.000018618
1559352631,0.000018618
1559352632,0.000018618
1559352633,0.000018618
1559352634,0.000037063
1559352635,0.000037063
1559352636,0.000037063
1559352637,0.000037063
1559352638,0.000037063
1559352639,0.002198863
1559352640,0.002198863
1559352641,0.002198863
1559352642,0.002198863
1559352643,0.002198863
1559352644,0.00001549
1559352645,0.00001549
1559352646,0.00001549
1559352647,0.00001549
1559352648,0.00001549
1559352649,0.000031124
1559352650,0.000031124
1559352651,0.000031124
1559352652,0.000031124
1559352653,0.000031124
1559352654,0.000015526
1559352655,0.000015526
1559352656,0.000015526
1559352657,0.000015526
1559352658,0.000015526
1559352659,0.000016321
1559352660,0.000016321
1559352661,0.000016321
1559352662,0.000016321
1559352663,0.000016321
1559352664,0.000030186
1559352665,0.000030186
1559352666,0.000030186
1559352667,0.000030186
1559352668,0.000030186
1559352669,0.00002181
1559352670,0.00002181
1559352671,0.00002181
1559352672,0.00002181
1559352673,0.00002181
1559352674,0.000018726
1559352675,0.000018726
1559352676,0.000018726
1559352677,0.000018726
1559352678,0.000018726
1559352679,0.000028726
1559352680,0.000028726
1559352681,0.000028726
1559352682,0.000028726
1559352683,0.000028726
1559352684,0.000026396
1559352685,0.000026396
1559352686,0.000026396
1559352687,0.000026396
1559352688,0.000026396
1559352689,0.000042595
1559352690,0.000042595
1559352691,0.000042595
1559352692,0.000042595
1559352693,0.000042595
1559352694,0.000020673
1559352695,0.000020673
1559352696,0.000020673
1559352697,0.000020673
1559352698,0.000020673
1559352699,0.000015818
1559352700,0.000015818
1559352701,0.000015818
1559352702,0.000015818
1559352703,0.000015818
1559352704,0.000016294
1559352705,0.000016294
1559352706,0.000016294
1559352707,0.000016294
1559352708,0.000016294
1559352709,0.000013518
1559352710,0.000013518
1559352711,0.000013518
1559352712,0.000013518
1559352713,0.000013518
1559352714,0.000019041
1559352715,0.000019041
1559352716,0.000019041
1559352717,0.000019041
1559352718,0.000019041
1559352719,0.000020699
1559352720,0.000020699
1559352721,0.000020699
1559352722,0.000020699
1559352723,0.000020699
1559352724,0.000019642
1559352725,0.000019642
1559352726,0.000019642
1559352727,0.000019642
1559352728,0.000019642
1559352729,0.000013922
1559352730,0.000013922
1559352731,0.000013922
1559352732,0.000013922
1559352733,0.000013922
1559352734,0.000022842
1559352735,0.000022842
1559352736,0.000022842
1559352737,0.000022842
1559352738,0.000022842
1559352739,0.000035113
1559352740,0.000035113
1559352741,0.000035113
1559352742,0.000035113
1559352743,0.000035113
1559352744,0.000029386
1559352745,0.000029386
1559352746,0.000029386
1559352747,0.000029386
1559352748,0.000029386
1559352749,0.000016915
1559352750,0.000016915
1559352751,0.000016915
1559352752,0.000016915
1559352753,0.000016915
1559352754,0.000029449
1559352755,0.000029449
1559352756,0.000029449
1559352757,0.000029449
1559352758,0.000029449
1559352759,0.000034182
1559352760,0.000034182
1559352761,0.000034182
1559352762,0.000034182
1559352763,0.000034182
1559352764,0.000019578
1559352765,0.000019578
1559352766,0.000019578
1559352767,0.000019578
1559352768,0.000019578
1559352769,0.000019374
1559352770,0.000019374
1559352771,0.000019374
1559352772,0.000019374
1559352773,0.000019374
1559352774,0.000030532
1559352775,0.000030532
1559352776,0.000030532
1559352777,0.000030532
1559352778,0.000030532
1559352779,0.000021182
1559352780,0.000021182
1559352781,0.000021182
1559352782,0.000021182
1559352783,0.000021182
1559352784,0.000013499
1559352785,0.000013499
1559352786,0.000013499
1559352787,0.000013499
1559352788,0.000013499
1559352789,0.000030045
1559352790,0.000030045
1559352791,0.000030045
1559352792,0.000030045
1559352793,0.000030045
1559352794,0.000014075
1559352795,0.000014075
1559352796,0.000014075
1559352797,0.000014075
1559352798,0.000014075
1559352799,0.000022189
1559352800,0.000022189
1559352801,0.000022189
1559352802,0.000022189
1559352803,0.000022189
1559352804,0.000031797
1559352805,0.000031797
1559352806,0.000031797
1559352807,0.000031797
1559352808,0.000031797
1559352809,0.000017142
1559352810,0.000017142
1559352811,0.000017142
1559352812,0.000017142
1559352813,0.000017142
1559352814,0.000017651
1559352815,0.000017651
1559352816,0.000017651
1559352817,0.000017651
1559352818,0.000017651
1559352819,0.000055062
1559352820,0.000055062
1559352821,0.000055062
1559352822,0.000055062
1559352823,0.000055062
1559352824,0.00001976
1559352825,0.00001976
1559352826,0.00001976
1559352827,0.00001976
1559352828,0.00001976
1559352829,0.000016859
1559352830,0.000016859
1559352831,0.000016859
1559352832,0.000016859
1559352833,0.000016859
1559352834,0.000013841
1559352835,0.000013841
1559352836,0.000013841
1559352837,0.000013841
1559352838,0.000013841
1559352839,0.000024845
1559352840,0.000024845
1559352841,0.000024845
1559352842,0.000024845
1559352843,0.000024845
1559352844,0.000017295
1559352845,0.000017295
1559352846,0.000017295
1559352847,0.000017295
1559352848,0.000017295
1559352849,0.000016541
1559352850,0.000016541
1559352851,0.000016541
1559352852,0.000016541
1559352853,0.000016541
1559352854,0.000036734
1559352855,0.000036734
1559352856,0.000036734
1559352857,0.000036734
1559352858,0.000036734
1559352859,0.000014419
1559352860,0.000014419
1559352861,0.000014419
1559352862,0.000014419
1559352863,0.000014419
1559352864,0.000014672
1559352865,0.000014672
1559352866,0.000014672
1559352867,0.000014672
1559352868,0.000014672
1559352869,0.000032477
1559352870,0.000032477
1559352871,0.000032477
1559352872,0.000032477
1559352873,0.000032477
1559352874,0.000023611
1559352875,0.000023611
1559352876,0.000023611
1559352877,0.000023611
1559352878,0.000023611
1559352879,0.000037218
1559352880,0.000037218
1559352881,0.000037218
1559352882,0.000037218
1559352883,0.000037218
1559352884,0.000017474
1559352885,0.000017474
1559352886,0.000017474
1559352887,0.000017474
1559352888,0.000017474
1559352889,0.000027405
1559352890,0.000027405
1559352891,0.000027405
1559352892,0.000027405
1559352893,0.000027405
1559352894,0.000013836
1559352895,0.000013836
1559352896,0.000013836
1559352897,0.000013836
1559352898,0.000013836
1559352899,0.000030585
1559352900,0.000030585
1559352901,0.000030585
1559352902,0.000030585
1559352903,0.000030585
1559352904,0.000014125
1559352905,0.000014125
1559352906,0.000014125
1559352907,0.000014125
1559352908,0.000014125
1559352909,0.000026861
1559352910,0.000026861
1559352911,0.000026861
1559352912,0.000026861
1559352913,0.000026861
1559352914,0.000026621
1559352915,0.000026621
1559352916,0.000026621
1559352917,0.000026621
1559352918,0.000026621
1559352919,0.000035682
1559352920,0.000035682
1559352921,0.000035682
1559352922,0.000035682
1559352923,0.000035682
1559352924,0.000017633
1559352925,0.000017633
1559352926,0.000017633
1559352927,0.000017633
1559352928,0.000017633
1559352929,0.000028115
1559352930,0.000028115
1559352931,0.000028115
1559352932,0.000028115
1559352933,0.000028115
1559352934,0.00001679
1559352935,0.00001679
1559352936,0.00001679
1559352937,0.00001679
1559352938,0.00001679
1559352939,0.000013396
1559352940,0.000013396
1559352941,0.000013396
1559352942,0.000013396
1559352943,0.000013396
1559352944,0.000022011
1559352945,0.000022011
1559352946,0.000022011
1559352947,0.000022011
1559352948,0.000022011
1559352949,0.000015291
1559352950,0.000015291
1559352951,0.000015291
1559352952,0.000015291
1559352953,0.000015291
1559352954,0.000013601
1559352955,0.000013601
1559352956,0.000013601
1559352957,0.000013601
1559352958,0.000013601
1559352959,0.000016187
1559352960,0.000016187
1559352961,0.000016187
1559352962,0.000016187
1559352963,0.000016187
1559352964,0.000017286
1559352965,0.000017286
1559352966,0.000017286
1559352967,0.000017286
1559352968,0.000017286
1559352969,0.000015926
1559352970,0.000015926
1559352971,0.000015926
1559352972,0.000015926
1559352973,0.000015926
1559352974,0.000023473
1559352975,0.000023473
1559352976,0.000023473
1559352977,0.000023473
1559352978,0.000023473
1559352979,0.000030485
1559352980,0.000030485
1559352981,0.000030485
1559352982,0.000030485
1559352983,0.000030485
1559352984,0.000017181
1559352985,0.000017181
1559352986,0.000017181
1559352987,0.000017181
1559352988,0.000017181
1559352989,0.000025801
1559352990,0.000025801
1559352991,0.000025801
1559352992,0.000025801
1559352993,0.000025801
1559352994,0.000013359
1559352995,0.000013359
1559352996,0.000013359
1559352997,0.000013359
1559352998,0.000013359
1559352999,0.000017694
1559353000,0.000017694
1559353001,0.000017694
1559353002,0.000017694
1559353003,0.000017694
1559353004,0.000014886
1559353005,0.000014886
1559353006,0.000014886
1559353007,0.000014886
1559353008,0.000014886
1559353009,0.000020804
1559353010,0.000020804
1559353011,0.000020804
1559353012,0.000020804
1559353013,0.000020804
1559353014,0.000014056
1559353015,0.000014056
1559353016,0.000014056
1559353017,0.000014056
1559353018,0.000014056
1559353019,0.000021403
1559353020,0.000021403
1559353021,0.000021403
1559353022,0.000021403
1559353023,0.000021403
1559353024,0.000014356
1559353025,0.000014356
1559353026,0.000014356
1559353027,0.000014356
1559353028,0.000014356
1559353029,0.000026871
1559353030,0.000026871
1559353031,0.000026871
1559353032,0.000026871
1559353033,0.000026871
1559353034,0.000014056
1559353035,0.000014056
1559353036,0.000014056
1559353037,0.000014056
1559353038,0.000014056
1559353039,0.000027379
1559353040,0.000027379
1559353041,0.000027379
1559353042,0.000027379
1559353043,0.000027379
1559353044,0.000029188
1559353045,0.000029188
1559353046,0.000029188
1559353047,0.000029188
1559353048,0.000029188
1559353049,0.000026245
1559353050,0.000026245
1559353051,0.000026245
1559353052,0.000026245
1559353053,0.000026245
1559353054,0.000019864
1559353055,0.000019864
1559353056,0.000019864
1559353057,0.000019864
1559353058,0.000019864
1559353059,0.000015256
1559353060,0.000015256
1559353061,0.000015256
1559353062,0.000015256
1559353063,0.000015256
1559353064,0.000020213
1559353065,0.000020213
1559353066,0.000020213
1559353067,0.000020213
1559353068,0.000020213
1559353069,0.000014545
1559353070,0.000014545
1559353071,0.000014545
1559353072,0.000014545
1559353073,0.000014545
1559353074,0.000021011
1559353075,0.000021011
1559353076,0.000021011
1559353077,0.000021011
1559353078,0.000021011
1559353079,0.000012937
1559353080,0.000012937
1559353081,0.000012937
1559353082,0.000012937
1559353083,0.000012937
1559353084,0.000014259
1559353085,0.000014259
1559353086,0.000014259
1559353087,0.000014259
1559353088,0.000014259
1559353089,0.00002791
1559353090,0.00002791
1559353091,0.00002791
1559353092,0.00002791
1559353093,0.00002791
1559353094,0.000015999
1559353095,0.000015999
1559353096,0.000015999
1559353097,0.000015999
1559353098,0.000015999
1559353099,0.000016252
1559353100,0.000016252
1559353101,0.000016252
1559353102,0.000016252
1559353103,0.000016252
1559353104,0.000029872
1559353105,0.000029872
1559353106,0.000029872
1559353107,0.000029872
1559353108,0.000029872
1559353109,0.000026955
1559353110,0.000026955
1559353111,0.000026955
1559353112,0.000026955
1559353113,0.000026955
1559353114,0.000015425
1559353115,0.000015425
1559353116,0.000015425
1559353117,0.000015425
1559353118,0.000015425
1559353119,0.000012497
1559353120,0.000012497
1559353121,0.000012497
1559353122,0.000012497
1559353123,0.000012497
1559353124,0.000015974
1559353125,0.000015974
1559353126,0.000015974
1559353127,0.000015974
1559353128,0.000015974
1559353129,0.000015537
1559353130,0.000015537
1559353131,0.000015537
1559353132,0.000015537
1559353133,0.000015537
1559353134,0.000020093
1559353135,0.000020093
1559353136,0.000020093
1559353137,0.000020093
1559353138,0.000020093
1559353139,0.000016077
1559353140,0.000016077
1559353141,0.000016077
1559353142,0.000016077
1559353143,0.000016077
1559353144,0.000019335
1559353145,0.000019335
1559353146,0.000019335
1559353147,0.000019335
1559353148,0.000019335
1559353149,0.000015315
1559353150,0.000015315
1559353151,0.000015315
1559353152,0.000015315
1559353153,0.000015315
1559353154,0.000014963
1559353155,0.000014963
1559353156,0.000014963
1559353157,0.000014963
1559353158,0.000014963
1559353159,0.000029211
1559353160,0.000029211
1559353161,0.000029211
1559353162,0.000029211
1559353163,0.000029211
1559353164,0.000015779
1559353165,0.000015779
1559353166,0.000015779
1559353167,0.000015779
1559353168,0.000015779
1559353169,0.000020965
1559353170,0.000020965
1559353171,0.000020965
1559353172,0.000020965
1559353173,0.000020965
1559353174,0.000025243
1559353175,0.000025243
1559353176,0.000025243
1559353177,0.000025243
1559353178,0.000025243
1559353179,0.00002786
1559353180,0.00002786
1559353181,0.00002786
1559353182,0.00002786
1559353183,0.00002786
1559353184,0.000016214
1559353185,0.000016214
1559353186,0.000016214
1559353187,0.000016214
1559353188,0.000016214
1559353189,0.00001564
1559353190,0.00001564
1559353191,0.00001564
1559353192,0.00001564
1559353193,0.00001564
1559353194,0.000031525
1559353195,0.000031525
1559353196,0.000031525
1559353197,0.000031525
1559353198,0.000031525
1559353199,0.000017532
1559353200,0.000017532
1559353201,0.000017532
1559353202,0.000017532
1559353203,0.000017532
1559353204,0.000015347
1559353205,0.000015347
1559353206,0.000015347
1559353207,0.000015347
1559353208,0.000015347
1559353209,0.000028507
1559353210,0.000028507
1559353211,0.000028507
1559353212,0.000028507
1559353213,0.000028507
1559353214,0.000025309
1559353215,0.000025309
1559353216,0.000025309
1559353217,0.000025309
1559353218,0.000025309
1559353219,0.000067902
1559353220,0.000067902
1559353221,0.000067902
1559353222,0.000067902
1559353223,0.000067902
1559353224,0.000024576
1559353225,0.000024576
1559353226,0.000024576
1559353227,0.000024576
1559353228,0.000024576
1559353229,0.000028224
1559353230,0.000028224
1559353231,0.000028224
1559353232,0.000028224
1559353233,0.000028224
1559353234,0.00001776
1559353235,0.00001776
1559353236,0.00001776
1559353237,0.00001776
1559353238,0.00001776
1559353239,0.00002669
1559353240,0.00002669
1559353241,0.00002669
1559353242,0.00002669
1559353243,0.00002669
1559353244,0.000011513
1559353245,0.000011513
1559353246,0.000011513
1559353247,0.000011513
1559353248,0.000011513
1559353249,0.000020361
1559353250,0.000020361
1559353251,0.000020361
1559353252,0.000020361
1559353253,0.000020361
1559353254,0.000022748
1559353255,0.000022748
1559353256,0.000022748
1559353257,0.000022748
1559353258,0.000022748
1559353259,0.000029381
1559353260,0.000029381
1559353261,0.000029381
1559353262,0.000029381
1559353263,0.000029381
1559353264,0.000013881
1559353265,0.000013881
1559353266,0.000013881
1559353267,0.000013881
1559353268,0.000013881
1559353269,0.000016139
1559353270,0.000016139
1559353271,0.000016139
1559353272,0.000016139
1559353273,0.000016139
1559353274,0.000021714
1559353275,0.000021714
1559353276,0.000021714
1559353277,0.000021714
1559353278,0.000021714
1559353279,0.000018938
1559353280,0.000018938
1559353281,0.000018938
1559353282,0.000018938
1559353283,0.000018938
1559353284,0.000013635
1559353285,0.000013635
1559353286,0.000013635
1559353287,0.000013635
1559353288,0.000013635
1559353289,0.000015019
1559353290,0.000015019
1559353291,0.000015019
1559353292,0.000015019
1559353293,0.000015019
1559353294,0.000025949
1559353295,0.000025949
1559353296,0.000025949
1559353297,0.000025949
1559353298,0.000025949
1559353299,0.000036473
1559353300,0.000036473
1559353301,0.000036473
1559353302,0.000036473
1559353303,0.000036473
1559353304,0.000022092
1559353305,0.000022092
1559353306,0.000022092
1559353307,0.000022092
1559353308,0.000022092
1559353309,0.000015382
1559353310,0.000015382
1559353311,0.000015382
1559353312,0.000015382
1559353313,0.000015382
1559353314,0.00002936
1559353315,0.00002936
1559353316,0.00002936
1559353317,0.00002936
1559353318,0.00002936
1559353319,0.000015371
1559353320,0.000015371
1559353321,0.000015371
1559353322,0.000015371
1559353323,0.000015371
1559353324,0.000017945
1559353325,0.000017945
1559353326,0.000017945
1559353327,0.000017945
1559353328,0.000017945
1559353329,0.0000221
1559353330,0.0000221
1559353331,0.0000221
1559353332,0.0000221
1559353333,0.0000221
1559353334,0.000034667
1559353335,0.000034667
1559353336,0.000034667
1559353337,0.000034667
1559353338,0.000034667
1559353339,0.000031188
1559353340,0.000031188
1559353341,0.000031188
1559353342,0.000031188
1559353343,0.000031188
1559353344,0.000015742
1559353345,0.000015742
1559353346,0.000015742
1559353347,0.000015742
1559353348,0.000015742
1559353349,0.000021861
1559353350,0.000021861
1559353351,0.000021861
1559353352,0.000021861
1559353353,0.000021861
1559353354,0.000016273
1559353355,0.000016273
1559353356,0.000016273
1559353357,0.000016273
1559353358,0.000016273
1559353359,0.00001482
1559353360,0.00001482
1559353361,0.00001482
1559353362,0.00001482
1559353363,0.00001482
1559353364,0.000023714
1559353365,0.000023714
1559353366,0.000023714
1559353367,0.000023714
1559353368,0.000023714
1559353369,0.000014885
1559353370,0.000014885
1559353371,0.000014885
1559353372,0.000014885
1559353373,0.000014885
1559353374,0.000017621
1559353375,0.000017621
1559353376,0.000017621
1559353377,0.000017621
1559353378,0.000017621
1559353379,0.000012424
1559353380,0.000012424
1559353381,0.000012424
1559353382,0.000012424
1559353383,0.000012424
1559353384,0.00001483
1559353385,0.00001483
1559353386,0.00001483
1559353387,0.00001483
1559353388,0.00001483
1559353389,0.000016279
1559353390,0.000016279
1559353391,0.000016279
1559353392,0.000016279
1559353393,0.000016279
1559353394,0.000024364
1559353395,0.000024364
1559353396,0.000024364
1559353397,0.000024364
1559353398,0.000024364
1559353399,0.000018618
1559353400,0.000018618
1559353401,0.000018618
1559353402,0.000018618
1559353403,0.000018618
1559353404,0.000024133
1559353405,0.000024133
1559353406,0.000024133
1559353407,0.000024133
1559353408,0.000024133
1559353409,0.000022021
1559353410,0.000022021
1559353411,0.000022021
1559353412,0.000022021
1559353413,0.000022021
1559353414,0.000027395
1559353415,0.000027395
1559353416,0.000027395
1559353417,0.000027395
1559353418,0.000027395
1559353419,0.000019116
1559353420,0.000019116
1559353421,0.000019116
1559353422,0.000019116
1559353423,0.000019116
1559353424,0.000054245
1559353425,0.000054245
1559353426,0.000054245
1559353427,0.000054245
1559353428,0.000054245
1559353429,0.000020139
1559353430,0.000020139
1559353431,0.000020139
1559353432,0.000020139
1559353433,0.000020139
1559353434,0.000031788
1559353435,0.000031788
1559353436,0.000031788
1559353437,0.000031788
1559353438,0.000031788
1559353439,0.000031502
1559353440,0.000031502
1559353441,0.000031502
1559353442,0.000031502
1559353443,0.000031502
1559353444,0.000017658
1559353445,0.000017658
1559353446,0.000017658
1559353447,0.000017658
1559353448,0.000017658
1559353449,0.000013375
1559353450,0.000013375
1559353451,0.000013375
1559353452,0.000013375
1559353453,0.000013375
1559353454,0.000021541
1559353455,0.000021541
1559353456,0.000021541
1559353457,0.000021541
1559353458,0.000021541
1559353459,0.000028414
1559353460,0.000028414
1559353461,0.000028414
1559353462,0.000028414
1559353463,0.000028414
1559353464,0.000029837
1559353465,0.000029837
1559353466,0.000029837
1559353467,0.000029837
1559353468,0.000029837
1559353469,0.000018912
1559353470,0.000018912
1559353471,0.000018912
1559353472,0.000018912
1559353473,0.000018912
1559353474,0.000015165
1559353475,0.000015165
1559353476,0.000015165
1559353477,0.000015165
1559353478,0.000015165
1559353479,0.000015232
1559353480,0.000015232
1559353481,0.000015232
1559353482,0.000015232
1559353483,0.000015232
1559353484,0.000015611
1559353485,0.000015611
1559353486,0.000015611
1559353487,0.000015611
1559353488,0.000015611
1559353489,0.000021052
1559353490,0.000021052
1559353491,0.000021052
1559353492,0.000021052
1559353493,0.000021052
1559353494,0.00003432
1559353495,0.00003432
1559353496,0.00003432
1559353497,0.00003432
1559353498,0.00003432
1559353499,0.000018588
1559353500,0.000018588
1559353501,0.000018588
1559353502,0.000018588
1559353503,0.000018588
1559353504,0.0000146
1559353505,0.0000146
1559353506,0.0000146
1559353507,0.0000146
1559353508,0.0000146
1559353509,0.000029539
1559353510,0.000029539
1559353511,0.000029539
1559353512,0.000029539
1559353513,0.000029539
1559353514,0.000026504
1559353515,0.000026504
1559353516,0.000026504
1559353517,0.000026504
1559353518,0.000026504
1559353519,0.000016509
1559353520,0.000016509
1559353521,0.000016509
1559353522,0.000016509
1559353523,0.000016509
1559353524,0.000018527
1559353525,0.000018527
1559353526,0.000018527
1559353527,0.000018527
1559353528,0.000018527
1559353529,0.000019851
1559353530,0.000019851
1559353531,0.000019851
1559353532,0.000019851
1559353533,0.000019851
1559353534,0.000017688
1559353535,0.000017688
1559353536,0.000017688
1559353537,0.000017688
1559353538,0.000017688
1559353539,0.000014915
1559353540,0.000014915
1559353541,0.000014915
1559353542,0.000014915
1559353543,0.000014915
1559353544,0.000016014
1559353545,0.000016014
1559353546,0.000016014
1559353547,0.000016014
1559353548,0.000016014
1559353549,0.000026943
1559353550,0.000026943
1559353551,0.000026943
1559353552,0.000026943
1559353553,0.000026943
1559353554,0.000030567
1559353555,0.000030567
1559353556,0.000030567
1559353557,0.000030567
1559353558,0.000030567
1559353559,0.000032596
1559353560,0.000032596
1559353561,0.000032596
1559353562,0.000032596
1559353563,0.000032596
1559353564,0.00001317
1559353565,0.00001317
1559353566,0.00001317
1559353567,0.00001317
1559353568,0.00001317
1559353569,0.000028537
1559353570,0.000028537
1559353571,0.000028537
1559353572,0.000028537
1559353573,0.000028537
1559353574,0.000027537
1559353575,0.000027537
1559353576,0.000027537
1559353577,0.000027537
1559353578,0.000027537
1559353579,0.000018218
1559353580,0.000018218
1559353581,0.000018218
1559353582,0.000018218
1559353583,0.000018218
1559353584,0.000027869
1559353585,0.000027869
1559353586,0.000027869
1559353587,0.000027869
1559353588,0.000027869
1559353589,0.000020251
1559353590,0.000020251
1559353591,0.000020251
1559353592,0.000020251
1559353593,0.000020251
1559353594,0.000036515
1559353595,0.000036515
1559353596,0.000036515
1559353597,0.000036515
1559353598,0.000036515
1559353599,0.000031442
1559353600,0.000031442
1559353601,0.000031442
1559353602,0.000031442
1559353603,0.000031442
1559353604,0.000018819
1559353605,0.000018819
1559353606,0.000018819
1559353607,0.000018819
1559353608,0.000018819
1559353609,0.000016326
1559353610,0.000016326
1559353611,0.000016326
1559353612,0.000016326
1559353613,0.000016326
1559353614,0.00003434
1559353615,0.00003434
1559353616,0.00003434
1559353617,0.00003434
1559353618,0.00003434
1559353619,0.000012832
1559353620,0.000012832
1559353621,0.000012832
1559353622,0.000012832
1559353623,0.000012832
1559353624,0.000024191
1559353625,0.000024191
1559353626,0.000024191
1559353627,0.000024191
1559353628,0.000024191
1559353629,0.000031319
1559353630,0.000031319
1559353631,0.000031319
1559353632,0.000031319
1559353633,0.000031319
1559353634,0.000016343
1559353635,0.000016343
1559353636,0.000016343
1559353637,0.000016343
1559353638,0.000016343
1559353639,0.00001946
1559353640,0.00001946
1559353641,0.00001946
1559353642,0.00001946
1559353643,0.00001946
1559353644,0.000015586
1559353645,0.000015586
1559353646,0.000015586
1559353647,0.000015586
1559353648,0.000015586
1559353649,0.00001517
1559353650,0.00001517
1559353651,0.00001517
1559353652,0.00001517
1559353653,0.00001517
1559353654,0.000035466
1559353655,0.000035466
1559353656,0.000035466
1559353657,0.000035466
1559353658,0.000035466
1559353659,0.000026691
1559353660,0.000026691
1559353661,0.000026691
1559353662,0.000026691
1559353663,0.000026691
1559353664,0.000014564
1559353665,0.000014564
1559353666,0.000014564
1559353667,0.000014564
1559353668,0.000014564
1559353669,0.000019577
1559353670,0.000019577
1559353671,0.000019577
1559353672,0.000019577
1559353673,0.000019577
1559353674,0.000022846
1559353675,0.000022846
1559353676,0.000022846
1559353677,0.000022846
1559353678,0.000022846
1559353679,0.000024029
1559353680,0.000024029
1559353681,0.000024029
1559353682,0.000024029
1559353683,0.000024029
1559353684,0.0000174
1559353685,0.0000174
1559353686,0.0000174
1559353687,0.0000174
1559353688,0.0000174
1559353689,0.00001732
1559353690,0.00001732
1559353691,0.00001732
1559353692,0.00001732
1559353693,0.00001732
1559353694,0.000020017
1559353695,0.000020017
1559353696,0.000020017
1559353697,0.000020017
1559353698,0.000020017
1559353699,0.000042347
1559353700,0.000042347
1559353701,0.000042347
1559353702,0.000042347
1559353703,0.000042347
1559353704,0.000020362
1559353705,0.000020362
1559353706,0.000020362
1559353707,0.000020362
1559353708,0.000020362
1559353709,0.000014568
1559353710,0.000014568
1559353711,0.000014568
1559353712,0.000014568
1559353713,0.000014568
1559353714,0.000014571
1559353715,0.000014571
1559353716,0.000014571
1559353717,0.000014571
1559353718,0.000014571
1559353719,0.000012677
1559353720,0.000012677
1559353721,0.000012677
1559353722,0.000012677
1559353723,0.000012677
1559353724,0.00002374
1559353725,0.00002374
1559353726,0.00002374
1559353727,0.00002374
1559353728,0.00002374
1559353729,0.000032426
1559353730,0.000032426
1559353731,0.000032426
1559353732,0.000032426
1559353733,0.000032426
1559353734,0.000014216
1559353735,0.000014216
1559353736,0.000014216
1559353737,0.000014216
1559353738,0.000014216
1559353739,0.000020864
1559353740,0.000020864
1559353741,0.000020864
1559353742,0.000020864
1559353743,0.000020864
1559353744,0.000023452
1559353745,0.000023452
1559353746,0.000023452
1559353747,0.000023452
1559353748,0.000023452
1559353749,0.000022623
1559353750,0.000022623
1559353751,0.000022623
1559353752,0.000022623
1559353753,0.000022623
1559353754,0.000013844
1559353755,0.000013844
1559353756,0.000013844
1559353757,0.000013844
1559353758,0.000013844
1559353759,0.000024228
1559353760,0.000024228
1559353761,0.000024228
1559353762,0.000024228
1559353763,0.000024228
1559353764,0.002156507
1559353765,0.002156507
1559353766,0.002156507
1559353767,0.002156507
1559353768,0.002156507
1559353769,0.00001606
1559353770,0.00001606
1559353771,0.00001606
1559353772,0.00001606
1559353773,0.00001606
1559353774,0.000013795
1559353775,0.000013795
1559353776,0.000013795
1559353777,0.000013795
1559353778,0.000013795
1559353779,0.000015435
1559353780,0.000015435
1559353781,0.000015435
1559353782,0.000015435
1559353783,0.000015435
1559353784,0.000022082
1559353785,0.000022082
1559353786,0.000022082
1559353787,0.000022082
1559353788,0.000022082
1559353789,0.000025809
1559353790,0.000025809
1559353791,0.000025809
1559353792,0.000025809
1559353793,0.000025809
1559353794,0.000016602
1559353795,0.000016602
1559353796,0.000016602
1559353797,0.000016602
1559353798,0.000016602
1559353799,0.000020153
1559353800,0.000020153
1559353801,0.000020153
1559353802,0.000020153
1559353803,0.000020153
1559353804,0.00003036
1559353805,0.00003036
1559353806,0.00003036
1559353807,0.00003036
1559353808,0.00003036
1559353809,0.000022501
1559353810,0.000022501
1559353811,0.000022501
1559353812,0.000022501
1559353813,0.000022501
1559353814,0.000016394
1559353815,0.000016394
1559353816,0.000016394
1559353817,0.000016394
1559353818,0.000016394
1559353819,0.000029483
1559353820,0.000029483
1559353821,0.000029483
1559353822,0.000029483
1559353823,0.000029483
1559353824,0.000013848
1559353825,0.000013848
1559353826,0.000013848
1559353827,0.000013848
1559353828,0.000013848
1559353829,0.000026092
1559353830,0.000026092
1559353831,0.000026092
1559353832,0.000026092
1559353833,0.000026092
1559353834,0.000023497
1559353835,0.000023497
1559353836,0.000023497
1559353837,0.000023497
1559353838,0.000023497
1559353839,0.000017186
1559353840,0.000017186
1559353841,0.000017186
1559353842,0.000017186
1559353843,0.000017186
1559353844,0.000019298
1559353845,0.000019298
1559353846,0.000019298
1559353847,0.000019298
1559353848,0.000019298
1559353849,0.000022647
1559353850,0.000022647
1559353851,0.000022647
1559353852,0.000022647
1559353853,0.000022647
1559353854,0.000014827
1559353855,0.000014827
1559353856,0.000014827
1559353857,0.000014827
1559353858,0.000014827
1559353859,0.00004087
1559353860,0.00004087
1559353861,0.00004087
1559353862,0.00004087
1559353863,0.00004087
1559353864,0.000015633
1559353865,0.000015633
1559353866,0.000015633
1559353867,0.000015633
1559353868,0.000015633
1559353869,0.000013987
1559353870,0.000013987
1559353871,0.000013987
1559353872,0.000013987
1559353873,0.000013987
1559353874,0.000025737
1559353875,0.000025737
1559353876,0.000025737
1559353877,0.000025737
1559353878,0.000025737
1559353879,0.000022137
1559353880,0.000022137
1559353881,0.000022137
1559353882,0.000022137
1559353883,0.000022137
1559353884,0.00002209
1559353885,0.00002209
1559353886,0.00002209
1559353887,0.00002209
1559353888,0.00002209
1559353889,0.000014241
1559353890,0.000014241
1559353891,0.000014241
1559353892,0.000014241
1559353893,0.000014241
1559353894,0.000061495
1559353895,0.000061495
1559353896,0.000061495
1559353897,0.000061495
1559353898,0.000061495
1559353899,0.000013268
1559353900,0.000013268
1559353901,0.000013268
1559353902,0.000013268
1559353903,0.000013268
1559353904,0.000015952
1559353905,0.000015952
1559353906,0.000015952
1559353907,0.000015952
1559353908,0.000015952
1559353909,0.000040059
1559353910,0.000040059
1559353911,0.000040059
1559353912,0.000040059
1559353913,0.000040059
1559353914,0.000035696
1559353915,0.000035696
1559353916,0.000035696
1559353917,0.000035696
1559353918,0.000035696
1559353919,0.00002385
1559353920,0.00002385
1559353921,0.00002385
1559353922,0.00002385
1559353923,0.00002385
1559353924,0.000019897
1559353925,0.000019897
1559353926,0.000019897
1559353927,0.000019897
1559353928,0.000019897
1559353929,0.000015761
1559353930,0.000015761
1559353931,0.000015761
1559353932,0.000015761
1559353933,0.000015761
1559353934,0.000022039
1559353935,0.000022039
1559353936,0.000022039
1559353937,0.000022039
1559353938,0.000022039
1559353939,0.000020285
1559353940,0.000020285
1559353941,0.000020285
1559353942,0.000020285
1559353943,0.000020285
1559353944,0.000014706
1559353945,0.000014706
1559353946,0.000014706
1559353947,0.000014706
1559353948,0.000014706
1559353949,0.00001477
1559353950,0.00001477
1559353951,0.00001477
1559353952,0.00001477
1559353953,0.00001477
1559353954,0.000015758
1559353955,0.000015758
1559353956,0.000015758
1559353957,0.000015758
1559353958,0.000015758
1559353959,0.000019923
1559353960,0.000019923
1559353961,0.000019923
1559353962,0.000019923
1559353963,0.000019923
1559353964,0.000029841
1559353965,0.000029841
1559353966,0.000029841
1559353967,0.000029841
1559353968,0.000029841
1559353969,0.000016602
1559353970,0.000016602
1559353971,0.000016602
1559353972,0.000016602
1559353973,0.000016602
1559353974,0.000019511
1559353975,0.000019511
1559353976,0.000019511
1559353977,0.000019511
1559353978,0.000019511
1559353979,0.000013174
1559353980,0.000013174
1559353981,0.000013174
1559353982,0.000013174
1559353983,0.000013174
1559353984,0.000031408
1559353985,0.000031408
1559353986,0.000031408
1559353987,0.000031408
1559353988,0.000031408
1559353989,0.000026733
1559353990,0.000026733
1559353991,0.000026733
1559353992,0.000026733
1559353993,0.000026733
1559353994,0.000016868
1559353995,0.000016868
1559353996,0.000016868
1559353997,0.000016868
1559353998,0.000016868
1559353999,0.000014962
1559354000,0.000014962
1559354001,0.000014962
1559354002,0.000014962
1559354003,0.000014962
1559354004,0.000017469
1559354005,0.000017469
1559354006,0.000017469
1559354007,0.000017469
1559354008,0.000017469
1559354009,0.000016866
1559354010,0.000016866
1559354011,0.000016866
1559354012,0.000016866
1559354013,0.000016866
1559354014,0.000021151
1559354015,0.000021151
1559354016,0.000021151
1559354017,0.000021151
1559354018,0.000021151
1559354019,0.000018746
1559354020,0.000018746
1559354021,0.000018746
1559354022,0.000018746
1559354023,0.000018746
1559354024,0.000018056
1559354025,0.000018056
1559354026,0.000018056
1559354027,0.000018056
1559354028,0.000018056
1559354029,0.000018408
1559354030,0.000018408
1559354031,0.000018408
1559354032,0.000018408
1559354033,0.000018408
1559354034,0.000014893
1559354035,0.000014893
1559354036,0.000014893
1559354037,0.000014893
1559354038,0.000014893
1559354039,0.00001446
1559354040,0.00001446
1559354041,0.00001446
1559354042,0.00001446
1559354043,0.00001446
1559354044,0.000013451
1559354045,0.000013451
1559354046,0.000013451
1559354047,0.000013451
1559354048,0.000013451
1559354049,0.000014597
1559354050,0.000014597
1559354051,0.000014597
1559354052,0.000014597
1559354053,0.000014597
1559354054,0.000015806
1559354055,0.000015806
1559354056,0.000015806
1559354057,0.000015806
1559354058,0.000015806
1559354059,0.000014895
1559354060,0.000014895
1559354061,0.000014895
1559354062,0.000014895
1559354063,0.000014895
1559354064,0.000016566
1559354065,0.000016566
1559354066,0.000016566
1559354067,0.000016566
1559354068,0.000016566
1559354069,0.000017363
1559354070,0.000017363
1559354071,0.000017363
1559354072,0.000017363
1559354073,0.000017363
1559354074,0.000017487
1559354075,0.000017487
1559354076,0.000017487
1559354077,0.000017487
1559354078,0.000017487
1559354079,0.00001391
1559354080,0.00001391
1559354081,0.00001391
1559354082,0.00001391
1559354083,0.00001391
1559354084,0.000020935
1559354085,0.000020935
1559354086,0.000020935
1559354087,0.000020935
1559354088,0.000020935
1559354089,0.000018506
1559354090,0.000018506
1559354091,0.000018506
1559354092,0.000018506
1559354093,0.000018506
1559354094,0.000028094
1559354095,0.000028094
1559354096,0.000028094
1559354097,0.000028094
1559354098,0.000028094
1559354099,0.000016808
1559354100,0.000016808
1559354101,0.000016808
1559354102,0.000016808
1559354103,0.000016808
1559354104,0.000017823
1559354105,0.000017823
1559354106,0.000017823
1559354107,0.000017823
1559354108,0.000017823
1559354109,0.000017523
1559354110,0.000017523
1559354111,0.000017523
1559354112,0.000017523
1559354113,0.000017523
1559354114,0.00007116
1559354115,0.00007116
1559354116,0.00007116
1559354117,0.00007116
1559354118,0.00007116
1559354119,0.000018441
1559354120,0.000018441
1559354121,0.000018441
1559354122,0.000018441
1559354123,0.000018441
1559354124,0.00004104
1559354125,0.00004104
1559354126,0.00004104
1559354127,0.00004104
1559354128,0.00004104
1559354129,0.000024474
1559354130,0.000024474
1559354131,0.000024474
1559354132,0.000024474
1559354133,0.000024474
1559354134,0.000016034
1559354135,0.000016034
1559354136,0.000016034
1559354137,0.000016034
1559354138,0.000016034
1559354139,0.000018334
1559354140,0.000018334
1559354141,0.000018334
1559354142,0.000018334
1559354143,0.000018334
1559354144,0.000031019
1559354145,0.000031019
1559354146,0.000031019
1559354147,0.000031019
1559354148,0.000031019
1559354149,0.000013731
1559354150,0.000013731
1559354151,0.000013731
1559354152,0.000013731
1559354153,0.000013731
1559354154,0.000013838
1559354155,0.000013838
1559354156,0.000013838
1559354157,0.000013838
1559354158,0.000013838
1559354159,0.000016845
1559354160,0.000016845
1559354161,0.000016845
1559354162,0.000016845
1559354163,0.000016845
1559354164,0.000027061
1559354165,0.000027061
1559354166,0.000027061
1559354167,0.000027061
1559354168,0.000027061
1559354169,0.000014886
1559354170,0.000014886
1559354171,0.000014886
1559354172,0.000014886
1559354173,0.000014886
1559354174,0.000021285
1559354175,0.000021285
1559354176,0.000021285
1559354177,0.000021285
1559354178,0.000021285
1559354179,0.00001835
1559354180,0.00001835
1559354181,0.00001835
1559354182,0.00001835
1559354183,0.00001835
1559354184,0.000017673
1559354185,0.000017673
1559354186,0.000017673
1559354187,0.000017673
1559354188,0.000017673
1559354189,0.000018445
1559354190,0.000018445
1559354191,0.000018445
1559354192,0.000018445
1559354193,0.000018445
1559354194,0.000015
1559354195,0.000015
1559354196,0.000015
1559354197,0.000015
1559354198,0.000015
1559354199,0.000020681
1559354200,0.000020681
1559354201,0.000020681
1559354202,0.000020681
1559354203,0.000020681
1559354204,0.000016083
1559354205,0.000016083
1559354206,0.000016083
1559354207,0.000016083
1559354208,0.000016083
1559354209,0.000014485
1559354210,0.000014485
1559354211,0.000014485
1559354212,0.000014485
1559354213,0.000014485
1559354214,0.000022643
1559354215,0.000022643
1559354216,0.000022643
1559354217,0.000022643
1559354218,0.000022643
1559354219,0.000024531
1559354220,0.000024531
1559354221,0.000024531
1559354222,0.000024531
1559354223,0.000024531
1559354224,0.000017956
1559354225,0.000017956
1559354226,0.000017956
1559354227,0.000017956
1559354228,0.000017956
1559354229,0.000038018
1559354230,0.000038018
1559354231,0.000038018
1559354232,0.000038018
1559354233,0.000038018
1559354234,0.000049244
1559354235,0.000049244
1559354236,0.000049244
1559354237,0.000049244
1559354238,0.000049244
1559354239,0.000014843
1559354240,0.000014843
1559354241,0.000014843
1559354242,0.000014843
1559354243,0.000014843
1559354244,0.000017672
1559354245,0.000017672
1559354246,0.000017672
1559354247,0.000017672
1559354248,0.000017672
1559354249,0.0000159
1559354250,0.0000159
1559354251,0.0000159
1559354252,0.0000159
1559354253,0.0000159
1559354254,0.000014747
1559354255,0.000014747
1559354256,0.000014747
1559354257,0.000014747
1559354258,0.000014747
1559354259,0.000016269
1559354260,0.000016269
1559354261,0.000016269
1559354262,0.000016269
1559354263,0.000016269
1559354264,0.000023992
1559354265,0.000023992
1559354266,0.000023992
1559354267,0.000023992
1559354268,0.000023992
1559354269,0.00003096
1559354270,0.00003096
1559354271,0.00003096
1559354272,0.00003096
1559354273,0.00003096
1559354274,0.00003141
1559354275,0.00003141
1559354276,0.00003141
1559354277,0.00003141
1559354278,0.00003141
1559354279,0.000020475
1559354280,0.000020475
1559354281,0.000020475
1559354282,0.000020475
1559354283,0.000020475
1559354284,0.000037737
1559354285,0.000037737
1559354286,0.000037737
1559354287,0.000037737
1559354288,0.000037737
1559354289,0.000019301
1559354290,0.000019301
1559354291,0.000019301
1559354292,0.000019301
1559354293,0.000019301
1559354294,0.000015807
1559354295,0.000015807
1559354296,0.000015807
1559354297,0.000015807
1559354298,0.000015807
1559354299,0.000023983
1559354300,0.000023983
1559354301,0.000023983
1559354302,0.000023983
1559354303,0.000023983
1559354304,0.000032761
1559354305,0.000032761
1559354306,0.000032761
1559354307,0.000032761
1559354308,0.000032761
1559354309,0.000016143
1559354310,0.000016143
1559354311,0.000016143
1559354312,0.000016143
1559354313,0.000016143
1559354314,0.000014515
1559354315,0.000014515
1559354316,0.000014515
1559354317,0.000014515
1559354318,0.000014515
1559354319,0.000017612
1559354320,0.000017612
1559354321,0.000017612
1559354322,0.000017612
1559354323,0.000017612
1559354324,0.000029509
1559354325,0.000029509
1559354326,0.000029509
1559354327,0.000029509
1559354328,0.000029509
1559354329,0.000030154
1559354330,0.000030154
1559354331,0.000030154
1559354332,0.000030154
1559354333,0.000030154
1559354334,0.000028828
1559354335,0.000028828
1559354336,0.000028828
1559354337,0.000028828
1559354338,0.000028828
1559354339,0.000028029
1559354340,0.000028029
1559354341,0.000028029
1559354342,0.000028029
1559354343,0.000028029
1559354344,0.000028584
1559354345,0.000028584
1559354346,0.000028584
1559354347,0.000028584
1559354348,0.000028584
1559354349,0.000012646
1559354350,0.000012646
1559354351,0.000012646
1559354352,0.000012646
1559354353,0.000012646
1559354354,0.000031185
1559354355,0.000031185
1559354356,0.000031185
1559354357,0.000031185
1559354358,0.000031185
1559354359,0.000026451
1559354360,0.000026451
1559354361,0.000026451
1559354362,0.000026451
1559354363,0.000026451
1559354364,0.000017035
1559354365,0.000017035
1559354366,0.000017035
1559354367,0.000017035
1559354368,0.000017035
1559354369,0.000015592
1559354370,0.000015592
1559354371,0.000015592
1559354372,0.000015592
1559354373,0.000015592
1559354374,0.000023581
1559354375,0.000023581
1559354376,0.000023581
1559354377,0.000023581
1559354378,0.000023581
1559354379,0.000014805
1559354380,0.000014805
1559354381,0.000014805
1559354382,0.000014805
1559354383,0.000014805
1559354384,0.000021452
1559354385,0.000021452
1559354386,0.000021452
1559354387,0.000021452
1559354388,0.000021452
1559354389,0.000027714
1559354390,0.000027714
1559354391,0.000027714
1559354392,0.000027714
1559354393,0.000027714
1559354394,0.000012652
1559354395,0.000012652
1559354396,0.000012652
1559354397,0.000012652
1559354398,0.000012652
1559354399,0.000041045
1559354400,0.000041045
1559354401,0.000041045
1559354402,0.000041045
1559354403,0.000041045
1559354404,0.000015721
1559354405,0.000015721
1559354406,0.000015721
1559354407,0.000015721
1559354408,0.000015721
1559354409,0.000032504
1559354410,0.000032504
1559354411,0.000032504
1559354412,0.000032504
1559354413,0.000032504
1559354414,0.000016832
1559354415,0.000016832
1559354416,0.000016832
1559354417,0.000016832
1559354418,0.000016832
1559354419,0.000015672
1559354420,0.000015672
1559354421,0.000015672
1559354422,0.000015672
1559354423,0.000015672
1559354424,0.000014459
1559354425,0.000014459
1559354426,0.000014459
1559354427,0.000014459
1559354428,0.000014459
1559354429,0.000027648
1559354430,0.000027648
1559354431,0.000027648
1559354432,0.000027648
1559354433,0.000027648
1559354434,0.000036949
1559354435,0.000036949
1559354436,0.000036949
1559354437,0.000036949
1559354438,0.000036949
1559354439,0.000026902
1559354440,0.000026902
1559354441,0.000026902
1559354442,0.000026902
1559354443,0.000026902
1559354444,0.000014471
1559354445,0.000014471
1559354446,0.000014471
1559354447,0.000014471
1559354448,0.000014471
1559354449,0.000023097
1559354450,0.000023097
1559354451,0.000023097
1559354452,0.000023097
1559354453,0.000023097
1559354454,0.000014727
1559354455,0.000014727
1559354456,0.000014727
1559354457,0.000014727
1559354458,0.000014727
1559354459,0.000015908
1559354460,0.000015908
1559354461,0.000015908
1559354462,0.000015908
1559354463,0.000015908
1559354464,0.000018334
1559354465,0.000018334
1559354466,0.000018334
1559354467,0.000018334
1559354468,0.000018334
1559354469,0.000013314
1559354470,0.000013314
1559354471,0.000013314
1559354472,0.000013314
1559354473,0.000013314
1559354474,0.000022799
1559354475,0.000022799
1559354476,0.000022799
1559354477,0.000022799
1559354478,0.000022799
1559354479,0.000026316
1559354480,0.000026316
1559354481,0.000026316
1559354482,0.000026316
1559354483,0.000026316
1559354484,0.000015281
1559354485,0.000015281
1559354486,0.000015281
1559354487,0.000015281
1559354488,0.000015281
1559354489,0.000014801
1559354490,0.000014801
1559354491,0.000014801
1559354492,0.000014801
1559354493,0.000014801
1559354494,0.000023648
1559354495,0.000023648
1559354496,0.000023648
1559354497,0.000023648
1559354498,0.000023648
1559354499,0.00001661
1559354500,0.00001661
1559354501,0.00001661
1559354502,0.00001661
1559354503,0.00001661
1559354504,0.000014278
1559354505,0.000014278
1559354506,0.000014278
1559354507,0.000014278
1559354508,0.000014278
1559354509,0.000015723
1559354510,0.000015723
1559354511,0.000015723
1559354512,0.000015723
1559354513,0.000015723
1559354514,0.000014277
1559354515,0.000014277
1559354516,0.000014277
1559354517,0.000014277
1559354518,0.000014277
1559354519,0.000018831
1559354520,0.000018831
1559354521,0.000018831
1559354522,0.000018831
1559354523,0.000018831
1559354524,0.000016453
1559354525,0.000016453
1559354526,0.000016453
1559354527,0.000016453
1559354528,0.000016453
1559354529,0.000030275
1559354530,0.000030275
1559354531,0.000030275
1559354532,0.000030275
1559354533,0.000030275
1559354534,0.000020043
1559354535,0.000020043
1559354536,0.000020043
1559354537,0.000020043
1559354538,0.000020043
1559354539,0.000016068
1559354540,0.000016068
1559354541,0.000016068
1559354542,0.000016068
1559354543,0.000016068
1559354544,0.000019728
1559354545,0.000019728
1559354546,0.000019728
1559354547,0.000019728
1559354548,0.000019728
1559354549,0.00003224
1559354550,0.00003224
1559354551,0.00003224
1559354552,0.00003224
1559354553,0.00003224
1559354554,0.000020904
1559354555,0.000020904
1559354556,0.000020904
1559354557,0.000020904
1559354558,0.000020904
1559354559,0.000034272
1559354560,0.000034272
1559354561,0.000034272
1559354562,0.000034272
1559354563,0.000034272
1559354564,0.000018692
1559354565,0.000018692
1559354566,0.000018692
1559354567,0.000018692
1559354568,0.000018692
1559354569,0.000024277
1559354570,0.000024277
1559354571,0.000024277
1559354572,0.000024277
1559354573,0.000024277
1559354574,0.0000149
1559354575,0.0000149
1559354576,0.0000149
1559354577,0.0000149
1559354578,0.0000149
1559354579,0.000020541
1559354580,0.000020541
1559354581,0.000020541
1559354582,0.000020541
1559354583,0.000020541
1559354584,0.000100352
1559354585,0.000100352
1559354586,0.000100352
1559354587,0.000100352
1559354588,0.000100352
1559354589,0.000017893
1559354590,0.000017893
1559354591,0.000017893
1559354592,0.000017893
1559354593,0.000017893
1559354594,0.000023263
1559354595,0.000023263
1559354596,0.000023263
1559354597,0.000023263
1559354598,0.000023263
1559354599,0.000016132
1559354600,0.000016132
1559354601,0.000016132
1559354602,0.000016132
1559354603,0.000016132
1559354604,0.000012776
1559354605,0.000012776
1559354606,0.000012776
1559354607,0.000012776
1559354608,0.000012776
1559354609,0.000028749
1559354610,0.000028749
1559354611,0.000028749
1559354612,0.000028749
1559354613,0.000028749
1559354614,0.000019813
1559354615,0.000019813
1559354616,0.000019813
1559354617,0.000019813
1559354618,0.000019813
1559354619,0.000016247
1559354620,0.000016247
1559354621,0.000016247
1559354622,0.000016247
1559354623,0.000016247
1559354624,0.000014908
1559354625,0.000014908
1559354626,0.000014908
1559354627,0.000014908
1559354628,0.000014908
1559354629,0.000042287
1559354630,0.000042287
1559354631,0.000042287
1559354632,0.000042287
1559354633,0.000042287
1559354634,0.000022517
1559354635,0.000022517
1559354636,0.000022517
1559354637,0.000022517
1559354638,0.000022517
1559354639,0.000026771
1559354640,0.000026771
1559354641,0.000026771
1559354642,0.000026771
1559354643,0.000026771
1559354644,0.000013537
1559354645,0.000013537
1559354646,0.000013537
1559354647,0.000013537
1559354648,0.000013537
1559354649,0.000029
1559354650,0.000029
1559354651,0.000029
1559354652,0.000029
1559354653,0.000029
1559354654,0.000020129
1559354655,0.000020129
1559354656,0.000020129
1559354657,0.000020129
1559354658,0.000020129
1559354659,0.00001887
1559354660,0.00001887
1559354661,0.00001887
1559354662,0.00001887
1559354663,0.00001887
1559354664,0.000028669
1559354665,0.000028669
1559354666,0.000028669
1559354667,0.000028669
1559354668,0.000028669
1559354669,0.000027099
1559354670,0.000027099
1559354671,0.000027099
1559354672,0.000027099
1559354673,0.000027099
1559354674,0.000017556
1559354675,0.000017556
1559354676,0.000017556
1559354677,0.000017556
1559354678,0.000017556
1559354679,0.000015595
1559354680,0.000015595
1559354681,0.000015595
1559354682,0.000015595
1559354683,0.000015595
1559354684,0.000014788
1559354685,0.000014788
1559354686,0.000014788
1559354687,0.000014788
1559354688,0.000014788
1559354689,0.000034449
1559354690,0.000034449
1559354691,0.000034449
1559354692,0.000034449
1559354693,0.000034449
1559354694,0.000017254
1559354695,0.000017254
1559354696,0.000017254
1559354697,0.000017254
1559354698,0.000017254
1559354699,0.000017533
1559354700,0.000017533
1559354701,0.000017533
1559354702,0.000017533
1559354703,0.000017533
1559354704,0.000025382
1559354705,0.000025382
1559354706,0.000025382
1559354707,0.000025382
1559354708,0.000025382
1559354709,0.000015779
1559354710,0.000015779
1559354711,0.000015779
1559354712,0.000015779
1559354713,0.000015779
1559354714,0.000031748
1559354715,0.000031748
1559354716,0.000031748
1559354717,0.000031748
1559354718,0.000031748
1559354719,0.000017734
1559354720,0.000017734
1559354721,0.000017734
1559354722,0.000017734
1559354723,0.000017734
1559354724,0.000013793
1559354725,0.000013793
1559354726,0.000013793
1559354727,0.000013793
1559354728,0.000013793
1559354729,0.000027852
1559354730,0.000027852
1559354731,0.000027852
1559354732,0.000027852
1559354733,0.000027852
1559354734,0.000027374
1559354735,0.000027374
1559354736,0.000027374
1559354737,0.000027374
1559354738,0.000027374
1559354739,0.000019471
1559354740,0.000019471
1559354741,0.000019471
1559354742,0.000019471
1559354743,0.000019471
1559354744,0.00001634
1559354745,0.00001634
1559354746,0.00001634
1559354747,0.00001634
1559354748,0.00001634
1559354749,0.000014824
1559354750,0.000014824
1559354751,0.000014824
1559354752,0.000014824
1559354753,0.000014824
1559354754,0.000014098
1559354755,0.000014098
1559354756,0.000014098
1559354757,0.000014098
1559354758,0.000014098
1559354759,0.000016756
1559354760,0.000016756
1559354761,0.000016756
1559354762,0.000016756
1559354763,0.000016756
1559354764,0.000018453
1559354765,0.000018453
1559354766,0.000018453
1559354767,0.000018453
1559354768,0.000018453
1559354769,0.000016602
1559354770,0.000016602
1559354771,0.000016602
1559354772,0.000016602
1559354773,0.000016602
1559354774,0.000029919
1559354775,0.000029919
1559354776,0.000029919
1559354777,0.000029919
1559354778,0.000029919
1559354779,0.00002726
1559354780,0.00002726
1559354781,0.00002726
1559354782,0.00002726
1559354783,0.00002726
1559354784,0.000014034
1559354785,0.000014034
1559354786,0.000014034
1559354787,0.000014034
1559354788,0.000014034
1559354789,0.000031001
1559354790,0.000031001
1559354791,0.000031001
1559354792,0.000031001
1559354793,0.000031001
1559354794,0.00003246
1559354795,0.00003246
1559354796,0.00003246
1559354797,0.00003246
1559354798,0.00003246
1559354799,0.000019536
1559354800,0.000019536
1559354801,0.000019536
1559354802,0.000019536
1559354803,0.000019536
1559354804,0.000015771
1559354805,0.000015771
1559354806,0.000015771
1559354807,0.000015771
1559354808,0.000015771
1559354809,0.000015788
1559354810,0.000015788
1559354811,0.000015788
1559354812,0.000015788
1559354813,0.000015788
1559354814,0.000019194
1559354815,0.000019194
1559354816,0.000019194
1559354817,0.000019194
1559354818,0.000019194
1559354819,0.000016789
1559354820,0.000016789
1559354821,0.000016789
1559354822,0.000016789
1559354823,0.000016789
1559354824,0.000014604
1559354825,0.000014604
1559354826,0.000014604
1559354827,0.000014604
1559354828,0.000014604
1559354829,0.000016715
1559354830,0.000016715
1559354831,0.000016715
1559354832,0.000016715
1559354833,0.000016715
1559354834,0.000017821
1559354835,0.000017821
1559354836,0.000017821
1559354837,0.000017821
1559354838,0.000017821
1559354839,0.000016222
1559354840,0.000016222
1559354841,0.000016222
1559354842,0.000016222
1559354843,0.000016222
1559354844,0.00001322
1559354845,0.00001322
1559354846,0.00001322
1559354847,0.00001322
1559354848,0.00001322
1559354849,0.000016204
1559354850,0.000016204
1559354851,0.000016204
1559354852,0.000016204
1559354853,0.000016204
1559354854,0.000015626
1559354855,0.000015626
1559354856,0.000015626
1559354857,0.000015626
1559354858,0.000015626
1559354859,0.000019471
1559354860,0.000019471
1559354861,0.000019471
1559354862,0.000019471
1559354863,0.000019471
1559354864,0.000028202
1559354865,0.000028202
1559354866,0.000028202
1559354867,0.000028202
1559354868,0.000028202
1559354869,0.000013415
1559354870,0.000013415
1559354871,0.000013415
1559354872,0.000013415
1559354873,0.000013415
1559354874,0.000016101
1559354875,0.000016101
1559354876,0.000016101
1559354877,0.000016101
1559354878,0.000016101
1559354879,0.000017343
1559354880,0.000017343
1559354881,0.000017343
1559354882,0.000017343
1559354883,0.000017343
1559354884,0.000016721
1559354885,0.000016721
1559354886,0.000016721
1559354887,0.000016721
1559354888,0.000016721
1559354889,0.000019376
1559354890,0.000019376
1559354891,0.000019376
1559354892,0.000019376
1559354893,0.000019376
1559354894,0.000021423
1559354895,0.000021423
1559354896,0.000021423
1559354897,0.000021423
1559354898,0.000021423
1559354899,0.000015044
1559354900,0.000015044
1559354901,0.000015044
1559354902,0.000015044
1559354903,0.000015044
1559354904,0.000016935
1559354905,0.000016935
1559354906,0.000016935
1559354907,0.000016935
1559354908,0.000016935
1559354909,0.000016085
1559354910,0.000016085
1559354911,0.000016085
1559354912,0.000016085
1559354913,0.000016085
1559354914,0.000014037
1559354915,0.000014037
1559354916,0.000014037
1559354917,0.000014037
1559354918,0.000014037
1559354919,0.000027208
1559354920,0.000027208
1559354921,0.000027208
1559354922,0.000027208
1559354923,0.000027208
1559354924,0.000020513
1559354925,0.000020513
1559354926,0.000020513
1559354927,0.000020513
1559354928,0.000020513
1559354929,0.00002142
1559354930,0.00002142
1559354931,0.00002142
1559354932,0.00002142
1559354933,0.00002142
1559354934,0.000018901
1559354935,0.000018901
1559354936,0.000018901
1559354937,0.000018901
1559354938,0.000018901
1559354939,0.000017024
1559354940,0.000017024
1559354941,0.000017024
1559354942,0.000017024
1559354943,0.000017024
1559354944,0.000015373
1559354945,0.000015373
1559354946,0.000015373
1559354947,0.000015373
1559354948,0.000015373
1559354949,0.000055945
1559354950,0.000055945
1559354951,0.000055945
1559354952,0.000055945
1559354953,0.000055945
1559354954,0.000031951
1559354955,0.000031951
1559354956,0.000031951
1559354957,0.000031951
1559354958,0.000031951
1559354959,0.000031278
1559354960,0.000031278
1559354961,0.000031278
1559354962,0.000031278
1559354963,0.000031278
1559354964,0.000017294
1559354965,0.000017294
1559354966,0.000017294
1559354967,0.000017294
1559354968,0.000017294
1559354969,0.000030627
1559354970,0.000030627
1559354971,0.000030627
1559354972,0.000030627
1559354973,0.000030627
1559354974,0.000023774
1559354975,0.000023774
1559354976,0.000023774
1559354977,0.000023774
1559354978,0.000023774
1559354979,0.00001285
1559354980,0.00001285
1559354981,0.00001285
1559354982,0.00001285
1559354983,0.00001285
1559354984,0.000027381
1559354985,0.000027381
1559354986,0.000027381
1559354987,0.000027381
1559354988,0.000027381
1559354989,0.000013974
1559354990,0.000013974
1559354991,0.000013974
1559354992,0.000013974
1559354993,0.000013974
1559354994,0.000026993
1559354995,0.000026993
1559354996,0.000026993
1559354997,0.000026993
1559354998,0.000026993
1559354999,0.000023486
1559355000,0.000023486
1559355001,0.000023486
1559355002,0.000023486
1559355003,0.000023486
1559355004,0.000020685
1559355005,0.000020685
1559355006,0.000020685
1559355007,0.000020685
1559355008,0.000020685
1559355009,0.000015633
1559355010,0.000015633
1559355011,0.000015633
1559355012,0.000015633
1559355013,0.000015633
1559355014,0.000036139
1559355015,0.000036139
1559355016,0.000036139
1559355017,0.000036139
1559355018,0.000036139
1559355019,0.000026369
1559355020,0.000026369
1559355021,0.000026369
1559355022,0.000026369
1559355023,0.000026369
1559355024,0.000019621
1559355025,0.000019621
1559355026,0.000019621
1559355027,0.000019621
1559355028,0.000019621
1559355029,0.000014289
1559355030,0.000014289
1559355031,0.000014289
1559355032,0.000014289
1559355033,0.000014289
1559355034,0.000021088
1559355035,0.000021088
1559355036,0.000021088
1559355037,0.000021088
1559355038,0.000021088
1559355039,0.000013888
1559355040,0.000013888
1559355041,0.000013888
1559355042,0.000013888
1559355043,0.000013888
1559355044,0.000024423
1559355045,0.000024423
1559355046,0.000024423
1559355047,0.000024423
1559355048,0.000024423
1559355049,0.000013704
1559355050,0.000013704
1559355051,0.000013704
1559355052,0.000013704
1559355053,0.000013704
1559355054,0.000014612
1559355055,0.000014612
1559355056,0.000014612
1559355057,0.000014612
1559355058,0.000014612
1559355059,0.000019007
1559355060,0.000019007
1559355061,0.000019007
1559355062,0.000019007
1559355063,0.000019007
1559355064,0.000015886
1559355065,0.000015886
1559355066,0.000015886
1559355067,0.000015886
1559355068,0.000015886
1559355069,0.000015799
1559355070,0.000015799
1559355071,0.000015799
1559355072,0.000015799
1559355073,0.000015799
1559355074,0.000043404
1559355075,0.000043404
1559355076,0.000043404
1559355077,0.000043404
1559355078,0.000043404
1559355079,0.00001314
1559355080,0.00001314
1559355081,0.00001314
1559355082,0.00001314
1559355083,0.00001314
1559355084,0.000016274
1559355085,0.000016274
1559355086,0.000016274
1559355087,0.000016274
1559355088,0.000016274
1559355089,0.000020967
1559355090,0.000020967
1559355091,0.000020967
1559355092,0.000020967
1559355093,0.000020967
1559355094,0.000019432
1559355095,0.000019432
1559355096,0.000019432
1559355097,0.000019432
1559355098,0.000019432
1559355099,0.000013688
1559355100,0.000013688
1559355101,0.000013688
1559355102,0.000013688
1559355103,0.000013688
1559355104,0.000033328
1559355105,0.000033328
1559355106,0.000033328
1559355107,0.000033328
1559355108,0.000033328
1559355109,0.000026783
1559355110,0.000026783
1559355111,0.000026783
1559355112,0.000026783
1559355113,0.000026783
1559355114,0.00001441
1559355115,0.00001441
1559355116,0.00001441
1559355117,0.00001441
1559355118,0.00001441
1559355119,0.000023419
1559355120,0.000023419
1559355121,0.000023419
1559355122,0.000023419
1559355123,0.000023419
1559355124,0.000014888
1559355125,0.000014888
1559355126,0.000014888
1559355127,0.000014888
1559355128,0.000014888
1559355129,0.00002443
1559355130,0.00002443
1559355131,0.00002443
1559355132,0.00002443
1559355133,0.00002443
1559355134,0.000021217
1559355135,0.000021217
1559355136,0.000021217
1559355137,0.000021217
1559355138,0.000021217
1559355139,0.000017701
1559355140,0.000017701
1559355141,0.000017701
1559355142,0.000017701
1559355143,0.000017701
1559355144,0.000018198
1559355145,0.000018198
1559355146,0.000018198
1559355147,0.000018198
1559355148,0.000018198
1559355149,0.000025653
1559355150,0.000025653
1559355151,0.000025653
1559355152,0.000025653
1559355153,0.000025653
1559355154,0.000013042
1559355155,0.000013042
1559355156,0.000013042
1559355157,0.000013042
1559355158,0.000013042
1559355159,0.00001456
1559355160,0.00001456
1559355161,0.00001456
1559355162,0.00001456
1559355163,0.00001456
1559355164,0.00001934
1559355165,0.00001934
1559355166,0.00001934
1559355167,0.00001934
1559355168,0.00001934
1559355169,0.000032266
1559355170,0.000032266
1559355171,0.000032266
1559355172,0.000032266
1559355173,0.000032266
1559355174,0.000016673
1559355175,0.000016673
1559355176,0.000016673
1559355177,0.000016673
1559355178,0.000016673
1559355179,0.000014501
1559355180,0.000014501
1559355181,0.000014501
1559355182,0.000014501
1559355183,0.000014501
1559355184,0.000023876
1559355185,0.000023876
1559355186,0.000023876
1559355187,0.000023876
1559355188,0.000023876
1559355189,0.000018087
1559355190,0.000018087
1559355191,0.000018087
1559355192,0.000018087
1559355193,0.000018087
1559355194,0.000013186
1559355195,0.000013186
1559355196,0.000013186
1559355197,0.000013186
1559355198,0.000013186
1559355199,0.000012572
1559355200,0.000012572
1559355201,0.000012572
1559355202,0.000012572
1559355203,0.000012572
1559355204,0.000016386
1559355205,0.000016386
1559355206,0.000016386
1559355207,0.000016386
1559355208,0.000016386
1559355209,0.00001684
1559355210,0.00001684
1559355211,0.00001684
1559355212,0.00001684
1559355213,0.00001684
1559355214,0.000040442
1559355215,0.000040442
1559355216,0.000040442
1559355217,0.000040442
1559355218,0.000040442
1559355219,0.000030424
1559355220,0.000030424
1559355221,0.000030424
1559355222,0.000030424
1559355223,0.000030424
1559355224,0.000020146
1559355225,0.000020146
1559355226,0.000020146
1559355227,0.000020146
1559355228,0.000020146
1559355229,0.000013037
1559355230,0.000013037
1559355231,0.000013037
1559355232,0.000013037
1559355233,0.000013037
1559355234,0.000034301
1559355235,0.000034301
1559355236,0.000034301
1559355237,0.000034301
1559355238,0.000034301
1559355239,0.000028824
1559355240,0.000028824
1559355241,0.000028824
1559355242,0.000028824
1559355243,0.000028824
1559355244,0.000013829
1559355245,0.000013829
1559355246,0.000013829
1559355247,0.000013829
1559355248,0.000013829
1559355249,0.000021737
1559355250,0.000021737
1559355251,0.000021737
1559355252,0.000021737
1559355253,0.000021737
1559355254,0.000018227
1559355255,0.000018227
1559355256,0.000018227
1559355257,0.000018227
1559355258,0.000018227
1559355259,0.000013959
1559355260,0.000013959
1559355261,0.000013959
1559355262,0.000013959
1559355263,0.000013959
1559355264,0.000015951
1559355265,0.000015951
1559355266,0.000015951
1559355267,0.000015951
1559355268,0.000015951
1559355269,0.000017256
1559355270,0.000017256
1559355271,0.000017256
1559355272,0.000017256
1559355273,0.000017256
1559355274,0.000020328
1559355275,0.000020328
1559355276,0.000020328
1559355277,0.000020328
1559355278,0.000020328
1559355279,0.000028442
1559355280,0.000028442
1559355281,0.000028442
1559355282,0.000028442
1559355283,0.000028442
1559355284,0.000021876
1559355285,0.000021876
1559355286,0.000021876
1559355287,0.000021876
1559355288,0.000021876
1559355289,0.000018169
1559355290,0.000018169
1559355291,0.000018169
1559355292,0.000018169
1559355293,0.000018169
1559355294,0.000022706
1559355295,0.000022706
1559355296,0.000022706
1559355297,0.000022706
1559355298,0.000022706
1559355299,0.000024399
1559355300,0.000024399
1559355301,0.000024399
1559355302,0.000024399
1559355303,0.000024399
1559355304,0.000031389
1559355305,0.000031389
1559355306,0.000031389
1559355307,0.000031389
1559355308,0.000031389
1559355309,0.000014009
1559355310,0.000014009
1559355311,0.000014009
1559355312,0.000014009
1559355313,0.000014009
1559355314,0.000047726
1559355315,0.000047726
1559355316,0.000047726
1559355317,0.000047726
1559355318,0.000047726
1559355319,0.000020741
1559355320,0.000020741
1559355321,0.000020741
1559355322,0.000020741
1559355323,0.000020741
1559355324,0.000015639
1559355325,0.000015639
1559355326,0.000015639
1559355327,0.000015639
1559355328,0.000015639
1559355329,0.00001436
1559355330,0.00001436
1559355331,0.00001436
1559355332,0.00001436
1559355333,0.00001436
1559355334,0.000015996
1559355335,0.000015996
1559355336,0.000015996
1559355337,0.000015996
1559355338,0.000015996
1559355339,0.002305279
1559355340,0.002305279
1559355341,0.002305279
1559355342,0.002305279
1559355343,0.002305279
1559355344,0.000016099
1559355345,0.000016099
1559355346,0.000016099
1559355347,0.000016099
1559355348,0.000016099
1559355349,0.000014482
1559355350,0.000014482
1559355351,0.000014482
1559355352,0.000014482
1559355353,0.000014482
1559355354,0.00003959
1559355355,0.00003959
1559355356,0.00003959
1559355357,0.00003959
1559355358,0.00003959
1559355359,0.000013584
1559355360,0.000013584
1559355361,0.000013584
1559355362,0.000013584
1559355363,0.000013584
1559355364,0.000022931
1559355365,0.000022931
1559355366,0.000022931
1559355367,0.000022931
1559355368,0.000022931
1559355369,0.000030339
1559355370,0.000030339
1559355371,0.000030339
1559355372,0.000030339
1559355373,0.000030339
1559355374,0.00001499
1559355375,0.00001499
1559355376,0.00001499
1559355377,0.00001499
1559355378,0.00001499
1559355379,0.000015698
1559355380,0.000015698
1559355381,0.000015698
1559355382,0.000015698
1559355383,0.000015698
1559355384,0.000045409
1559355385,0.000045409
1559355386,0.000045409
1559355387,0.000045409
1559355388,0.000045409
1559355389,0.000024441
1559355390,0.000024441
1559355391,0.000024441
1559355392,0.000024441
1559355393,0.000024441
1559355394,0.000024538
1559355395,0.000024538
1559355396,0.000024538
1559355397,0.000024538
1559355398,0.000024538
1559355399,0.000022765
1559355400,0.000022765
1559355401,0.000022765
1559355402,0.000022765
1559355403,0.000022765
1559355404,0.000028085
1559355405,0.000028085
1559355406,0.000028085
1559355407,0.000028085
1559355408,0.000028085
1559355409,0.00002749
1559355410,0.00002749
1559355411,0.00002749
1559355412,0.00002749
1559355413,0.00002749
1559355414,0.000053276
1559355415,0.000053276
1559355416,0.000053276
1559355417,0.000053276
1559355418,0.000053276
1559355419,0.000013462
1559355420,0.000013462
1559355421,0.000013462
1559355422,0.000013462
1559355423,0.000013462
1559355424,0.000018328
1559355425,0.000018328
1559355426,0.000018328
1559355427,0.000018328
1559355428,0.000018328
1559355429,0.000016843
1559355430,0.000016843
1559355431,0.000016843
1559355432,0.000016843
1559355433,0.000016843
1559355434,0.00003172
1559355435,0.00003172
1559355436,0.00003172
1559355437,0.00003172
1559355438,0.00003172
1559355439,0.000042855
1559355440,0.000042855
1559355441,0.000042855
1559355442,0.000042855
1559355443,0.000042855
1559355444,0.000021085
1559355445,0.000021085
1559355446,0.000021085
1559355447,0.000021085
1559355448,0.000021085
1559355449,0.000029689
1559355450,0.000029689
1559355451,0.000029689
1559355452,0.000029689
1559355453,0.000029689
1559355454,0.000020419
1559355455,0.000020419
1559355456,0.000020419
1559355457,0.000020419
1559355458,0.000020419
1559355459,0.000026876
1559355460,0.000026876
1559355461,0.000026876
1559355462,0.000026876
1559355463,0.000026876
1559355464,0.000019031
1559355465,0.000019031
1559355466,0.000019031
1559355467,0.000019031
1559355468,0.000019031
1559355469,0.000019287
1559355470,0.000019287
1559355471,0.000019287
1559355472,0.000019287
1559355473,0.000019287
1559355474,0.000017951
1559355475,0.000017951
1559355476,0.000017951
1559355477,0.000017951
1559355478,0.000017951
1559355479,0.000043547
1559355480,0.000043547
1559355481,0.000043547
1559355482,0.000043547
1559355483,0.000043547
1559355484,0.000014607
1559355485,0.000014607
1559355486,0.000014607
1559355487,0.000014607
1559355488,0.000014607
1559355489,0.000017149
1559355490,0.000017149
1559355491,0.000017149
1559355492,0.000017149
1559355493,0.000017149
1559355494,0.000015039
1559355495,0.000015039
1559355496,0.000015039
1559355497,0.000015039
1559355498,0.000015039
1559355499,0.000024829
1559355500,0.000024829
1559355501,0.000024829
1559355502,0.000024829
1559355503,0.000024829
1559355504,0.000016027
1559355505,0.000016027
1559355506,0.000016027
1559355507,0.000016027
1559355508,0.000016027
1559355509,0.000047964
1559355510,0.000047964
1559355511,0.000047964
1559355512,0.000047964
1559355513,0.000047964
1559355514,0.000016037
1559355515,0.000016037
1559355516,0.000016037
1559355517,0.000016037
1559355518,0.000016037
1559355519,0.000018518
1559355520,0.000018518
1559355521,0.000018518
1559355522,0.000018518
1559355523,0.000018518
1559355524,0.000016799
1559355525,0.000016799
1559355526,0.000016799
1559355527,0.000016799
1559355528,0.000016799
1559355529,0.000013719
1559355530,0.000013719
1559355531,0.000013719
1559355532,0.000013719
1559355533,0.000013719
1559355534,0.000016274
1559355535,0.000016274
1559355536,0.000016274
1559355537,0.000016274
1559355538,0.000016274
1559355539,0.000020262
1559355540,0.000020262
1559355541,0.000020262
1559355542,0.000020262
1559355543,0.000020262
1559355544,0.000013819
1559355545,0.000013819
1559355546,0.000013819
1559355547,0.000013819
1559355548,0.000013819
1559355549,0.000017999
1559355550,0.000017999
1559355551,0.000017999
1559355552,0.000017999
1559355553,0.000017999
1559355554,0.00005671
1559355555,0.00005671
1559355556,0.00005671
1559355557,0.00005671
1559355558,0.00005671
1559355559,0.000018625
1559355560,0.000018625
1559355561,0.000018625
1559355562,0.000018625
1559355563,0.000018625
1559355564,0.000041362
1559355565,0.000041362
1559355566,0.000041362
1559355567,0.000041362
1559355568,0.000041362
1559355569,0.000027494
1559355570,0.000027494
1559355571,0.000027494
1559355572,0.000027494
1559355573,0.000027494
1559355574,0.00001661
1559355575,0.00001661
1559355576,0.00001661
1559355577,0.00001661
1559355578,0.00001661
1559355579,0.000028478
1559355580,0.000028478
1559355581,0.000028478
1559355582,0.000028478
1559355583,0.000028478
1559355584,0.000031545
1559355585,0.000031545
1559355586,0.000031545
1559355587,0.000031545
1559355588,0.000031545
1559355589,0.00002606
1559355590,0.00002606
1559355591,0.00002606
1559355592,0.00002606
1559355593,0.00002606
1559355594,0.000014508
1559355595,0.000014508
1559355596,0.000014508
1559355597,0.000014508
1559355598,0.000014508
1559355599,0.000027522
1559355600,0.000027522
1559355601,0.000027522
1559355602,0.000027522
1559355603,0.000027522
1559355604,0.00001382
1559355605,0.00001382
1559355606,0.00001382
1559355607,0.00001382
1559355608,0.00001382
1559355609,0.000014865
1559355610,0.000014865
1559355611,0.000014865
1559355612,0.000014865
1559355613,0.000014865
1559355614,0.000042863
1559355615,0.000042863
1559355616,0.000042863
1559355617,0.000042863
1559355618,0.000042863
1559355619,0.000015387
1559355620,0.000015387
1559355621,0.000015387
1559355622,0.000015387
1559355623,0.000015387
1559355624,0.000022205
1559355625,0.000022205
1559355626,0.000022205
1559355627,0.000022205
1559355628,0.000022205
1559355629,0.000020176
1559355630,0.000020176
1559355631,0.000020176
1559355632,0.000020176
1559355633,0.000020176
1559355634,0.000015845
1559355635,0.000015845
1559355636,0.000015845
1559355637,0.000015845
1559355638,0.000015845
1559355639,0.000012663
1559355640,0.000012663
1559355641,0.000012663
1559355642,0.000012663
1559355643,0.000012663
1559355644,0.000027611
1559355645,0.000027611
1559355646,0.000027611
1559355647,0.000027611
1559355648,0.000027611
1559355649,0.000027902
1559355650,0.000027902
1559355651,0.000027902
1559355652,0.000027902
1559355653,0.000027902
1559355654,0.000017053
1559355655,0.000017053
1559355656,0.000017053
1559355657,0.000017053
1559355658,0.000017053
1559355659,0.00001858
1559355660,0.00001858
1559355661,0.00001858
1559355662,0.00001858
1559355663,0.00001858
1559355664,0.000034286
1559355665,0.000034286
1559355666,0.000034286
1559355667,0.000034286
1559355668,0.000034286
1559355669,0.000021911
1559355670,0.000021911
1559355671,0.000021911
1559355672,0.000021911
1559355673,0.000021911
1559355674,0.000028754
1559355675,0.000028754
1559355676,0.000028754
1559355677,0.000028754
1559355678,0.000028754
1559355679,0.00001927
1559355680,0.00001927
1559355681,0.00001927
1559355682,0.00001927
1559355683,0.00001927
1559355684,0.00001497
1559355685,0.00001497
1559355686,0.00001497
1559355687,0.00001497
1559355688,0.00001497
1559355689,0.000020172
1559355690,0.000020172
1559355691,0.000020172
1559355692,0.000020172
1559355693,0.000020172
1559355694,0.000014587
1559355695,0.000014587
1559355696,0.000014587
1559355697,0.000014587
1559355698,0.000014587
1559355699,0.000016775
1559355700,0.000016775
1559355701,0.000016775
1559355702,0.000016775
1559355703,0.000016775
1559355704,0.000016555
1559355705,0.000016555
1559355706,0.000016555
1559355707,0.000016555
1559355708,0.000016555
1559355709,0.000012744
1559355710,0.000012744
1559355711,0.000012744
1559355712,0.000012744
1559355713,0.000012744
1559355714,0.000023896
1559355715,0.000023896
1559355716,0.000023896
1559355717,0.000023896
1559355718,0.000023896
1559355719,0.000017429
1559355720,0.000017429
1559355721,0.000017429
1559355722,0.000017429
1559355723,0.000017429
1559355724,0.000020709
1559355725,0.000020709
1559355726,0.000020709
1559355727,0.000020709
1559355728,0.000020709
1559355729,0.000033183
1559355730,0.000033183
1559355731,0.000033183
1559355732,0.000033183
1559355733,0.000033183
1559355734,0.000015051
1559355735,0.000015051
1559355736,0.000015051
1559355737,0.000015051
1559355738,0.000015051
1559355739,0.000015171
1559355740,0.000015171
1559355741,0.000015171
1559355742,0.000015171
1559355743,0.000015171
1559355744,0.000022554
1559355745,0.000022554
1559355746,0.000022554
1559355747,0.000022554
1559355748,0.000022554
1559355749,0.000022488
1559355750,0.000022488
1559355751,0.000022488
1559355752,0.000022488
1559355753,0.000022488
1559355754,0.000022353
1559355755,0.000022353
1559355756,0.000022353
1559355757,0.000022353
1559355758,0.000022353
1559355759,0.000013912
1559355760,0.000013912
1559355761,0.000013912
1559355762,0.000013912
1559355763,0.000013912
1559355764,0.000024504
1559355765,0.000024504
1559355766,0.000024504
1559355767,0.000024504
1559355768,0.000024504
1559355769,0.000018233
1559355770,0.000018233
1559355771,0.000018233
1559355772,0.000018233
1559355773,0.000018233
1559355774,0.00001515
1559355775,0.00001515
1559355776,0.00001515
1559355777,0.00001515
1559355778,0.00001515
1559355779,0.000014414
1559355780,0.000014414
1559355781,0.000014414
1559355782,0.000014414
1559355783,0.000014414
1559355784,0.000027514
1559355785,0.000027514
1559355786,0.000027514
1559355787,0.000027514
1559355788,0.000027514
1559355789,0.000019465
1559355790,0.000019465
1559355791,0.000019465
1559355792,0.000019465
1559355793,0.000019465
1559355794,0.00001456
1559355795,0.00001456
1559355796,0.00001456
1559355797,0.00001456
1559355798,0.00001456
1559355799,0.000033389
1559355800,0.000033389
1559355801,0.000033389
1559355802,0.000033389
1559355803,0.000033389
1559355804,0.000016983
1559355805,0.000016983
1559355806,0.000016983
1559355807,0.000016983
1559355808,0.000016983
1559355809,0.000015986
1559355810,0.000015986
1559355811,0.000015986
1559355812,0.000015986
1559355813,0.000015986
1559355814,0.000014004
1559355815,0.000014004
1559355816,0.000014004
1559355817,0.000014004
1559355818,0.000014004
1559355819,0.000014522
1559355820,0.000014522
1559355821,0.000014522
1559355822,0.000014522
1559355823,0.000014522
1559355824,0.000029633
1559355825,0.000029633
1559355826,0.000029633
1559355827,0.000029633
1559355828,0.000029633
1559355829,0.000015506
1559355830,0.000015506
1559355831,0.000015506
1559355832,0.000015506
1559355833,0.000015506
1559355834,0.000013862
1559355835,0.000013862
1559355836,0.000013862
1559355837,0.000013862
1559355838,0.000013862
1559355839,0.000017083
1559355840,0.000017083
1559355841,0.000017083
1559355842,0.000017083
1559355843,0.000017083
1559355844,0.000015397
1559355845,0.000015397
1559355846,0.000015397
1559355847,0.000015397
1559355848,0.000015397
1559355849,0.000014502
1559355850,0.000014502
1559355851,0.000014502
1559355852,0.000014502
1559355853,0.000014502
1559355854,0.000016512
1559355855,0.000016512
1559355856,0.000016512
1559355857,0.000016512
1559355858,0.000016512
1559355859,0.000024469
1559355860,0.000024469
1559355861,0.000024469
1559355862,0.000024469
1559355863,0.000024469
1559355864,0.000022977
1559355865,0.000022977
1559355866,0.000022977
1559355867,0.000022977
1559355868,0.000022977
1559355869,0.000021759
1559355870,0.000021759
1559355871,0.000021759
1559355872,0.000021759
1559355873,0.000021759
1559355874,0.000027587
1559355875,0.000027587
1559355876,0.000027587
1559355877,0.000027587
1559355878,0.000027587
1559355879,0.000016322
1559355880,0.000016322
1559355881,0.000016322
1559355882,0.000016322
1559355883,0.000016322
1559355884,0.000016361
1559355885,0.000016361
1559355886,0.000016361
1559355887,0.000016361
1559355888,0.000016361
1559355889,0.000016797
1559355890,0.000016797
1559355891,0.000016797
1559355892,0.000016797
1559355893,0.000016797
1559355894,0.000013964
1559355895,0.000013964
1559355896,0.000013964
1559355897,0.000013964
1559355898,0.000013964
1559355899,0.000013509
1559355900,0.000013509
1559355901,0.000013509
1559355902,0.000013509
1559355903,0.000013509
1559355904,0.000019951
1559355905,0.000019951
1559355906,0.000019951
1559355907,0.000019951
1559355908,0.000019951
1559355909,0.000026951
1559355910,0.000026951
1559355911,0.000026951
1559355912,0.000026951
1559355913,0.000026951
1559355914,0.000021286
1559355915,0.000021286
1559355916,0.000021286
1559355917,0.000021286
1559355918,0.000021286
1559355919,0.000022021
1559355920,0.000022021
1559355921,0.000022021
1559355922,0.000022021
1559355923,0.000022021
1559355924,0.000028201
1559355925,0.000028201
1559355926,0.000028201
1559355927,0.000028201
1559355928,0.000028201
1559355929,0.000012711
1559355930,0.000012711
1559355931,0.000012711
1559355932,0.000012711
1559355933,0.000012711
1559355934,0.000015093
1559355935,0.000015093
1559355936,0.000015093
1559355937,0.000015093
1559355938,0.000015093
1559355939,0.000014711
1559355940,0.000014711
1559355941,0.000014711
1559355942,0.000014711
1559355943,0.000014711
1559355944,0.000029947
1559355945,0.000029947
1559355946,0.000029947
1559355947,0.000029947
1559355948,0.000029947
1559355949,0.000016928
1559355950,0.000016928
1559355951,0.000016928
1559355952,0.000016928
1559355953,0.000016928
1559355954,0.000031945
1559355955,0.000031945
1559355956,0.000031945
1559355957,0.000031945
1559355958,0.000031945
1559355959,0.000014633
1559355960,0.000014633
1559355961,0.000014633
1559355962,0.000014633
1559355963,0.000014633
1559355964,0.000018492
1559355965,0.000018492
1559355966,0.000018492
1559355967,0.000018492
1559355968,0.000018492
1559355969,0.000014294
1559355970,0.000014294
1559355971,0.000014294
1559355972,0.000014294
1559355973,0.000014294
1559355974,0.000013426
1559355975,0.000013426
1559355976,0.000013426
1559355977,0.000013426
1559355978,0.000013426
1559355979,0.000021802
1559355980,0.000021802
1559355981,0.000021802
1559355982,0.000021802
1559355983,0.000021802
1559355984,0.000016545
1559355985,0.000016545
1559355986,0.000016545
1559355987,0.000016545
1559355988,0.000016545
1559355989,0.000015061
1559355990,0.000015061
1559355991,0.000015061
1559355992,0.000015061
1559355993,0.000015061
1559355994,0.000018337
1559355995,0.000018337
1559355996,0.000018337
1559355997,0.000018337
1559355998,0.000018337
1559355999,0.000036433
1559356000,0.000036433
1559356001,0.000036433
1559356002,0.000036433
1559356003,0.000036433
1559356004,0.000015615
1559356005,0.000015615
1559356006,0.000015615
1559356007,0.000015615
1559356008,0.000015615
1559356009,0.000024734
1559356010,0.000024734
1559356011,0.000024734
1559356012,0.000024734
1559356013,0.000024734
1559356014,0.000015119
1559356015,0.000015119
1559356016,0.000015119
1559356017,0.000015119
1559356018,0.000015119
1559356019,0.000017214
1559356020,0.000017214
1559356021,0.000017214
1559356022,0.000017214
1559356023,0.000017214
1559356024,0.000057299
1559356025,0.000057299
1559356026,0.000057299
1559356027,0.000057299
1559356028,0.000057299
1559356029,0.000015943
1559356030,0.000015943
1559356031,0.000015943
1559356032,0.000015943
1559356033,0.000015943
1559356034,0.000041629
1559356035,0.000041629
1559356036,0.000041629
1559356037,0.000041629
1559356038,0.000041629
1559356039,0.000020875
1559356040,0.000020875
1559356041,0.000020875
1559356042,0.000020875
1559356043,0.000020875
1559356044,0.00212269
1559356045,0.00212269
1559356046,0.00212269
1559356047,0.00212269
1559356048,0.00212269
1559356049,0.000014935
1559356050,0.000014935
1559356051,0.000014935
1559356052,0.000014935
1559356053,0.000014935
1559356054,0.000028022
1559356055,0.000028022
1559356056,0.000028022
1559356057,0.000028022
1559356058,0.000028022
1559356059,0.000016616
1559356060,0.000016616
1559356061,0.000016616
1559356062,0.000016616
1559356063,0.000016616
1559356064,0.000019782
1559356065,0.000019782
1559356066,0.000019782
1559356067,0.000019782
1559356068,0.000019782
1559356069,0.000014358
1559356070,0.000014358
1559356071,0.000014358
1559356072,0.000014358
1559356073,0.000014358
1559356074,0.000028719
1559356075,0.000028719
1559356076,0.000028719
1559356077,0.000028719
1559356078,0.000028719
1559356079,0.000025184
1559356080,0.000025184
1559356081,0.000025184
1559356082,0.000025184
1559356083,0.000025184
1559356084,0.000018524
1559356085,0.000018524
1559356086,0.000018524
1559356087,0.000018524
1559356088,0.000018524
1559356089,0.000015982
1559356090,0.000015982
1559356091,0.000015982
1559356092,0.000015982
1559356093,0.000015982
1559356094,0.00002722
1559356095,0.00002722
1559356096,0.00002722
1559356097,0.00002722
1559356098,0.00002722
1559356099,0.000014244
1559356100,0.000014244
1559356101,0.000014244
1559356102,0.000014244
1559356103,0.000014244
1559356104,0.000042332
1559356105,0.000042332
1559356106,0.000042332
1559356107,0.000042332
1559356108,0.000042332
1559356109,0.00001517
1559356110,0.00001517
1559356111,0.00001517
1559356112,0.00001517
1559356113,0.00001517
1559356114,0.000015495
1559356115,0.000015495
1559356116,0.000015495
1559356117,0.000015495
1559356118,0.000015495
1559356119,0.00003426
1559356120,0.00003426
1559356121,0.00003426
1559356122,0.00003426
1559356123,0.00003426
1559356124,0.000016318
1559356125,0.000016318
1559356126,0.000016318
1559356127,0.000016318
1559356128,0.000016318
1559356129,0.000014156
1559356130,0.000014156
1559356131,0.000014156
1559356132,0.000014156
1559356133,0.000014156
1559356134,0.000028303
1559356135,0.000028303
1559356136,0.000028303
1559356137,0.000028303
1559356138,0.000028303
1559356139,0.000016501
1559356140,0.000016501
1559356141,0.000016501
1559356142,0.000016501
1559356143,0.000016501
1559356144,0.000018106
1559356145,0.000018106
1559356146,0.000018106
1559356147,0.000018106
1559356148,0.000018106
1559356149,0.000014898
1559356150,0.000014898
1559356151,0.000014898
1559356152,0.000014898
1559356153,0.000014898
1559356154,0.000014678
1559356155,0.000014678
1559356156,0.000014678
1559356157,0.000014678
1559356158,0.000014678
1559356159,0.000036546
1559356160,0.000036546
1559356161,0.000036546
1559356162,0.000036546
1559356163,0.000036546
1559356164,0.000016662
1559356165,0.000016662
1559356166,0.000016662
1559356167,0.000016662
1559356168,0.000016662
1559356169,0.000026627
1559356170,0.000026627
1559356171,0.000026627
1559356172,0.000026627
1559356173,0.000026627
1559356174,0.000023657
1559356175,0.000023657
1559356176,0.000023657
1559356177,0.000023657
1559356178,0.000023657
1559356179,0.000027931
1559356180,0.000027931
1559356181,0.000027931
1559356182,0.000027931
1559356183,0.000027931
1559356184,0.00001474
1559356185,0.00001474
1559356186,0.00001474
1559356187,0.00001474
1559356188,0.00001474
1559356189,0.000012483
1559356190,0.000012483
1559356191,0.000012483
1559356192,0.000012483
1559356193,0.000012483
1559356194,0.000024819
1559356195,0.000024819
1559356196,0.000024819
1559356197,0.000024819
1559356198,0.000024819
1559356199,0.000026685
1559356200,0.000026685
1559356201,0.000026685
1559356202,0.000026685
1559356203,0.000026685
1559356204,0.000016405
1559356205,0.000016405
1559356206,0.000016405
1559356207,0.000016405
1559356208,0.000016405
1559356209,0.000015069
1559356210,0.000015069
1559356211,0.000015069
1559356212,0.000015069
1559356213,0.000015069
1559356214,0.000036714
1559356215,0.000036714
1559356216,0.000036714
1559356217,0.000036714
1559356218,0.000036714
1559356219,0.00001554
1559356220,0.00001554
1559356221,0.00001554
1559356222,0.00001554
1559356223,0.00001554
1559356224,0.000013278
1559356225,0.000013278
1559356226,0.000013278
1559356227,0.000013278
1559356228,0.000013278
1559356229,0.000015262
1559356230,0.000015262
1559356231,0.000015262
1559356232,0.000015262
1559356233,0.000015262
1559356234,0.000023193
1559356235,0.000023193
1559356236,0.000023193
1559356237,0.000023193
1559356238,0.000023193
1559356239,0.00001557
1559356240,0.00001557
1559356241,0.00001557
1559356242,0.00001557
1559356243,0.00001557
1559356244,0.000017192
1559356245,0.000017192
1559356246,0.000017192
1559356247,0.000017192
1559356248,0.000017192
1559356249,0.000045759
1559356250,0.000045759
1559356251,0.000045759
1559356252,0.000045759
1559356253,0.000045759
1559356254,0.000015642
1559356255,0.000015642
1559356256,0.000015642
1559356257,0.000015642
1559356258,0.000015642
1559356259,0.000016373
1559356260,0.000016373
1559356261,0.000016373
1559356262,0.000016373
1559356263,0.000016373
1559356264,0.000021482
1559356265,0.000021482
1559356266,0.000021482
1559356267,0.000021482
1559356268,0.000021482
1559356269,0.000012108
1559356270,0.000012108
1559356271,0.000012108
1559356272,0.000012108
1559356273,0.000012108
1559356274,0.000017297
1559356275,0.000017297
1559356276,0.000017297
1559356277,0.000017297
1559356278,0.000017297
1559356279,0.000016853
1559356280,0.000016853
1559356281,0.000016853
1559356282,0.000016853
1559356283,0.000016853
1559356284,0.000015958
1559356285,0.000015958
1559356286,0.000015958
1559356287,0.000015958
1559356288,0.000015958
1559356289,0.000028041
1559356290,0.000028041
1559356291,0.000028041
1559356292,0.000028041
1559356293,0.000028041
1559356294,0.000019956
1559356295,0.000019956
1559356296,0.000019956
1559356297,0.000019956
1559356298,0.000019956
1559356299,0.000015144
1559356300,0.000015144
1559356301,0.000015144
1559356302,0.000015144
1559356303,0.000015144
1559356304,0.00002092
1559356305,0.00002092
1559356306,0.00002092
1559356307,0.00002092
1559356308,0.00002092
1559356309,0.000039484
1559356310,0.000039484
1559356311,0.000039484
1559356312,0.000039484
1559356313,0.000039484
1559356314,0.000018617
1559356315,0.000018617
1559356316,0.000018617
1559356317,0.000018617
1559356318,0.000018617
1559356319,0.000014097
1559356320,0.000014097
1559356321,0.000014097
1559356322,0.000014097
1559356323,0.000014097
1559356324,0.000021312
1559356325,0.000021312
1559356326,0.000021312
1559356327,0.000021312
1559356328,0.000021312
1559356329,0.00002141
1559356330,0.00002141
1559356331,0.00002141
1559356332,0.00002141
1559356333,0.00002141
1559356334,0.000019538
1559356335,0.000019538
1559356336,0.000019538
1559356337,0.000019538
1559356338,0.000019538
1559356339,0.000035674
1559356340,0.000035674
1559356341,0.000035674
1559356342,0.000035674
1559356343,0.000035674
1559356344,0.000013641
1559356345,0.000013641
1559356346,0.000013641
1559356347,0.000013641
1559356348,0.000013641
1559356349,0.000017637
1559356350,0.000017637
1559356351,0.000017637
1559356352,0.000017637
1559356353,0.000017637
1559356354,0.000028346
1559356355,0.000028346
1559356356,0.000028346
1559356357,0.000028346
1559356358,0.000028346
1559356359,0.000017928
1559356360,0.000017928
1559356361,0.000017928
1559356362,0.000017928
1559356363,0.000017928
1559356364,0.000017167
1559356365,0.000017167
1559356366,0.000017167
1559356367,0.000017167
1559356368,0.000017167
1559356369,0.000014147
1559356370,0.000014147
1559356371,0.000014147
1559356372,0.000014147
1559356373,0.000014147
1559356374,0.000014833
1559356375,0.000014833
1559356376,0.000014833
1559356377,0.000014833
1559356378,0.000014833
1559356379,0.000013474
1559356380,0.000013474
1559356381,0.000013474
1559356382,0.000013474
1559356383,0.000013474
1559356384,0.000015259
1559356385,0.000015259
1559356386,0.000015259
1559356387,0.000015259
1559356388,0.000015259
1559356389,0.000013119
1559356390,0.000013119
1559356391,0.000013119
1559356392,0.000013119
1559356393,0.000013119
1559356394,0.000038294
1559356395,0.000038294
1559356396,0.000038294
1559356397,0.000038294
1559356398,0.000038294
1559356399,0.000020147
1559356400,0.000020147
1559356401,0.000020147
1559356402,0.000020147
1559356403,0.000020147
1559356404,0.000015548
1559356405,0.000015548
1559356406,0.000015548
1559356407,0.000015548
1559356408,0.000015548
1559356409,0.000018955
1559356410,0.000018955
1559356411,0.000018955
1559356412,0.000018955
1559356413,0.000018955
1559356414,0.000019015
1559356415,0.000019015
1559356416,0.000019015
1559356417,0.000019015
1559356418,0.000019015
1559356419,0.000013769
1559356420,0.000013769
1559356421,0.000013769
1559356422,0.000013769
1559356423,0.000013769
1559356424,0.000025352
1559356425,0.000025352
1559356426,0.000025352
1559356427,0.000025352
1559356428,0.000025352
1559356429,0.000015865
1559356430,0.000015865
1559356431,0.000015865
1559356432,0.000015865
1559356433,0.000015865
1559356434,0.000017229
1559356435,0.000017229
1559356436,0.000017229
1559356437,0.000017229
1559356438,0.000017229
1559356439,0.000020321
1559356440,0.000020321
1559356441,0.000020321
1559356442,0.000020321
1559356443,0.000020321
1559356444,0.000017669
1559356445,0.000017669
1559356446,0.000017669
1559356447,0.000017669
1559356448,0.000017669
1559356449,0.000016146
1559356450,0.000016146
1559356451,0.000016146
1559356452,0.000016146
1559356453,0.000016146
1559356454,0.00001334
1559356455,0.00001334
1559356456,0.00001334
1559356457,0.00001334
1559356458,0.00001334
1559356459,0.000015046
1559356460,0.000015046
1559356461,0.000015046
1559356462,0.000015046
1559356463,0.000015046
1559356464,0.000014405
1559356465,0.000014405
1559356466,0.000014405
1559356467,0.000014405
1559356468,0.000014405
1559356469,0.000018978
1559356470,0.000018978
1559356471,0.000018978
1559356472,0.000018978
1559356473,0.000018978
1559356474,0.000031688
1559356475,0.000031688
1559356476,0.000031688
1559356477,0.000031688
1559356478,0.000031688
1559356479,0.000016151
1559356480,0.000016151
1559356481,0.000016151
1559356482,0.000016151
1559356483,0.000016151
1559356484,0.000018251
1559356485,0.000018251
1559356486,0.000018251
1559356487,0.000018251
1559356488,0.000018251
1559356489,0.000019722
1559356490,0.000019722
1559356491,0.000019722
1559356492,0.000019722
1559356493,0.000019722
1559356494,0.000025721
1559356495,0.000025721
1559356496,0.000025721
1559356497,0.000025721
1559356498,0.000025721
1559356499,0.000020144
1559356500,0.000020144
1559356501,0.000020144
1559356502,0.000020144
1559356503,0.000020144
1559356504,0.000018763
1559356505,0.000018763
1559356506,0.000018763
1559356507,0.000018763
1559356508,0.000018763
1559356509,0.000020624
1559356510,0.000020624
1559356511,0.000020624
1559356512,0.000020624
1559356513,0.000020624
1559356514,0.000015288
1559356515,0.000015288
1559356516,0.000015288
1559356517,0.000015288
1559356518,0.000015288
1559356519,0.000013132
1559356520,0.000013132
1559356521,0.000013132
1559356522,0.000013132
1559356523,0.000013132
1559356524,0.00001753
1559356525,0.00001753
1559356526,0.00001753
1559356527,0.00001753
1559356528,0.00001753
1559356529,0.000016286
1559356530,0.000016286
1559356531,0.000016286
1559356532,0.000016286
1559356533,0.000016286
1559356534,0.000019672
1559356535,0.000019672
1559356536,0.000019672
1559356537,0.000019672
1559356538,0.000019672
1559356539,0.000017285
1559356540,0.000017285
1559356541,0.000017285
1559356542,0.000017285
1559356543,0.000017285
1559356544,0.000018944
1559356545,0.000018944
1559356546,0.000018944
1559356547,0.000018944
1559356548,0.000018944
1559356549,0.000014265
1559356550,0.000014265
1559356551,0.000014265
1559356552,0.000014265
1559356553,0.000014265
1559356554,0.000027605
1559356555,0.000027605
1559356556,0.000027605
1559356557,0.000027605
1559356558,0.000027605
1559356559,0.00002598
1559356560,0.00002598
1559356561,0.00002598
1559356562,0.00002598
1559356563,0.00002598
1559356564,0.000015038
1559356565,0.000015038
1559356566,0.000015038
1559356567,0.000015038
1559356568,0.000015038
1559356569,0.000013211
1559356570,0.000013211
1559356571,0.000013211
1559356572,0.000013211
1559356573,0.000013211
1559356574,0.000019657
1559356575,0.000019657
1559356576,0.000019657
1559356577,0.000019657
1559356578,0.000019657
1559356579,0.000013021
1559356580,0.000013021
1559356581,0.000013021
1559356582,0.000013021
1559356583,0.000013021
1559356584,0.000016565
1559356585,0.000016565
1559356586,0.000016565
1559356587,0.000016565
1559356588,0.000016565
1559356589,0.000025055
1559356590,0.000025055
1559356591,0.000025055
1559356592,0.000025055
1559356593,0.000025055
1559356594,0.000014198
1559356595,0.000014198
1559356596,0.000014198
1559356597,0.000014198
1559356598,0.000014198
1559356599,0.000014679
1559356600,0.000014679
1559356601,0.000014679
1559356602,0.000014679
1559356603,0.000014679
1559356604,0.000028195
1559356605,0.000028195
1559356606,0.000028195
1559356607,0.000028195
1559356608,0.000028195
1559356609,0.000014241
1559356610,0.000014241
1559356611,0.000014241
1559356612,0.000014241
1559356613,0.000014241
1559356614,0.000021815
1559356615,0.000021815
1559356616,0.000021815
1559356617,0.000021815
1559356618,0.000021815
1559356619,0.000014286
1559356620,0.000014286
1559356621,0.000014286
1559356622,0.000014286
1559356623,0.000014286
1559356624,0.000016496
1559356625,0.000016496
1559356626,0.000016496
1559356627,0.000016496
1559356628,0.000016496
1559356629,0.000012285
1559356630,0.000012285
1559356631,0.000012285
1559356632,0.000012285
1559356633,0.000012285
1559356634,0.000016219
1559356635,0.000016219
1559356636,0.000016219
1559356637,0.000016219
1559356638,0.000016219
1559356639,0.000013915
1559356640,0.000013915
1559356641,0.000013915
1559356642,0.000013915
1559356643,0.000013915
1559356644,0.000014268
1559356645,0.000014268
1559356646,0.000014268
1559356647,0.000014268
1559356648,0.000014268
1559356649,0.000016575
1559356650,0.000016575
1559356651,0.000016575
1559356652,0.000016575
1559356653,0.000016575
1559356654,0.000015171
1559356655,0.000015171
1559356656,0.000015171
1559356657,0.000015171
1559356658,0.000015171
1559356659,0.000015313
1559356660,0.000015313
1559356661,0.000015313
1559356662,0.000015313
1559356663,0.000015313
1559356664,0.000015784
1559356665,0.000015784
1559356666,0.000015784
1559356667,0.000015784
1559356668,0.000015784
1559356669,0.000014426
1559356670,0.000014426
1559356671,0.000014426
1559356672,0.000014426
1559356673,0.000014426
1559356674,0.002528036
1559356675,0.002528036
1559356676,0.002528036
1559356677,0.002528036
1559356678,0.002528036
1559356679,0.000012809
1559356680,0.000012809
1559356681,0.000012809
1559356682,0.000012809
1559356683,0.000012809
1559356684,0.000019903
1559356685,0.000019903
1559356686,0.000019903
1559356687,0.000019903
1559356688,0.000019903
1559356689,0.000016003
1559356690,0.000016003
1559356691,0.000016003
1559356692,0.000016003
1559356693,0.000016003
1559356694,0.000025937
1559356695,0.000025937
1559356696,0.000025937
1559356697,0.000025937
1559356698,0.000025937
1559356699,0.000015619
1559356700,0.000015619
1559356701,0.000015619
1559356702,0.000015619
1559356703,0.000015619
1559356704,0.000015002
1559356705,0.000015002
1559356706,0.000015002
1559356707,0.000015002
1559356708,0.000015002
1559356709,0.000014648
1559356710,0.000014648
1559356711,0.000014648
1559356712,0.000014648
1559356713,0.000014648
1559356714,0.000031601
1559356715,0.000031601
1559356716,0.000031601
1559356717,0.000031601
1559356718,0.000031601
1559356719,0.000018291
1559356720,0.000018291
1559356721,0.000018291
1559356722,0.000018291
1559356723,0.000018291
1559356724,0.000012928
1559356725,0.000012928
1559356726,0.000012928
1559356727,0.000012928
1559356728,0.000012928
1559356729,0.000016999
1559356730,0.000016999
1559356731,0.000016999
1559356732,0.000016999
1559356733,0.000016999
1559356734,0.000016261
1559356735,0.000016261
1559356736,0.000016261
1559356737,0.000016261
1559356738,0.000016261
1559356739,0.000014688
1559356740,0.000014688
1559356741,0.000014688
1559356742,0.000014688
1559356743,0.000014688
1559356744,0.000030843
1559356745,0.000030843
1559356746,0.000030843
1559356747,0.000030843
1559356748,0.000030843
1559356749,0.000021849
1559356750,0.000021849
1559356751,0.000021849
1559356752,0.000021849
1559356753,0.000021849
1559356754,0.000031322
1559356755,0.000031322
1559356756,0.000031322
1559356757,0.000031322
1559356758,0.000031322
1559356759,0.000013304
1559356760,0.000013304
1559356761,0.000013304
1559356762,0.000013304
1559356763,0.000013304
1559356764,0.000015912
1559356765,0.000015912
1559356766,0.000015912
1559356767,0.000015912
1559356768,0.000015912
1559356769,0.001923912
1559356770,0.001923912
1559356771,0.001923912
1559356772,0.001923912
1559356773,0.001923912
1559356774,0.000016421
1559356775,0.000016421
1559356776,0.000016421
1559356777,0.000016421
1559356778,0.000016421
1559356779,0.000018836
1559356780,0.000018836
1559356781,0.000018836
1559356782,0.000018836
1559356783,0.000018836
1559356784,0.004089614
1559356785,0.004089614
1559356786,0.004089614
1559356787,0.004089614
1559356788,0.004089614
1559356789,0.000015407
1559356790,0.000015407
1559356791,0.000015407
1559356792,0.000015407
1559356793,0.000015407
1559356794,0.000015929
1559356795,0.000015929
1559356796,0.000015929
1559356797,0.000015929
1559356798,0.000015929
1559356799,0.000016051
1559356800,0.000016051
1559356801,0.000016051
1559356802,0.000016051
1559356803,0.000016051
1559356804,0.00002057
1559356805,0.00002057
1559356806,0.00002057
1559356807,0.00002057
1559356808,0.00002057
1559356809,0.000038414
1559356810,0.000038414
1559356811,0.000038414
1559356812,0.000038414
1559356813,0.000038414
1559356814,0.000014727
1559356815,0.000014727
1559356816,0.000014727
1559356817,0.000014727
1559356818,0.000014727
1559356819,0.000022036
1559356820,0.000022036
1559356821,0.000022036
1559356822,0.000022036
1559356823,0.000022036
1559356824,0.000018845
1559356825,0.000018845
1559356826,0.000018845
1559356827,0.000018845
1559356828,0.000018845
1559356829,0.000017022
1559356830,0.000017022
1559356831,0.000017022
1559356832,0.000017022
1559356833,0.000017022
1559356834,0.000018144
1559356835,0.000018144
1559356836,0.000018144
1559356837,0.000018144
1559356838,0.000018144
1559356839,0.000016233
1559356840,0.000016233
1559356841,0.000016233
1559356842,0.000016233
1559356843,0.000016233
1559356844,0.000017018
1559356845,0.000017018
1559356846,0.000017018
1559356847,0.000017018
1559356848,0.000017018
1559356849,0.000019572
1559356850,0.000019572
1559356851,0.000019572
1559356852,0.000019572
1559356853,0.000019572
1559356854,0.000019525
1559356855,0.000019525
1559356856,0.000019525
1559356857,0.000019525
1559356858,0.000019525
1559356859,0.000013266
1559356860,0.000013266
1559356861,0.000013266
1559356862,0.000013266
1559356863,0.000013266
1559356864,0.000019173
1559356865,0.000019173
1559356866,0.000019173
1559356867,0.000019173
1559356868,0.000019173
1559356869,0.000018733
1559356870,0.000018733
1559356871,0.000018733
1559356872,0.000018733
1559356873,0.000018733
1559356874,0.00002061
1559356875,0.00002061
1559356876,0.00002061
1559356877,0.00002061
1559356878,0.00002061
1559356879,0.000014597
1559356880,0.000014597
1559356881,0.000014597
1559356882,0.000014597
1559356883,0.000014597
1559356884,0.000014094
1559356885,0.000014094
1559356886,0.000014094
1559356887,0.000014094
1559356888,0.000014094
1559356889,0.000040517
1559356890,0.000040517
1559356891,0.000040517
1559356892,0.000040517
1559356893,0.000040517
1559356894,0.000031295
1559356895,0.000031295
1559356896,0.000031295
1559356897,0.000031295
1559356898,0.000031295
1559356899,0.000014457
1559356900,0.000014457
1559356901,0.000014457
1559356902,0.000014457
1559356903,0.000014457
1559356904,0.000022653
1559356905,0.000022653
1559356906,0.000022653
1559356907,0.000022653
1559356908,0.000022653
1559356909,0.000015614
1559356910,0.000015614
1559356911,0.000015614
1559356912,0.000015614
1559356913,0.000015614
1559356914,0.000017445
1559356915,0.000017445
1559356916,0.000017445
1559356917,0.000017445
1559356918,0.000017445
1559356919,0.000014471
1559356920,0.000014471
1559356921,0.000014471
1559356922,0.000014471
1559356923,0.000014471
1559356924,0.000013557
1559356925,0.000013557
1559356926,0.000013557
1559356927,0.000013557
1559356928,0.000013557
1559356929,0.000013064
1559356930,0.000013064
1559356931,0.000013064
1559356932,0.000013064
1559356933,0.000013064
1559356934,0.000026374
1559356935,0.000026374
1559356936,0.000026374
1559356937,0.000026374
1559356938,0.000026374
1559356939,0.000018118
1559356940,0.000018118
1559356941,0.000018118
1559356942,0.000018118
1559356943,0.000018118
1559356944,0.000022299
1559356945,0.000022299
1559356946,0.000022299
1559356947,0.000022299
1559356948,0.000022299
1559356949,0.000014256
1559356950,0.000014256
1559356951,0.000014256
1559356952,0.000014256
1559356953,0.000014256
1559356954,0.000016377
1559356955,0.000016377
1559356956,0.000016377
1559356957,0.000016377
1559356958,0.000016377
1559356959,0.00001494
1559356960,0.00001494
1559356961,0.00001494
1559356962,0.00001494
1559356963,0.00001494
1559356964,0.000019152
1559356965,0.000019152
1559356966,0.000019152
1559356967,0.000019152
1559356968,0.000019152
1559356969,0.000016004
1559356970,0.000016004
1559356971,0.000016004
1559356972,0.000016004
1559356973,0.000016004
1559356974,0.00001485
1559356975,0.00001485
1559356976,0.00001485
1559356977,0.00001485
1559356978,0.00001485
1559356979,0.000012979
1559356980,0.000012979
1559356981,0.000012979
1559356982,0.000012979
1559356983,0.000012979
1559356984,0.000017818
1559356985,0.000017818
1559356986,0.000017818
1559356987,0.000017818
1559356988,0.000017818
1559356989,0.000027696
1559356990,0.000027696
1559356991,0.000027696
1559356992,0.000027696
1559356993,0.000027696
1559356994,0.000035873
1559356995,0.000035873
1559356996,0.000035873
1559356997,0.000035873
1559356998,0.000035873
1559356999,0.00001408
1559357000,0.00001408
1559357001,0.00001408
1559357002,0.00001408
1559357003,0.00001408
1559357004,0.000017754
1559357005,0.000017754
1559357006,0.000017754
1559357007,0.000017754
1559357008,0.000017754
1559357009,0.000029341
1559357010,0.000029341
1559357011,0.000029341
1559357012,0.000029341
1559357013,0.000029341
1559357014,0.000020836
1559357015,0.000020836
1559357016,0.000020836
1559357017,0.000020836
1559357018,0.000020836
1559357019,0.000016882
1559357020,0.000016882
1559357021,0.000016882
1559357022,0.000016882
1559357023,0.000016882
1559357024,0.000024087
1559357025,0.000024087
1559357026,0.000024087
1559357027,0.000024087
1559357028,0.000024087
1559357029,0.00003217
1559357030,0.00003217
1559357031,0.00003217
1559357032,0.00003217
1559357033,0.00003217
1559357034,0.000021207
1559357035,0.000021207
1559357036,0.000021207
1559357037,0.000021207
1559357038,0.000021207
1559357039,0.000042294
1559357040,0.000042294
1559357041,0.000042294
1559357042,0.000042294
1559357043,0.000042294
1559357044,0.000015985
1559357045,0.000015985
1559357046,0.000015985
1559357047,0.000015985
1559357048,0.000015985
1559357049,0.000015769
1559357050,0.000015769
1559357051,0.000015769
1559357052,0.000015769
1559357053,0.000015769
1559357054,0.000013503
1559357055,0.000013503
1559357056,0.000013503
1559357057,0.000013503
1559357058,0.000013503
1559357059,0.000033552
1559357060,0.000033552
1559357061,0.000033552
1559357062,0.000033552
1559357063,0.000033552
1559357064,0.00002335
1559357065,0.00002335
1559357066,0.00002335
1559357067,0.00002335
1559357068,0.00002335
1559357069,0.000017792
1559357070,0.000017792
1559357071,0.000017792
1559357072,0.000017792
1559357073,0.000017792
1559357074,0.000021516
1559357075,0.000021516
1559357076,0.000021516
1559357077,0.000021516
1559357078,0.000021516
1559357079,0.000019417
1559357080,0.000019417
1559357081,0.000019417
1559357082,0.000019417
1559357083,0.000019417
1559357084,0.000016097
1559357085,0.000016097
1559357086,0.000016097
1559357087,0.000016097
1559357088,0.000016097
1559357089,0.000016431
1559357090,0.000016431
1559357091,0.000016431
1559357092,0.000016431
1559357093,0.000016431
1559357094,0.000016416
1559357095,0.000016416
1559357096,0.000016416
1559357097,0.000016416
1559357098,0.000016416
1559357099,0.000019435
1559357100,0.000019435
1559357101,0.000019435
1559357102,0.000019435
1559357103,0.000019435
1559357104,0.000017012
1559357105,0.000017012
1559357106,0.000017012
1559357107,0.000017012
1559357108,0.000017012
1559357109,0.000014936
1559357110,0.000014936
1559357111,0.000014936
1559357112,0.000014936
1559357113,0.000014936
1559357114,0.000015952
1559357115,0.000015952
1559357116,0.000015952
1559357117,0.000015952
1559357118,0.000015952
1559357119,0.000021455
1559357120,0.000021455
1559357121,0.000021455
1559357122,0.000021455
1559357123,0.000021455
1559357124,0.000017743
1559357125,0.000017743
1559357126,0.000017743
1559357127,0.000017743
1559357128,0.000017743
1559357129,0.000048055
1559357130,0.000048055
1559357131,0.000048055
1559357132,0.000048055
1559357133,0.000048055
1559357134,0.000012736
1559357135,0.000012736
1559357136,0.000012736
1559357137,0.000012736
1559357138,0.000012736
1559357139,0.000014882
1559357140,0.000014882
1559357141,0.000014882
1559357142,0.000014882
1559357143,0.000014882
1559357144,0.000019932
1559357145,0.000019932
1559357146,0.000019932
1559357147,0.000019932
1559357148,0.000019932
1559357149,0.0000293
1559357150,0.0000293
1559357151,0.0000293
1559357152,0.0000293
1559357153,0.0000293
1559357154,0.000019359
1559357155,0.000019359
1559357156,0.000019359
1559357157,0.000019359
1559357158,0.000019359
1559357159,0.000015076
1559357160,0.000015076
1559357161,0.000015076
1559357162,0.000015076
1559357163,0.000015076
1559357164,0.000020708
1559357165,0.000020708
1559357166,0.000020708
1559357167,0.000020708
1559357168,0.000020708
1559357169,0.000017649
1559357170,0.000017649
1559357171,0.000017649
1559357172,0.000017649
1559357173,0.000017649
1559357174,0.000030297
1559357175,0.000030297
1559357176,0.000030297
1559357177,0.000030297
1559357178,0.000030297
1559357179,0.000035021
1559357180,0.000035021
1559357181,0.000035021
1559357182,0.000035021
1559357183,0.000035021
1559357184,0.00003367
1559357185,0.00003367
1559357186,0.00003367
1559357187,0.00003367
1559357188,0.00003367
1559357189,0.000025643
1559357190,0.000025643
1559357191,0.000025643
1559357192,0.000025643
1559357193,0.000025643
1559357194,0.000026449
1559357195,0.000026449
1559357196,0.000026449
1559357197,0.000026449
1559357198,0.000026449
1559357199,0.000018683
1559357200,0.000018683
1559357201,0.000018683
1559357202,0.000018683
1559357203,0.000018683
1559357204,0.000013882
1559357205,0.000013882
1559357206,0.000013882
1559357207,0.000013882
1559357208,0.000013882
1559357209,0.000024594
1559357210,0.000024594
1559357211,0.000024594
1559357212,0.000024594
1559357213,0.000024594
1559357214,0.00001514
1559357215,0.00001514
1559357216,0.00001514
1559357217,0.00001514
1559357218,0.00001514
1559357219,0.0016963
1559357220,0.0016963
1559357221,0.0016963
1559357222,0.0016963
1559357223,0.0016963
1559357224,0.00001438
1559357225,0.00001438
1559357226,0.00001438
1559357227,0.00001438
1559357228,0.00001438
1559357229,0.000018812
1559357230,0.000018812
1559357231,0.000018812
1559357232,0.000018812
1559357233,0.000018812
1559357234,0.000017434
1559357235,0.000017434
1559357236,0.000017434
1559357237,0.000017434
1559357238,0.000017434
1559357239,0.000014435
1559357240,0.000014435
1559357241,0.000014435
1559357242,0.000014435
1559357243,0.000014435
1559357244,0.000013748
1559357245,0.000013748
1559357246,0.000013748
1559357247,0.000013748
1559357248,0.000013748
1559357249,0.000014658
1559357250,0.000014658
1559357251,0.000014658
1559357252,0.000014658
1559357253,0.000014658
1559357254,0.000013642
1559357255,0.000013642
1559357256,0.000013642
1559357257,0.000013642
1559357258,0.000013642
1559357259,0.000026182
1559357260,0.000026182
1559357261,0.000026182
1559357262,0.000026182
1559357263,0.000026182
1559357264,0.00001502
1559357265,0.00001502
1559357266,0.00001502
1559357267,0.00001502
1559357268,0.00001502
1559357269,0.000015745
1559357270,0.000015745
1559357271,0.000015745
1559357272,0.000015745
1559357273,0.000015745
1559357274,0.000042564
1559357275,0.000042564
1559357276,0.000042564
1559357277,0.000042564
1559357278,0.000042564
1559357279,0.000015045
1559357280,0.000015045
1559357281,0.000015045
1559357282,0.000015045
1559357283,0.000015045
1559357284,0.000025282
1559357285,0.000025282
1559357286,0.000025282
1559357287,0.000025282
1559357288,0.000025282
1559357289,0.000014713
1559357290,0.000014713
1559357291,0.000014713
1559357292,0.000014713
1559357293,0.000014713
1559357294,0.000012303
1559357295,0.000012303
1559357296,0.000012303
1559357297,0.000012303
1559357298,0.000012303
1559357299,0.000022471
1559357300,0.000022471
1559357301,0.000022471
1559357302,0.000022471
1559357303,0.000022471
1559357304,0.000052907
1559357305,0.000052907
1559357306,0.000052907
1559357307,0.000052907
1559357308,0.000052907
1559357309,0.00001729
1559357310,0.00001729
1559357311,0.00001729
1559357312,0.00001729
1559357313,0.00001729
1559357314,0.000019107
1559357315,0.000019107
1559357316,0.000019107
1559357317,0.000019107
1559357318,0.000019107
1559357319,0.000013694
1559357320,0.000013694
1559357321,0.000013694
1559357322,0.000013694
1559357323,0.000013694
1559357324,0.00001556
1559357325,0.00001556
1559357326,0.00001556
1559357327,0.00001556
1559357328,0.00001556
1559357329,0.000013824
1559357330,0.000013824
1559357331,0.000013824
1559357332,0.000013824
1559357333,0.000013824
1559357334,0.000014375
1559357335,0.000014375
1559357336,0.000014375
1559357337,0.000014375
1559357338,0.000014375
1559357339,0.000022845
1559357340,0.000022845
1559357341,0.000022845
1559357342,0.000022845
1559357343,0.000022845
1559357344,0.000014326
1559357345,0.000014326
1559357346,0.000014326
1559357347,0.000014326
1559357348,0.000014326
1559357349,0.000015774
1559357350,0.000015774
1559357351,0.000015774
1559357352,0.000015774
1559357353,0.000015774
1559357354,0.000016454
1559357355,0.000016454
1559357356,0.000016454
1559357357,0.000016454
1559357358,0.000016454
1559357359,0.000024961
1559357360,0.000024961
1559357361,0.000024961
1559357362,0.000024961
1559357363,0.000024961
1559357364,0.000012761
1559357365,0.000012761
1559357366,0.000012761
1559357367,0.000012761
1559357368,0.000012761
1559357369,0.000014715
1559357370,0.000014715
1559357371,0.000014715
1559357372,0.000014715
1559357373,0.000014715
1559357374,0.000014409
1559357375,0.000014409
1559357376,0.000014409
1559357377,0.000014409
1559357378,0.000014409
1559357379,0.000026999
1559357380,0.000026999
1559357381,0.000026999
1559357382,0.000026999
1559357383,0.000026999
1559357384,0.00003567
1559357385,0.00003567
1559357386,0.00003567
1559357387,0.00003567
1559357388,0.00003567
1559357389,0.000017714
1559357390,0.000017714
1559357391,0.000017714
1559357392,0.000017714
1559357393,0.000017714
1559357394,0.000016603
1559357395,0.000016603
1559357396,0.000016603
1559357397,0.000016603
1559357398,0.000016603
1559357399,0.000030846
1559357400,0.000030846
1559357401,0.000030846
1559357402,0.000030846
1559357403,0.000030846
1559357404,0.000016431
1559357405,0.000016431
1559357406,0.000016431
1559357407,0.000016431
1559357408,0.000016431
1559357409,0.000030046
1559357410,0.000030046
1559357411,0.000030046
1559357412,0.000030046
1559357413,0.000030046
1559357414,0.000043032
1559357415,0.000043032
1559357416,0.000043032
1559357417,0.000043032
1559357418,0.000043032
1559357419,0.000015141
1559357420,0.000015141
1559357421,0.000015141
1559357422,0.000015141
1559357423,0.000015141
1559357424,0.000030576
1559357425,0.000030576
1559357426,0.000030576
1559357427,0.000030576
1559357428,0.000030576
1559357429,0.00002144
1559357430,0.00002144
1559357431,0.00002144
1559357432,0.00002144
1559357433,0.00002144
1559357434,0.000020532
1559357435,0.000020532
1559357436,0.000020532
1559357437,0.000020532
1559357438,0.000020532
1559357439,0.000014877
1559357440,0.000014877
1559357441,0.000014877
1559357442,0.000014877
1559357443,0.000014877
1559357444,0.000017484
1559357445,0.000017484
1559357446,0.000017484
1559357447,0.000017484
1559357448,0.000017484
1559357449,0.000014782
1559357450,0.000014782
1559357451,0.000014782
1559357452,0.000014782
1559357453,0.000014782
1559357454,0.000015571
1559357455,0.000015571
1559357456,0.000015571
1559357457,0.000015571
1559357458,0.000015571
1559357459,0.000014639
1559357460,0.000014639
1559357461,0.000014639
1559357462,0.000014639
1559357463,0.000014639
1559357464,0.00001884
1559357465,0.00001884
1559357466,0.00001884
1559357467,0.00001884
1559357468,0.00001884
1559357469,0.000023974
1559357470,0.000023974
1559357471,0.000023974
1559357472,0.000023974
1559357473,0.000023974
1559357474,0.000021013
1559357475,0.000021013
1559357476,0.000021013
1559357477,0.000021013
1559357478,0.000021013
1559357479,0.000022947
1559357480,0.000022947
1559357481,0.000022947
1559357482,0.000022947
1559357483,0.000022947
1559357484,0.000017432
1559357485,0.000017432
1559357486,0.000017432
1559357487,0.000017432
1559357488,0.000017432
1559357489,0.000027488
1559357490,0.000027488
1559357491,0.000027488
1559357492,0.000027488
1559357493,0.000027488
1559357494,0.00001287
1559357495,0.00001287
1559357496,0.00001287
1559357497,0.00001287
1559357498,0.00001287
1559357499,0.00001983
1559357500,0.00001983
1559357501,0.00001983
1559357502,0.00001983
1559357503,0.00001983
1559357504,0.000015099
1559357505,0.000015099
1559357506,0.000015099
1559357507,0.000015099
1559357508,0.000015099
1559357509,0.00002063
1559357510,0.00002063
1559357511,0.00002063
1559357512,0.00002063
1559357513,0.00002063
1559357514,0.00002002
1559357515,0.00002002
1559357516,0.00002002
1559357517,0.00002002
1559357518,0.00002002
1559357519,0.000013615
1559357520,0.000013615
1559357521,0.000013615
1559357522,0.000013615
1559357523,0.000013615
1559357524,0.000018494
1559357525,0.000018494
1559357526,0.000018494
1559357527,0.000018494
1559357528,0.000018494
1559357529,0.000014554
1559357530,0.000014554
1559357531,0.000014554
1559357532,0.000014554
1559357533,0.000014554
1559357534,0.000016807
1559357535,0.000016807
1559357536,0.000016807
1559357537,0.000016807
1559357538,0.000016807
1559357539,0.000017105
1559357540,0.000017105
1559357541,0.000017105
1559357542,0.000017105
1559357543,0.000017105
1559357544,0.000023607
1559357545,0.000023607
1559357546,0.000023607
1559357547,0.000023607
1559357548,0.000023607
1559357549,0.000017208
1559357550,0.000017208
1559357551,0.000017208
1559357552,0.000017208
1559357553,0.000017208
1559357554,0.00002226
1559357555,0.00002226
1559357556,0.00002226
1559357557,0.00002226
1559357558,0.00002226
1559357559,0.000017209
1559357560,0.000017209
1559357561,0.000017209
1559357562,0.000017209
1559357563,0.000017209
1559357564,0.000013507
1559357565,0.000013507
1559357566,0.000013507
1559357567,0.000013507
1559357568,0.000013507
1559357569,0.000017763
1559357570,0.000017763
1559357571,0.000017763
1559357572,0.000017763
1559357573,0.000017763
1559357574,0.000014687
