timestamp,value
1558143180,159968
1558143181,85480
1558143182,252855
1558143183,161592
1558143184,344829
1558143185,164284
1558143186,321445
1558143187,164742
1558143188,323429
1558143189,146514
1558143190,301876
1558143191,459566
1558143192,221052
1558143193,374053
1558143194,197057
1558143195,351212
1558143196,180347
1558143197,334485
1558143198,171466
1558143199,330651
1558143200,163806
1558143201,321248
1558143202,477318
1558143203,228350
1558143204,139286
1558143205,292426
1558143206,449828
1558143207,201639
1558143208,358780
1558143209,217383
1558143210,376772
1558143211,192776
1558143212,352178
1558143213,177785
1558143214,357574
1558143215,195421
1558143216,355558
1558143217,188329
1558143218,343376
1558143219,175561
1558143220,333426
1558143221,167654
1558143222,324576
1558143223,478892
1558143224,214840
1558143225,370849
1558143226,215317
1558143227,368530
1558143228,205354
1558143229,362200
1558143230,217182
1558143231,375111
1558143232,191590
1558143233,346633
1558143234,166834
1558143235,338508
1558143236,173102
1558143237,329408
1558143238,160905
1558143239,317105
1558143240,457138
1558143241,253828
1558143242,209161
1558143243,366193
1558143244,177722
1558143245,331585
1558143246,163573
1558143247,318689
1558143248,478092
1558143249,220025
1558143250,379329
1558143251,218910
1558143252,377842
1558143253,190727
1558143254,347074
1558143255,164135
1558143256,341193
1558143257,171996
1558143258,326567
1558143259,165962
1558143260,326487
1558143261,163285
1558143262,324587
1558143263,476134
1558143264,214625
1558143265,367755
1558143266,187162
1558143267,342824
1558143268,164726
1558143269,324168
1558143270,481853
1558143271,219206
1558143272,382128
1558143273,210050
1558143274,367647
1558143275,193462
1558143276,352606
1558143277,214362
1558143278,372654
1558143279,203131
1558143280,366009
1558143281,197666
1558143282,363519
1558143283,213424
1558143284,371640
1558143285,183197
1558143286,340301
1558143287,164339
1558143288,321505
1558143289,479753
1558143290,220962
1558143291,373173
1558143292,201831
1558143293,360903
1558143294,204381
1558143295,359886
1558143296,185896
1558143297,340785
1558143298,167536
1558143299,339631
1558143300,183766
1558143301,65076
1558143302,225767
1558143303,80435
1558143304,222970
1558143305,160799
1558143306,321553
1558143307,476654
1558143308,215381
1558143309,370692
1558143310,209153
1558143311,367488
1558143312,214160
1558143313,365812
1558143314,173459
1558143315,330257
1558143316,160493
1558143317,315781
1558143318,473152
1558143319,208473
1558143320,377232
1558143321,213587
1558143322,373023
1558143323,193841
1558143324,353652
1558143325,179031
1558143326,338941
1558143327,165357
1558143328,323486
1558143329,163068
1558143330,321680
1558143331,172250
1558143332,334965
1558143333,135047
1558143334,292760
1558143335,447308
1558143336,213644
1558143337,369736
1558143338,217253
1558143339,371805
1558143340,199102
1558143341,352448
1558143342,224954
1558143343,380897
1558143344,210974
1558143345,364985
1558143346,191582
1558143347,331644
1558143348,178861
1558143349,332800
1558143350,164641
1558143351,318031
1558143352,476693
1558143353,219976
1558143354,377204
1558143355,203248
1558143356,362414
1558143357,196887
1558143358,288189
1558143359,218511
1558143360,379825
1558143361,252658
1558143362,200761
1558143363,357526
1558143364,205849
1558143365,358104
1558143366,179383
1558143367,331750
1558143368,147577
1558143369,322589
1558143370,167912
1558143371,324592
1558143372,482814
1558143373,212628
1558143374,367646
1558143375,191248
1558143376,349453
1558143377,171572
1558143378,328933
1558143379,148938
1558143380,330899
1558143381,174157
1558143382,332441
1558143383,167316
1558143384,325633
1558143385,480068
1558143386,215010
1558143387,372886
1558143388,214095
1558143389,367890
1558143390,200260
1558143391,358485
1558143392,198193
1558143393,355679
1558143394,185652
1558143395,337876
1558143396,212414
1558143397,365841
1558143398,195581
1558143399,348924
1558143400,176302
1558143401,330473
1558143402,164072
1558143403,324282
1558143404,481036
1558143405,220367
1558143406,377175
1558143407,224029
1558143408,67283
1558143409,221839
1558143410,71606
1558143411,224794
1558143412,137012
1558143413,294957
1558143414,450801
1558143415,212480
1558143416,371099
1558143417,213580
1558143418,374664
1558143419,217175
1558143420,376273
1558143421,239413
1558143422,188219
1558143423,380775
1558143424,214784
1558143425,368916
1558143426,201720
1558143427,354588
1558143428,213333
1558143429,368118
1558143430,212031
1558143431,365550
1558143432,184577
1558143433,340096
1558143434,197602
1558143435,352127
1558143436,179801
1558143437,333832
1558143438,160413
1558143439,316218
1558143440,66433
1558143441,220284
1558143442,66090
1558143443,219060
1558143444,177101
1558143445,339767
1558143446,168726
1558143447,323328
1558143448,146766
1558143449,299929
1558143450,463094
1558143451,213623
1558143452,371982
1558143453,204440
1558143454,365041
1558143455,211984
1558143456,370353
1558143457,182402
1558143458,340649
1558143459,167683
1558143460,327555
1558143461,65445
1558143462,224658
1558143463,135707
1558143464,296624
1558143465,448826
1558143466,224567
1558143467,377889
1558143468,220082
1558143469,374944
1558143470,203893
1558143471,363302
1558143472,210620
1558143473,366074
1558143474,185487
1558143475,344077
1558143476,167389
1558143477,333539
1558143478,167407
1558143479,323711
1558143480,480781
1558143481,87160
1558143482,263443
1558143483,217349
1558143484,379435
1558143485,212968
1558143486,370304
1558143487,203714
1558143488,365669
1558143489,209699
1558143490,366957
1558143491,203342
1558143492,363397
1558143493,211751
1558143494,368673
1558143495,193247
1558143496,350499
1558143497,171122
1558143498,346918
1558143499,184610
1558143500,344839
1558143501,170965
1558143502,329363
1558143503,162409
1558143504,322754
1558143505,479262
1558143506,222105
1558143507,377103
1558143508,200723
1558143509,373418
1558143510,221795
1558143511,379048
1558143512,212882
1558143513,366057
1558143514,196838
1558143515,357382
1558143516,189122
1558143517,343562
1558143518,166235
1558143519,322804
1558143520,482549
1558143521,222583
1558143522,379206
1558143523,205526
1558143524,364689
1558143525,227626
1558143526,67960
1558143527,220277
1558143528,145735
1558143529,300347
1558143530,456821
1558143531,216238
1558143532,371482
1558143533,190915
1558143534,347171
1558143535,175080
1558143536,336344
1558143537,463279
1558143538,224452
1558143539,350656
1558143540,241408
1558143541,221438
1558143542,378095
1558143543,184176
1558143544,343253
1558143545,181612
1558143546,337689
1558143547,164701
1558143548,322961
1558143549,477812
1558143550,208187
1558143551,364766
1558143552,204056
1558143553,357645
1558143554,189286
1558143555,345543
1558143556,174159
1558143557,350152
1558143558,190164
1558143559,345903
1558143560,172072
1558143561,327486
1558143562,160652
1558143563,319836
1558143564,453444
1558143565,219699
1558143566,137796
1558143567,290492
1558143568,165709
1558143569,321802
1558143570,146048
1558143571,300624
1558143572,461575
1558143573,225849
1558143574,161722
1558143575,318834
1558143576,475805
1558143577,210849
1558143578,367878
1558143579,219649
1558143580,378241
1558143581,193303
1558143582,351768
1558143583,184127
1558143584,357833
1558143585,214568
1558143586,374298
1558143587,202588
1558143588,359332
1558143589,178821
1558143590,341769
1558143591,174862
1558143592,332751
1558143593,154605
1558143594,309490
1558143595,171034
1558143596,329300
1558143597,486089
1558143598,210453
1558143599,365357
1558143600,207696
1558143601,154520
1558143602,312976
1558143603,466611
1558143604,217787
1558143605,71786
1558143606,226683
1558143607,66789
1558143608,223697
1558143609,379435
1558143610,215605
1558143611,384293
1558143612,223593
1558143613,376779
1558143614,215625
1558143615,369159
1558143616,205900
1558143617,161631
1558143618,318937
1558143619,474127
1558143620,209171
1558143621,365868
1558143622,209564
1558143623,369513
1558143624,208578
1558143625,362143
1558143626,201489
1558143627,354067
1558143628,210905
1558143629,363566
1558143630,193744
1558143631,347702
1558143632,182722
1558143633,347592
1558143634,183082
1558143635,335495
1558143636,165387
1558143637,320680
1558143638,477375
1558143639,223592
1558143640,380513
1558143641,202729
1558143642,362609
1558143643,194693
1558143644,368035
1558143645,220963
1558143646,133919
1558143647,287694
1558143648,447029
1558143649,218043
1558143650,376635
1558143651,190275
1558143652,348261
1558143653,176609
1558143654,334616
1558143655,164557
1558143656,324377
1558143657,479543
1558143658,223487
1558143659,376949
1558143660,215724
1558143661,140214
1558143662,300118
1558143663,452805
1558143664,206324
1558143665,163244
1558143666,324152
1558143667,477160
1558143668,211355
1558143669,365991
1558143670,201008
1558143671,361784
1558143672,201317
1558143673,355224
1558143674,194674
1558143675,346437
1558143676,167897
1558143677,326223
1558143678,67640
1558143679,222064
1558143680,364781
1558143681,230526
1558143682,355379
1558143683,288313
1558143684,446063
1558143685,194952
1558143686,352595
1558143687,184360
1558143688,345682
1558143689,169777
1558143690,327351
1558143691,160719
1558143692,321425
1558143693,158898
1558143694,316816
1558143695,469214
1558143696,207053
1558143697,364310
1558143698,198695
1558143699,354694
1558143700,180375
1558143701,334835
1558143702,163725
1558143703,317208
1558143704,66338
1558143705,217275
1558143706,64269
1558143707,223535
1558143708,153264
1558143709,315130
1558143710,65760
1558143711,219791
1558143712,379643
1558143713,209717
1558143714,368797
1558143715,204005
1558143716,361570
1558143717,186306
1558143718,344202
1558143719,162028
1558143720,341848
1558143721,202862
1558143722,365971
1558143723,220712
1558143724,380519
1558143725,214458
1558143726,374436
1558143727,213830
1558143728,373673
1558143729,209543
1558143730,368594
1558143731,221157
1558143732,379723
1558143733,187761
1558143734,344926
1558143735,166982
1558143736,324931
1558143737,65341
1558143738,224085
1558143739,132444
1558143740,290958
1558143741,444607
1558143742,223471
1558143743,377881
1558143744,208334
1558143745,363745
1558143746,192490
1558143747,66457
1558143748,223829
1558143749,67263
1558143750,224780
1558143751,377738
1558143752,227565
1558143753,383851
1558143754,216810
1558143755,370830
1558143756,189668
1558143757,352967
1558143758,192438
1558143759,344832
1558143760,171382
1558143761,327575
1558143762,141214
1558143763,297511
1558143764,456972
1558143765,212616
1558143766,371548
1558143767,215035
1558143768,373554
1558143769,227224
1558143770,161685
1558143771,314215
1558143772,472531
1558143773,217699
1558143774,375551
1558143775,191515
1558143776,348759
1558143777,171947
1558143778,333545
1558143779,164295
1558143780,342008
1558143781,194069
1558143782,187452
1558143783,346489
1558143784,172590
1558143785,332950
1558143786,163451
1558143787,322880
1558143788,478131
1558143789,219608
1558143790,378040
1558143791,205798
1558143792,364058
1558143793,172293
1558143794,329191
1558143795,165650
1558143796,322823
1558143797,482769
1558143798,222602
1558143799,375121
1558143800,193137
1558143801,347205
1558143802,215195
1558143803,373442
1558143804,207163
1558143805,360814
1558143806,182731
1558143807,340272
1558143808,164447
1558143809,319529
1558143810,477462
1558143811,214839
1558143812,379749
1558143813,190495
1558143814,365749
1558143815,177900
1558143816,340692
1558143817,170806
1558143818,332204
1558143819,171131
1558143820,329075
1558143821,160174
1558143822,317457
1558143823,474002
1558143824,219800
1558143825,372934
1558143826,191712
1558143827,348273
1558143828,176866
1558143829,336723
1558143830,161961
1558143831,315883
1558143832,474633
1558143833,215101
1558143834,370736
1558143835,210336
1558143836,368547
1558143837,203322
1558143838,367624
1558143839,207223
1558143840,160653
1558143841,345458
1558143842,184861
1558143843,343538
1558143844,166944
1558143845,322385
1558143846,133214
1558143847,286889
1558143848,448282
1558143849,203718
1558143850,360862
1558143851,220946
1558143852,380188
1558143853,221303
1558143854,137354
1558143855,291667
1558143856,449229
1558143857,209317
1558143858,369284
1558143859,207683
1558143860,363257
1558143861,200578
1558143862,140209
1558143863,297188
1558143864,454054
1558143865,212409
1558143866,367770
1558143867,178261
1558143868,343067
1558143869,166676
1558143870,324614
1558143871,134736
1558143872,294865
1558143873,456575
1558143874,222164
1558143875,375095
1558143876,205900
1558143877,358284
1558143878,190426
1558143879,347984
1558143880,175604
1558143881,332511
1558143882,163463
1558143883,321161
1558143884,427505
1558143885,221349
1558143886,356323
1558143887,221224
1558143888,143324
1558143889,314112
1558143890,163977
1558143891,315702
1558143892,474268
1558143893,214288
1558143894,370319
1558143895,210119
1558143896,367444
1558143897,209226
1558143898,369274
1558143899,201004
1558143900,360279
1558143901,215064
1558143902,132876
1558143903,288140
1558143904,449155
1558143905,219499
1558143906,377044
1558143907,187758
1558143908,344127
1558143909,164956
1558143910,340969
1558143911,163953
1558143912,320729
1558143913,480392
1558143914,216913
1558143915,372320
1558143916,220521
1558143917,374104
1558143918,200720
1558143919,352946
1558143920,179201
1558143921,351838
1558143922,192599
1558143923,349183
1558143924,177743
1558143925,331769
1558143926,185796
1558143927,338675
1558143928,168591
1558143929,323207
1558143930,479604
1558143931,209143
1558143932,374056
1558143933,208278
1558143934,368344
1558143935,195356
1558143936,355273
1558143937,216339
1558143938,375016
1558143939,209038
1558143940,365594
1558143941,167008
1558143942,326665
1558143943,411732
1558143944,226783
1558143945,65154
1558143946,224613
1558143947,376472
1558143948,237238
1558143949,159028
1558143950,321711
1558143951,474080
1558143952,218374
1558143953,371304
1558143954,205993
1558143955,359065
1558143956,181181
1558143957,336637
1558143958,167741
1558143959,327885
1558143960,161503
1558143961,345640
1558143962,190639
1558143963,342094
1558143964,218317
1558143965,372299
1558143966,200711
1558143967,353699
1558143968,179728
1558143969,338897
1558143970,168063
1558143971,322912
1558143972,138157
1558143973,290896
1558143974,455652
1558143975,231728
1558143976,176529
1558143977,328009
1558143978,159613
1558143979,317132
1558143980,473718
1558143981,215582
1558143982,374100
1558143983,192127
1558143984,353494
1558143985,190005
1558143986,364960
1558143987,198993
1558143988,358019
1558143989,193202
1558143990,351281
1558143991,184156
1558143992,344315
1558143993,162381
1558143994,332318
1558143995,455310
1558143996,227087
1558143997,162494
1558143998,321699
1558143999,478463
1558144000,218639
1558144001,374333
1558144002,199466
1558144003,355563
1558144004,201090
1558144005,352879
1558144006,184276
1558144007,342800
1558144008,169278
1558144009,325594
1558144010,163949
1558144011,317894
1558144012,477163
1558144013,222344
1558144014,360671
1558144015,220096
1558144016,377690
1558144017,213908
1558144018,375328
1558144019,210782
1558144020,369512
1558144021,240615
1558144022,181847
1558144023,333653
1558144024,189696
1558144025,343983
1558144026,166608
1558144027,327822
1558144028,136598
1558144029,296290
1558144030,453512
1558144031,217214
1558144032,375935
1558144033,195097
1558144034,360473
1558144035,185982
1558144036,345313
1558144037,169333
1558144038,329516
1558144039,166838
1558144040,326584
1558144041,482590
1558144042,223985
1558144043,380325
1558144044,214955
1558144045,374191
1558144046,203751
1558144047,357378
1558144048,180408
1558144049,341444
1558144050,171828
1558144051,329837
1558144052,487010
1558144053,219986
1558144054,384254
1558144055,214369
1558144056,380538
1558144057,229525
1558144058,381142
1558144059,212315
1558144060,370636
1558144061,212888
1558144062,373578
1558144063,172740
1558144064,333458
1558144065,164497
1558144066,321493
1558144067,478396
1558144068,222339
1558144069,378185
1558144070,216202
1558144071,370927
1558144072,219035
1558144073,373854
1558144074,206771
1558144075,362283
1558144076,194773
1558144077,348306
1558144078,179647
1558144079,330888
1558144080,163900
1558144081,353947
1558144082,258780
1558144083,214324
1558144084,376922
1558144085,214945
1558144086,374482
1558144087,196323
1558144088,355348
1558144089,201471
1558144090,359460
1558144091,196272
1558144092,354798
1558144093,204335
1558144094,372101
1558144095,214318
1558144096,374182
1558144097,186555
1558144098,348147
1558144099,185069
1558144100,349245
1558144101,175456
1558144102,332967
1558144103,160638
1558144104,329510
1558144105,160088
1558144106,318647
1558144107,471326
1558144108,215172
1558144109,371191
1558144110,211132
1558144111,364370
1558144112,200785
1558144113,358885
1558144114,194276
1558144115,357944
1558144116,192598
1558144117,348835
1558144118,178773
1558144119,331718
1558144120,165068
1558144121,325347
1558144122,478175
1558144123,219468
1558144124,377328
1558144125,206854
1558144126,66415
1558144127,222017
1558144128,135970
1558144129,291874
1558144130,449653
1558144131,216725
1558144132,375413
1558144133,212466
1558144134,375085
1558144135,215309
1558144136,374393
1558144137,219622
1558144138,376097
1558144139,215506
1558144140,376830
1558144141,226726
1558144142,183949
1558144143,337626
1558144144,164689
1558144145,321014
1558144146,479991
1558144147,221880
1558144148,163257
1558144149,318855
1558144150,457961
1558144151,223200
1558144152,377706
1558144153,221406
1558144154,376838
1558144155,215838
1558144156,376823
1558144157,209300
1558144158,162282
1558144159,315080
1558144160,473250
1558144161,213505
1558144162,371971
1558144163,208437
1558144164,367490
1558144165,197525
1558144166,360643
1558144167,187059
1558144168,345180
1558144169,200376
1558144170,357553
1558144171,191276
1558144172,348802
1558144173,167178
1558144174,329870
1558144175,164306
1558144176,322621
1558144177,70519
1558144178,227294
1558144179,69696
1558144180,229974
1558144181,164417
1558144182,325148
1558144183,480651
1558144184,224332
1558144185,174802
1558144186,334845
1558144187,163943
1558144188,325189
1558144189,477772
1558144190,220176
1558144191,378984
1558144192,194234
1558144193,350460
1558144194,164294
1558144195,320545
1558144196,165374
1558144197,317765
1558144198,483473
1558144199,221697
1558144200,380609
1558144201,227124
1558144202,165654
1558144203,326547
1558144204,153348
1558144205,308685
1558144206,466858
1558144207,219347
1558144208,375680
1558144209,214434
1558144210,370774
1558144211,202263
1558144212,361518
1558144213,202913
1558144214,367772
1558144215,206155
1558144216,365441
1558144217,202063
1558144218,370487
1558144219,207896
1558144220,367005
1558144221,203358
1558144222,360195
1558144223,218484
1558144224,374696
1558144225,220258
1558144226,376195
1558144227,207304
1558144228,365495
1558144229,195637
1558144230,353828
1558144231,195595
1558144232,352318
1558144233,187430
1558144234,345671
1558144235,172105
1558144236,336483
1558144237,170694
1558144238,327201
1558144239,133759
1558144240,294085
1558144241,449915
1558144242,215934
1558144243,369501
1558144244,216449
1558144245,68071
1558144246,226091
1558144247,156662
1558144248,314218
1558144249,469011
1558144250,219809
1558144251,379064
1558144252,212016
1558144253,367974
1558144254,209052
1558144255,364522
1558144256,200421
1558144257,355915
1558144258,201602
1558144259,354965
1558144260,183390
1558144261,348693
1558144262,226784
1558144263,161163
1558144264,319597
1558144265,476054
1558144266,221578
1558144267,390043
1558144268,223653
1558144269,378879
1558144270,207734
1558144271,365392
1558144272,206466
1558144273,361208
1558144274,195805
1558144275,350086
1558144276,176095
1558144277,329861
1558144278,163029
1558144279,318525
1558144280,66946
1558144281,221416
1558144282,153608
1558144283,308950
1558144284,442888
1558144285,218639
1558144286,150322
1558144287,307845
1558144288,464743
1558144289,218521
1558144290,375383
1558144291,213676
1558144292,370874
1558144293,201541
1558144294,358543
1558144295,183975
1558144296,346046
1558144297,165375
1558144298,322853
1558144299,479938
1558144300,221673
1558144301,377331
1558144302,201919
1558144303,361329
1558144304,204023
1558144305,372090
1558144306,220733
1558144307,374768
1558144308,208030
1558144309,362468
1558144310,189186
1558144311,342764
1558144312,182260
1558144313,347112
1558144314,164757
1558144315,320070
1558144316,163604
1558144317,315992
1558144318,475304
1558144319,209085
1558144320,366863
1558144321,232435
1558144322,174806
1558144323,333493
1558144324,164730
1558144325,324777
1558144326,460527
1558144327,224641
1558144328,382440
1558144329,220196
1558144330,382981
1558144331,207244
1558144332,373566
1558144333,222394
1558144334,380235
1558144335,212100
1558144336,370967
1558144337,211194
1558144338,367655
1558144339,202397
1558144340,360246
1558144341,208293
1558144342,370811
1558144343,212171
1558144344,371294
1558144345,209768
1558144346,369208
1558144347,207090
1558144348,367070
1558144349,202852
1558144350,361828
1558144351,193940
1558144352,352150
1558144353,189257
1558144354,349248
1558144355,177230
1558144356,339655
1558144357,171888
1558144358,342240
1558144359,179918
1558144360,337365
1558144361,165406
1558144362,327349
1558144363,482620
1558144364,223547
1558144365,376026
1558144366,215949
1558144367,370405
1558144368,216378
1558144369,355577
1558144370,223087
1558144371,65658
1558144372,224105
1558144373,162540
1558144374,324528
1558144375,478326
1558144376,222025
1558144377,379887
1558144378,206073
1558144379,365305
1558144380,206793
1558144381,157075
1558144382,346876
1558144383,215419
1558144384,377167
1558144385,206124
1558144386,369098
1558144387,196154
1558144388,355724
1558144389,184048
1558144390,338495
1558144391,185466
1558144392,340295
1558144393,183564
1558144394,336341
1558144395,164785
1558144396,325860
1558144397,480308
1558144398,222269
1558144399,376826
1558144400,207054
1558144401,364588
1558144402,206862
1558144403,360641
1558144404,178146
1558144405,332494
1558144406,167191
1558144407,321538
1558144408,482081
1558144409,219364
1558144410,381423
1558144411,211055
1558144412,367976
1558144413,221763
1558144414,363161
1558144415,225175
1558144416,69646
1558144417,224508
1558144418,382777
1558144419,217812
1558144420,379936
1558144421,205695
1558144422,363006
1558144423,194488
1558144424,356403
1558144425,186305
1558144426,344655
1558144427,164974
1558144428,323730
1558144429,164699
1558144430,324169
1558144431,478225
1558144432,216162
1558144433,371551
1558144434,221849
1558144435,379882
1558144436,221247
1558144437,377689
1558144438,184647
1558144439,338527
1558144440,165164
1558144441,349263
1558144442,194856
1558144443,349760
1558144444,175763
1558144445,331099
1558144446,166736
1558144447,327636
1558144448,141142
1558144449,295739
1558144450,454235
1558144451,213626
1558144452,379834
1558144453,212015
1558144454,366658
1558144455,201808
1558144456,375310
1558144457,193138
1558144458,354593
1558144459,180228
1558144460,338696
1558144461,171107
1558144462,330478
1558144463,70888
1558144464,228971
1558144465,383579
1558144466,224095
1558144467,367665
1558144468,228130
1558144469,160650
1558144470,317038
1558144471,473835
1558144472,218322
1558144473,378056
1558144474,212411
1558144475,368911
1558144476,212313
1558144477,358965
1558144478,222995
1558144479,154361
1558144480,311695
1558144481,464831
1558144482,215234
1558144483,371796
1558144484,211590
1558144485,368869
1558144486,214761
1558144487,376659
1558144488,203410
1558144489,356796
1558144490,176555
1558144491,330283
1558144492,160573
1558144493,316958
1558144494,477227
1558144495,217768
1558144496,376898
1558144497,202685
1558144498,366095
1558144499,217098
1558144500,375346
1558144501,247778
1558144502,186153
1558144503,339334
1558144504,168057
1558144505,328221
1558144506,64039
1558144507,221936
1558144508,153045
1558144509,312118
1558144510,161431
1558144511,319761
1558144512,477207
1558144513,209485
1558144514,367089
1558144515,218714
1558144516,129198
1558144517,285751
1558144518,445490
1558144519,208762
1558144520,374006
1558144521,215905
1558144522,375225
1558144523,185574
1558144524,343214
1558144525,160711
1558144526,334873
1558144527,164566
1558144528,322469
1558144529,476550
1558144530,213365
1558144531,372152
1558144532,220512
1558144533,375141
1558144534,194649
1558144535,347640
1558144536,176719
1558144537,337267
1558144538,165371
1558144539,320042
1558144540,475370
1558144541,212996
1558144542,376440
1558144543,217802
1558144544,375243
1558144545,187076
1558144546,352281
1558144547,172372
1558144548,348681
1558144549,187200
1558144550,344137
1558144551,165851
1558144552,325062
1558144553,481131
1558144554,223409
1558144555,375670
1558144556,198913
1558144557,355142
1558144558,196851
1558144559,354249
1558144560,182321
1558144561,366212
1558144562,212934
1558144563,365625
1558144564,199883
1558144565,357061
1558144566,193831
1558144567,349578
1558144568,173215
1558144569,327176
1558144570,163625
1558144571,318331
1558144572,476815
1558144573,214722
1558144574,376239
1558144575,229296
1558144576,166076
1558144577,321486
1558144578,479896
1558144579,221440
1558144580,379494
1558144581,214029
1558144582,369115
1558144583,199738
1558144584,358539
1558144585,186335
1558144586,352148
1558144587,180883
1558144588,341622
1558144589,164838
1558144590,323011
1558144591,168872
1558144592,324174
1558144593,478906
1558144594,214173
1558144595,368973
1558144596,223178
1558144597,377247
1558144598,193948
1558144599,347174
1558144600,167988
1558144601,321706
1558144602,163923
1558144603,315077
1558144604,474356
1558144605,198635
1558144606,360634
1558144607,205187
1558144608,365946
1558144609,172224
1558144610,331097
1558144611,161168
1558144612,318144
1558144613,475539
1558144614,216128
1558144615,368871
1558144616,201496
1558144617,353813
1558144618,203840
1558144619,356650
1558144620,192227
1558144621,68640
1558144622,226695
1558144623,182885
1558144624,339221
1558144625,161096
1558144626,317979
1558144627,475160
1558144628,220452
1558144629,67301
1558144630,222203
1558144631,374337
1558144632,215956
1558144633,368939
1558144634,218208
1558144635,372222
1558144636,186123
1558144637,342048
1558144638,173202
1558144639,348469
1558144640,190416
1558144641,344237
1558144642,172780
1558144643,327669
1558144644,162922
1558144645,322449
1558144646,478917
1558144647,220696
1558144648,382354
1558144649,210514
1558144650,145378
1558144651,295007
1558144652,453846
1558144653,200219
1558144654,356787
1558144655,183529
1558144656,344141
1558144657,166713
1558144658,326018
1558144659,480456
1558144660,222027
1558144661,379225
1558144662,218520
1558144663,370507
1558144664,188429
1558144665,342208
1558144666,165879
1558144667,325825
1558144668,69109
1558144669,225128
1558144670,152868
1558144671,306525
1558144672,67224
1558144673,222348
1558144674,133252
1558144675,285340
1558144676,444359
1558144677,232274
1558144678,165132
1558144679,319329
1558144680,477323
1558144681,244907
1558144682,192016
1558144683,171328
1558144684,328746
1558144685,485427
1558144686,217525
1558144687,372659
1558144688,220152
1558144689,374720
1558144690,213454
1558144691,367285
1558144692,210540
1558144693,369916
1558144694,211142
1558144695,363241
1558144696,197953
1558144697,353801
1558144698,186712
1558144699,342869
1558144700,164416
1558144701,318009
1558144702,477027
1558144703,218711
1558144704,374889
1558144705,210940
1558144706,367761
1558144707,194614
1558144708,357408
1558144709,186544
1558144710,348052
1558144711,176844
1558144712,341151
1558144713,159521
1558144714,316012
1558144715,480258
1558144716,222626
1558144717,376773
1558144718,210331
1558144719,365193
1558144720,226097
1558144721,381776
1558144722,213678
1558144723,368598
1558144724,178639
1558144725,339098
1558144726,166040
1558144727,319650
1558144728,478718
1558144729,210799
1558144730,369810
1558144731,211018
1558144732,370204
1558144733,204795
1558144734,365075
1558144735,193946
1558144736,368755
1558144737,215422
1558144738,376873
1558144739,207885
1558144740,365740
1558144741,237901
1558144742,188622
1558144743,342178
1558144744,166278
1558144745,323262
1558144746,479789
1558144747,218028
1558144748,378619
1558144749,211119
1558144750,369042
1558144751,202735
1558144752,337654
1558144753,260643
1558144754,418792
1558144755,159505
1558144756,318732
1558144757,471723
1558144758,216598
1558144759,372736
1558144760,209664
1558144761,365362
1558144762,191398
1558144763,350536
1558144764,188007
1558144765,341200
1558144766,171166
1558144767,324718
1558144768,200112
1558144769,356778
1558144770,188866
1558144771,340895
1558144772,165332
1558144773,325188
1558144774,66604
1558144775,220618
1558144776,129787
1558144777,286112
1558144778,445609
1558144779,227911
1558144780,159274
1558144781,311868
1558144782,470684
1558144783,206143
1558144784,373701
1558144785,218639
1558144786,375635
1558144787,199926
1558144788,360577
1558144789,199736
1558144790,358957
1558144791,171967
1558144792,329394
1558144793,142243
1558144794,301121
1558144795,459210
1558144796,222073
1558144797,375422
1558144798,199040
1558144799,360035
1558144800,226720
1558144801,183378
1558144802,341931
1558144803,163704
1558144804,319835
1558144805,166770
1558144806,322898
1558144807,476505
1558144808,214730
1558144809,373696
1558144810,217759
1558144811,352690
1558144812,223885
1558144813,367115
1558144814,223020
1558144815,375720
1558144816,221740
1558144817,380142
1558144818,216374
1558144819,376888
1558144820,204828
1558144821,356209
1558144822,196125
1558144823,349900
1558144824,176155
1558144825,329364
1558144826,143178
1558144827,321333
1558144828,169860
1558144829,328208
1558144830,485159
1558144831,218748
1558144832,376618
1558144833,218070
1558144834,375146
1558144835,177594
1558144836,336629
1558144837,151009
1558144838,307695
1558144839,443681
1558144840,225797
1558144841,67670
1558144842,224541
1558144843,155895
1558144844,336081
1558144845,172278
1558144846,329945
1558144847,140865
1558144848,299330
1558144849,162349
1558144850,320182
1558144851,472795
1558144852,215623
1558144853,368981
1558144854,208860
1558144855,344031
1558144856,287429
1558144857,441208
1558144858,166075
1558144859,326830
1558144860,489333
1558144861,253014
1558144862,203882
1558144863,356812
1558144864,182380
1558144865,337702
1558144866,175903
1558144867,330673
1558144868,160652
1558144869,320071
1558144870,477937
1558144871,231768
1558144872,169212
1558144873,322293
1558144874,161752
1558144875,317974
1558144876,477706
1558144877,215233
1558144878,372774
1558144879,200745
1558144880,359372
1558144881,191243
1558144882,351808
1558144883,186042
1558144884,343712
1558144885,161935
1558144886,322189
1558144887,151258
1558144888,309131
1558144889,468808
1558144890,219395
1558144891,375948
1558144892,217484
1558144893,372644
1558144894,219951
1558144895,373196
1558144896,190108
1558144897,352152
1558144898,197364
1558144899,354510
1558144900,185916
1558144901,337514
1558144902,161555
1558144903,330376
1558144904,162816
1558144905,315155
1558144906,473392
1558144907,210614
1558144908,374175
1558144909,217504
1558144910,380838
1558144911,206431
1558144912,364362
1558144913,216752
1558144914,155993
1558144915,309728
1558144916,466635
1558144917,207992
1558144918,365525
1558144919,187046
1558144920,353055
1558144921,208033
1558144922,65938
1558144923,218999
1558144924,174293
1558144925,333995
1558144926,165170
1558144927,318826
1558144928,475126
1558144929,206724
1558144930,68362
1558144931,223264
1558144932,287984
1558144933,221223
1558144934,67296
1558144935,238871
1558144936,176498
1558144937,329929
1558144938,163415
1558144939,316515
1558144940,68417
1558144941,222795
1558144942,66764
1558144943,220406
1558144944,377680
1558144945,211648
1558144946,372217
1558144947,213741
1558144948,368403
1558144949,214788
1558144950,377876
1558144951,215467
1558144952,377296
1558144953,213908
1558144954,371748
1558144955,174418
1558144956,330957
1558144957,163950
1558144958,321138
1558144959,477134
1558144960,224397
1558144961,378122
1558144962,228435
1558144963,380910
1558144964,207163
1558144965,358628
1558144966,192904
1558144967,367749
1558144968,207864
1558144969,361891
1558144970,198553
1558144971,355566
1558144972,188597
1558144973,350041
1558144974,179329
1558144975,332576
1558144976,165353
1558144977,317325
1558144978,477789
1558144979,216230
1558144980,378101
1558144981,228681
1558144982,170154
1558144983,361453
1558144984,221434
1558144985,377764
1558144986,195337
1558144987,351912
1558144988,186266
1558144989,338940
1558144990,171094
1558144991,325067
1558144992,484394
1558144993,213935
1558144994,371435
1558144995,199072
1558144996,355848
1558144997,185723
1558144998,344150
1558144999,171626
1558145000,357335
1558145001,214518
1558145002,370461
1558145003,186711
1558145004,344630
1558145005,161609
1558145006,323452
1558145007,477780
1558145008,219060
1558145009,374076
1558145010,200316
1558145011,134456
1558145012,293650
1558145013,446121
1558145014,204120
1558145015,358596
1558145016,192764
1558145017,353261
1558145018,185129
1558145019,338517
1558145020,165017
1558145021,322183
1558145022,478303
1558145023,218823
1558145024,375655
1558145025,199482
1558145026,359529
1558145027,185212
1558145028,135928
1558145029,296573
1558145030,457358
1558145031,210982
1558145032,369669
1558145033,202427
1558145034,365688
1558145035,201084
1558145036,356701
1558145037,187793
1558145038,343867
1558145039,210557
1558145040,372252
1558145041,238247
1558145042,190072
1558145043,344847
1558145044,182727
1558145045,339003
1558145046,164418
1558145047,317788
1558145048,476945
1558145049,214417
1558145050,374260
1558145051,194827
1558145052,355802
1558145053,180058
1558145054,338297
1558145055,190452
1558145056,347275
1558145057,171729
1558145058,329869
1558145059,69034
1558145060,230485
1558145061,165666
1558145062,322540
1558145063,477331
1558145064,216666
1558145065,376255
1558145066,222518
1558145067,375450
1558145068,210425
1558145069,364466
1558145070,180471
1558145071,343324
1558145072,172351
1558145073,325327
1558145074,482803
1558145075,213319
1558145076,379026
1558145077,219034
1558145078,376459
1558145079,196189
1558145080,354374
1558145081,196901
1558145082,359098
1558145083,176505
1558145084,332425
1558145085,69345
1558145086,226966
1558145087,167895
1558145088,326620
1558145089,481472
1558145090,214637
1558145091,383893
1558145092,228298
1558145093,381130
1558145094,217084
1558145095,370861
1558145096,200792
1558145097,354279
1558145098,191754
1558145099,347483
1558145100,171785
1558145101,373814
1558145102,223090
1558145103,378497
1558145104,224741
1558145105,383115
1558145106,207427
1558145107,363596
1558145108,194738
1558145109,371478
1558145110,215110
1558145111,373560
1558145113,364565
1558145114,198313
1558145115,347106
1558145116,179075
1558145117,331119
1558145118,139258
1558145119,293649
1558145120,453810
1558145121,221327
1558145122,381880
1558145123,193324
1558145124,350937
1558145125,217181
1558145126,376026
1558145127,211228
1558145128,369947
1558145129,181038
1558145130,338936
1558145131,163908
1558145132,325499
1558145133,264555
1558145134,220448
1558145135,64640
1558145136,241280
1558145137,192301
1558145138,349340
1558145139,174833
1558145140,333039
1558145141,167478
1558145142,326564
1558145143,65468
1558145144,224657
1558145145,66767
1558145146,224322
1558145147,160961
1558145148,319500
1558145149,472431
1558145150,212666
1558145151,371534
1558145152,238048
1558145153,159962
1558145154,316620
1558145155,470638
1558145156,208305
1558145157,360600
1558145158,219163
1558145159,374907
1558145160,193546
1558145161,145341
1558145162,306642
1558145163,162881
1558145164,319313
1558145165,475008
1558145166,213266
1558145167,365229
1558145168,199718
1558145169,356072
1558145170,199007
1558145171,355145
1558145172,194756
1558145173,351646
1558145174,217219
1558145175,376402
1558145176,207061
1558145177,360877
1558145178,174521
1558145179,331770
1558145180,160821
1558145181,316873
1558145182,475624
1558145183,213767
1558145184,370834
1558145185,219098
1558145186,375826
1558145187,213279
1558145188,371141
1558145189,211633
1558145190,147159
1558145191,307772
1558145192,465243
1558145193,218911
1558145194,372642
1558145195,208506
1558145196,375779
1558145197,209477
1558145198,365817
1558145199,194140
1558145200,352496
1558145201,184768
1558145202,341294
1558145203,175075
1558145204,334523
1558145205,163768
1558145206,337027
1558145207,166263
1558145208,323922
1558145209,480003
1558145210,207649
1558145211,367368
1558145212,208140
1558145213,365384
1558145214,195221
1558145215,348378
1558145216,185781
1558145217,346869
1558145218,178694
1558145219,330890
1558145220,142973
1558145221,332122
1558145222,211582
1558145223,366068
1558145224,200157
1558145225,356047
1558145226,175625
1558145227,345650
1558145228,183862
1558145229,337937
1558145230,163243
1558145231,317988
1558145232,481584
1558145233,225657
1558145234,382613
1558145235,212718
1558145236,369694
1558145237,197424
1558145238,358285
1558145239,192462
1558145240,351231
1558145241,177218
1558145242,336995
1558145243,160123
1558145244,337817
1558145245,171661
1558145246,329661
1558145247,453559
1558145248,226646
1558145249,165927
1558145250,324404
1558145251,477483
1558145252,219884
1558145253,377035
1558145254,200662
1558145255,366623
1558145256,212220
1558145257,365821
1558145258,212187
1558145259,365512
1558145260,215912
1558145261,368820
1558145262,211157
1558145263,368457
1558145264,212498
1558145265,372524
1558145266,220826
1558145267,64420
1558145268,221436
1558145269,64957
1558145270,225746
1558145271,164712
1558145272,326550
1558145273,163914
1558145274,321720
1558145275,474734
1558145276,221514
1558145277,376709
1558145278,197771
1558145279,355674
1558145280,183231
1558145281,156345
1558145282,319299
1558145283,105395
1558145284,256881
1558145285,209056
1558145286,370824
1558145287,215042
1558145288,373113
1558145289,210204
1558145290,368241
1558145291,193851
1558145292,360345
1558145293,191318
1558145294,353326
1558145295,179633
1558145296,337399
1558145297,188942
1558145298,346159
1558145299,179492
1558145300,336703
1558145301,160835
1558145302,323007
1558145303,65680
1558145304,226683
1558145305,161050
1558145306,320014
1558145307,472706
1558145308,214564
1558145309,368443
1558145310,207249
1558145311,362390
1558145312,185808
1558145313,347713
1558145314,187450
1558145315,342203
1558145316,172127
1558145317,325179
1558145318,177697
1558145319,331019
1558145320,163859
1558145321,320572
1558145322,328131
1558145323,221597
1558145324,67413
1558145325,225414
1558145326,67087
1558145327,220383
1558145328,136735
1558145329,303831
1558145330,162334
1558145331,316917
1558145332,477946
1558145333,210078
1558145334,150306
1558145335,304143
1558145336,461367
1558145337,206121
1558145338,362881
1558145339,190504
1558145340,352645
1558145341,222820
1558145342,165966
1558145343,319960
1558145344,332959
1558145345,221390
1558145346,380957
1558145347,221405
1558145348,380497
1558145349,215346
1558145350,372728
1558145351,209731
1558145352,69029
1558145353,220401
1558145354,70595
1558145355,224802
1558145356,163890
1558145357,319813
1558145358,477212
1558145359,209592
1558145360,370104
1558145361,208870
1558145362,71288
1558145363,228445
1558145364,167984
1558145365,320897
1558145366,478877
1558145367,219387
1558145368,381412
1558145369,200615
1558145370,356386
1558145371,171465
1558145372,331076
1558145373,164738
1558145374,325100
1558145375,483490
1558145376,223595
1558145377,376788
1558145378,218398
1558145379,376225
1558145380,199762
1558145381,352334
1558145382,168042
1558145383,335515
1558145384,160914
1558145385,317035
1558145386,475717
1558145387,215988
1558145388,372883
1558145389,208809
1558145390,367758
1558145391,206678
1558145392,360325
1558145393,200692
1558145394,361448
1558145395,211215
1558145396,367985
1558145397,204222
1558145398,362239
1558145399,220831
1558145400,142567
1558145401,326325
1558145402,185949
1558145403,342922
1558145404,169960
1558145405,331918
1558145406,165228
1558145407,319898
1558145408,477701
1558145409,211638
1558145410,371137
1558145411,213058
1558145412,370152
1558145413,197043
1558145414,347749
1558145415,183215
1558145416,339019
1558145417,167240
1558145418,325717
1558145419,156258
1558145420,315200
1558145421,469769
1558145422,231138
1558145423,136976
1558145424,294201
1558145425,452298
1558145426,213123
1558145427,370889
1558145428,214501
1558145429,368992
1558145430,207620
1558145431,360266
1558145432,192395
1558145433,354272
1558145434,180168
1558145435,345805
1558145436,162954
1558145437,315433
1558145438,174347
1558145439,326619
1558145440,164655
1558145441,317170
1558145442,472978
1558145443,220185
1558145444,348885
1558145445,221658
1558145446,66804
1558145447,219455
1558145448,67259
1558145449,222852
1558145450,66732
1558145451,221369
1558145452,68727
1558145453,224731
1558145454,161027
1558145455,320463
1558145456,478779
1558145457,219442
1558145458,374983
1558145459,190658
1558145460,353144
1558145461,215422
1558145462,348383
1558145463,222859
1558145464,163635
1558145465,225529
1558145466,164652
1558145467,317924
1558145468,475299
1558145469,198167
1558145470,147814
1558145471,301801
1558145472,459730
1558145473,209357
1558145474,366547
1558145475,206903
1558145476,367806
1558145477,196186
1558145478,354789
1558145479,174840
1558145480,334404
1558145481,165288
1558145482,324647
1558145483,480010
1558145484,223347
1558145485,381824
1558145486,222931
1558145487,376896
1558145488,192845
1558145489,346203
1558145490,174053
1558145491,343106
1558145492,200812
1558145493,360366
1558145494,194042
1558145495,349207
1558145496,206040
1558145497,360188
1558145498,206394
1558145499,359598
1558145500,174454
1558145501,339620
1558145502,174527
1558145503,338788
1558145504,166155
1558145505,317848
1558145506,479555
1558145507,215501
1558145508,372499
1558145509,209057
1558145510,367727
1558145511,204663
1558145512,361768
1558145513,202193
1558145514,362183
1558145515,184045
1558145516,345105
1558145517,194501
1558145518,352502
1558145519,200294
1558145520,356722
1558145521,215728
1558145522,159603
1558145523,318642
1558145524,474620
1558145525,212115
1558145526,375236
1558145527,198502
1558145528,369510
1558145529,211998
1558145530,371994
1558145531,196289
1558145532,353072
1558145533,198912
1558145534,356827
1558145535,210388
1558145536,371336
1558145537,209012
1558145538,364123
1558145539,207595
1558145540,365750
1558145541,204190
1558145542,361075
1558145543,198407
1558145544,360181
1558145545,192390
1558145546,356724
1558145547,179252
1558145548,336526
1558145549,164611
1558145550,323233
1558145551,478090
1558145552,213436
1558145553,368923
1558145554,225452
1558145555,379927
1558145556,226021
1558145557,381674
1558145558,221560
1558145559,66635
1558145560,226259
1558145561,165589
1558145562,322871
1558145563,67340
1558145564,217051
1558145565,163718
1558145566,324297
1558145567,479023
1558145568,216968
1558145569,369747
1558145570,211012
1558145571,367676
1558145572,215320
1558145573,369662
1558145574,211557
1558145575,365375
1558145576,207388
1558145577,366618
1558145578,212512
1558145579,366775
1558145580,193810
1558145581,172828
1558145582,330534
1558145583,484323
1558145584,251502
1558145585,199836
1558145586,318799
1558145587,220685
1558145588,66319
1558145589,219165
1558145590,67276
1558145591,220731
1558145592,163850
1558145593,320593
1558145594,480084
1558145595,213642
1558145596,372625
1558145597,217742
1558145598,373983
1558145599,198478
1558145600,356474
1558145601,180148
1558145602,354269
1558145603,181682
1558145604,344264
1558145605,172022
1558145606,332793
1558145607,221973
1558145608,321632
1558145609,480307
1558145610,217087
1558145611,370745
1558145612,225361
1558145613,379986
1558145614,224187
1558145615,69248
1558145616,228283
1558145617,163786
1558145618,326522
1558145619,68443
1558145620,228280
1558145621,162791
1558145622,319520
1558145623,474895
1558145624,227512
1558145625,358759
1558145626,225789
1558145627,67277
1558145628,224942
1558145629,380102
1558145630,232117
1558145631,385685
1558145632,223777
1558145633,377196
1558145634,192031
1558145635,359502
1558145636,192569
1558145637,348855
1558145638,166682
1558145639,321128
1558145640,480577
1558145641,249695
1558145642,181045
1558145643,334522
1558145644,169421
1558145645,322223
1558145646,165126
1558145647,323080
1558145648,480114
1558145649,215522
1558145650,375757
1558145651,213716
1558145652,371954
1558145653,177693
1558145654,339040
1558145655,172564
1558145656,331824
1558145657,172206
1558145658,331660
1558145659,65207
1558145660,223925
1558145661,378508
1558145662,219420
1558145663,374322
1558145664,217648
1558145665,371025
1558145666,195036
1558145667,352294
1558145668,189604
1558145669,342569
1558145670,169853
1558145671,320906
1558145672,160411
1558145673,325519
1558145674,138161
1558145675,291611
1558145676,448696
1558145677,221427
1558145678,66047
1558145679,220363
1558145680,379369
1558145681,210111
1558145682,368707
1558145683,204863
1558145684,366768
1558145685,203152
1558145686,360538
1558145687,192943
1558145688,354932
1558145689,211208
1558145690,369510
1558145691,209141
1558145692,367392
1558145693,214667
1558145694,376123
1558145695,190094
1558145696,349391
1558145697,171577
1558145698,330216
1558145699,162790
1558145700,322607
1558145701,173794
1558145702,333313
1558145703,136169
1558145704,298761
1558145705,155830
1558145706,317601
1558145707,472055
1558145708,212806
1558145709,366088
1558145710,213599
1558145711,369223
1558145712,189398
1558145713,344839
1558145714,175658
1558145715,332945
1558145716,67442
1558145717,223936
1558145718,68501
1558145719,221064
1558145720,164525
1558145721,328465
1558145722,447031
1558145723,223818
1558145724,66086
1558145725,222224
1558145726,162632
1558145727,318893
1558145728,478939
1558145729,215089
1558145730,373186
1558145731,219308
1558145732,380068
1558145733,210939
1558145734,368202
1558145735,215322
1558145736,371963
1558145737,204651
1558145738,365567
1558145739,198507
1558145740,356939
1558145741,182246
1558145742,342857
1558145743,175046
1558145744,336366
1558145745,164880
1558145746,322907
1558145747,477763
1558145748,223963
1558145749,376609
1558145750,193876
1558145751,347370
1558145752,204375
1558145753,360329
1558145754,191075
1558145755,346983
1558145756,177199
1558145757,338713
1558145758,172890
1558145759,324738
1558145760,145067
1558145761,328386
1558145762,193873
1558145763,349227
1558145764,175198
1558145765,332838
1558145766,159143
1558145767,311743
1558145768,473898
1558145769,220007
1558145770,379943
1558145771,190052
1558145772,345900
1558145773,185754
1558145774,361479
1558145775,213561
1558145776,372461
1558145777,196882
1558145778,358155
1558145779,205213
1558145780,362093
1558145781,192945
1558145782,351029
1558145783,176309
1558145784,334176
1558145785,166862
1558145786,324605
1558145787,477552
1558145788,222753
1558145789,382128
1558145790,212718
1558145791,369645
1558145792,195589
1558145793,349785
1558145794,176845
1558145795,332717
1558145796,187734
1558145797,340053
1558145798,166647
1558145799,319405
1558145800,478284
1558145801,228255
1558145802,380493
1558145803,207140
1558145804,364852
1558145805,183900
1558145806,348360
1558145807,183162
1558145808,341082
1558145809,176494
1558145810,333262
1558145811,165504
1558145812,325929
1558145813,155863
1558145814,313165
1558145815,469445
1558145816,221244
1558145817,73439
1558145818,223102
1558145819,154806
1558145820,310750
1558145821,173063
1558145822,340088
1558145823,169331
1558145824,322778
1558145825,452884
1558145826,222501
1558145827,153965
1558145828,312926
1558145829,469730
1558145830,222485
1558145831,376365
1558145832,218108
1558145833,371513
1558145834,209622
1558145835,366780
1558145836,199146
1558145837,354927
1558145838,204202
1558145839,361453
1558145840,194434
1558145841,347276
1558145842,177493
1558145843,338107
1558145844,168081
1558145845,333873
1558145846,143605
1558145847,297506
1558145848,164044
1558145849,319995
1558145850,488039
1558145851,221202
1558145852,376490
1558145853,205001
1558145854,366643
1558145855,204327
1558145856,360810
1558145857,203865
1558145858,361913
1558145859,219987
1558145860,377080
1558145861,212110
1558145862,370495
1558145863,207471
1558145864,364524
1558145865,207832
1558145866,367724
1558145867,212886
1558145868,369925
1558145869,180659
1558145870,339756
1558145871,168497
1558145872,327136
1558145873,482083
1558145874,217800
1558145875,166885
1558145876,324811
1558145877,478070
1558145878,224559
1558145879,354590
1558145880,222494
1558145881,186818
1558145882,344517
1558145883,162511
1558145884,355522
1558145885,211518
1558145886,377130
1558145887,212420
1558145888,370834
1558145889,210838
1558145890,370951
1558145891,219103
1558145892,374435
1558145893,214719
1558145894,376955
1558145895,219298
1558145896,382389
1558145897,214696
1558145898,370875
1558145899,214435
1558145900,373973
1558145901,220835
1558145902,379248
1558145903,216908
1558145904,374102
1558145905,189129
1558145906,350708
1558145907,165348
1558145908,323939
1558145909,169553
1558145910,306098
1558145911,476528
1558145912,233893
1558145913,156199
1558145914,313002
1558145915,467786
1558145916,212387
1558145917,368449
1558145918,216413
1558145919,369405
1558145920,189489
1558145921,346406
1558145922,171376
1558145923,325619
1558145924,160974
1558145925,317181
1558145926,64718
1558145927,219162
1558145928,137684
1558145929,303044
1558145930,163474
1558145931,319118
1558145932,477019
1558145933,213137
1558145934,368863
1558145935,206829
1558145936,367298
1558145937,214859
1558145938,375423
1558145939,210052
1558145940,67333
1558145941,252809
1558145942,204329
1558145943,358962
1558145944,183922
1558145945,340665
1558145946,184591
1558145947,334967
1558145948,162337
1558145949,316793
1558145950,475203
1558145951,222474
1558145952,382646
1558145953,211862
1558145954,369504
1558145955,172226
1558145956,334687
1558145957,163140
1558145958,319096
1558145959,476338
1558145960,220518
1558145961,384983
1558145962,208190
1558145963,361106
1558145964,199936
1558145965,354166
1558145966,207922
1558145967,362683
1558145968,190180
1558145969,342772
1558145970,165450
1558145971,321555
1558145972,481878
1558145973,211789
1558145974,369516
1558145975,204522
1558145976,364711
1558145977,213404
1558145978,370985
1558145979,203598
1558145980,360335
1558145981,198799
1558145982,356321
1558145983,190123
1558145984,348454
1558145985,164899
1558145986,336444
1558145987,66519
1558145988,240846
1558145989,181084
1558145990,337692
1558145991,165693
1558145992,323147
1558145993,480625
1558145994,223391
1558145995,376572
1558145996,207914
1558145997,371214
1558145998,207702
1558145999,366645
1558146000,209555
1558146001,158392
1558146002,316430
1558146003,469874
1558146004,232331
1558146005,70057
1558146006,231802
1558146007,164332
1558146008,323120
1558146009,475950
1558146010,222859
1558146011,378588
1558146012,208218
1558146013,369945
1558146014,213669
1558146015,355308
1558146016,227132
1558146017,67978
1558146018,224943
1558146019,157113
1558146020,318477
1558146021,68287
1558146022,227670
1558146023,378629
1558146024,222025
1558146025,379146
1558146026,228531
1558146027,138212
1558146028,295865
1558146029,457796
1558146030,219826
1558146031,379366
1558146032,223217
1558146033,376558
1558146034,186156
1558146035,344106
1558146036,181553
1558146037,346894
1558146038,172979
1558146039,324472
1558146040,159159
1558146041,313485
1558146042,159248
1558146043,311120
1558146044,468925
1558146045,211917
1558146046,373424
1558146047,208516
1558146048,367492
1558146049,210080
1558146050,367200
1558146051,210372
1558146052,376054
1558146053,208774
1558146054,365703
1558146055,203439
1558146056,369682
1558146057,216266
1558146058,375709
1558146059,206586
1558146060,365133
1558146061,228674
1558146062,173126
1558146063,337752
1558146064,175729
1558146065,329050
1558146066,152694
1558146067,312662
1558146068,148310
1558146069,301907
1558146070,458538
1558146071,197702
1558146072,366247
1558146073,188609
1558146074,349745
1558146075,176593
1558146076,334544
1558146077,164238
1558146078,321650
1558146079,167267
1558146080,324668
1558146081,484821
1558146082,213299
1558146083,370124
1558146084,180618
1558146085,337199
1558146086,163627
1558146087,320555
1558146088,150143
1558146089,305514
1558146090,164064
1558146091,319358
1558146092,479760
1558146093,219336
1558146094,377631
1558146095,205910
1558146096,367479
1558146097,200444
1558146098,359089
1558146099,186796
1558146100,344538
1558146101,197753
1558146102,356830
1558146103,180487
1558146104,338166
1558146105,163328
1558146106,322029
1558146107,67171
1558146108,223416
1558146109,379634
1558146110,225342
1558146111,379668
1558146112,237487
1558146113,390708
1558146114,218124
1558146115,67787
1558146116,225916
1558146117,167641
1558146118,325187
1558146119,478749
1558146120,219843
1558146121,167343
1558146122,329375
1558146123,67223
1558146124,224705
1558146125,163283
1558146126,323116
1558146127,480640
1558146128,239604
1558146129,146044
1558146130,305263
1558146131,459895
1558146132,216261
1558146133,372256
1558146134,213249
1558146135,367083
1558146136,201177
1558146137,363450
1558146138,206781
1558146139,371726
1558146140,211412
1558146141,368347
1558146142,206195
1558146143,360747
1558146144,213862
1558146145,368205
1558146146,202639
1558146147,358783
1558146148,195116
1558146149,348103
1558146150,174458
1558146151,330605
1558146152,161866
1558146153,318644
1558146154,476137
1558146155,228066
1558146156,147491
1558146157,304975
1558146158,466327
1558146159,219273
1558146160,387031
1558146161,222308
1558146162,378835
1558146163,224263
1558146164,381864
1558146165,203948
1558146166,365020
1558146167,206085
1558146168,363436
1558146169,189911
1558146170,352711
1558146171,214019
1558146172,373231
1558146173,211822
1558146174,367432
1558146175,206753
1558146176,363004
1558146177,202601
1558146178,360683
1558146179,196643
1558146180,355292
1558146181,218627
1558146182,191196
1558146183,346788
1558146184,204012
1558146185,143544
1558146186,304267
1558146187,65603
1558146188,223453
1558146189,70237
1558146190,223777
1558146191,378008
1558146192,220845
1558146193,380786
1558146194,209328
1558146195,363003
1558146196,192975
1558146197,350090
1558146198,187319
1558146199,346347
1558146200,173377
1558146201,327146
1558146202,162671
1558146203,320816
1558146204,171318
1558146205,324114
1558146206,160598
1558146207,319050
1558146208,479650
1558146209,219397
1558146210,377596
1558146211,216002
1558146212,373924
1558146213,183615
1558146214,341367
1558146215,162686
1558146216,321968
1558146217,477304
1558146218,217043
1558146219,373232
1558146220,231732
1558146221,164250
1558146222,321607
1558146223,478936
1558146224,214869
1558146225,370137
1558146226,209244
1558146227,364572
1558146228,208231
1558146229,362081
1558146230,196489
1558146231,369484
1558146232,214427
1558146233,372850
1558146234,209981
1558146235,364855
1558146236,198414
1558146237,356731
1558146238,187011
1558146239,342798
1558146240,165567
1558146241,353414
1558146242,225730
1558146243,382774
1558146244,216465
1558146245,369306
1558146246,206054
1558146247,378616
1558146248,219462
1558146249,373664
1558146250,210647
1558146251,364742
1558146252,215493
1558146253,377775
1558146254,209417
1558146255,362712
1558146256,171178
1558146257,324534
1558146258,176481
1558146259,329818
1558146260,163105
1558146261,316744
1558146262,473919
1558146263,227215
1558146264,165006
1558146265,320651
1558146266,476856
1558146267,210856
1558146268,119064
1558146269,220515
1558146270,66823
1558146271,220977
1558146272,376955
1558146273,218302
1558146274,383865
1558146275,204992
1558146276,363654
1558146277,191603
1558146278,352841
1558146279,186141
1558146280,345686
1558146281,174877
1558146282,333043
1558146283,134178
1558146284,300305
1558146285,455930
1558146286,222745
1558146287,379897
1558146288,206978
1558146289,67758
1558146290,226262
1558146291,148594
1558146292,307164
1558146293,459958
1558146294,221740
1558146295,379308
1558146296,207488
1558146297,360171
1558146298,188504
1558146299,344369
1558146300,171522
1558146301,358444
1558146302,212050
1558146303,367258
1558146304,214518
1558146305,382134
1558146306,221156
1558146307,63182
1558146308,225636
1558146309,152421
1558146310,324596
1558146311,148275
1558146312,307197
1558146313,462438
1558146314,212693
1558146315,373146
1558146316,225656
1558146317,381574
1558146318,216384
1558146319,370459
1558146320,218938
1558146321,384407
1558146322,222292
1558146323,375862
1558146324,201124
1558146325,357396
1558146326,198646
1558146327,359227
1558146328,192986
1558146329,350028
1558146330,172200
1558146331,327878
1558146332,161377
1558146333,318150
1558146334,479760
1558146335,220265
1558146336,149070
1558146337,316101
1558146338,164018
1558146339,319113
1558146340,477283
1558146341,211299
1558146342,371553
1558146343,214335
1558146344,372119
1558146345,200941
1558146346,358357
1558146347,185735
1558146348,359252
1558146349,201106
1558146350,358963
1558146351,181771
1558146352,340933
1558146353,163186
1558146354,322873
1558146355,479817
1558146356,225147
1558146357,378566
1558146358,214123
1558146359,376359
1558146360,217187
1558146361,172738
1558146362,329901
1558146363,488132
1558146364,218850
1558146365,65931
1558146366,223863
1558146367,158509
1558146368,319088
1558146369,474581
1558146370,222645
1558146371,376504
1558146372,208011
1558146373,364379
1558146374,214445
1558146375,372030
1558146376,206035
1558146377,361185
1558146378,197003
1558146379,351008
1558146380,205624
1558146381,360292
1558146382,188706
1558146383,342266
1558146384,163390
1558146385,323638
1558146386,384558
1558146387,218717
1558146388,71194
1558146389,223910
1558146390,170134
1558146391,334031
1558146392,151423
1558146393,305961
1558146394,461734
1558146395,215089
1558146396,372203
1558146397,200931
1558146398,362133
1558146399,193855
1558146400,357019
1558146401,199671
1558146402,367094
1558146403,210157
1558146404,365123
1558146405,210131
1558146406,367520
1558146407,201058
1558146408,362991
1558146409,197098
1558146410,354779
1558146411,178355
1558146412,340543
1558146413,182718
1558146414,342801
1558146415,167406
1558146416,333548
1558146417,475234
1558146418,225590
1558146419,144723
1558146420,302235
1558146421,165417
1558146422,323665
1558146423,465043
1558146424,226864
1558146425,74154
1558146426,228157
1558146427,171493
1558146428,329319
1558146429,160843
1558146430,319406
1558146431,472403
1558146432,228509
1558146433,381447
1558146434,219835
1558146435,374402
1558146436,208306
1558146437,362589
1558146438,206712
1558146439,363659
1558146440,213620
1558146441,367545
1558146442,195310
1558146443,350741
1558146444,185938
1558146445,339621
1558146446,165869
1558146447,326575
1558146448,159387
1558146449,315298
1558146450,473993
1558146451,216167
1558146452,374835
1558146453,207582
1558146454,365898
1558146455,201939
1558146456,360826
1558146457,195251
1558146458,353237
1558146459,181949
1558146460,340815
1558146461,162842
1558146462,328640
1558146463,66003
1558146464,230257
1558146465,163449
1558146466,323582
1558146467,459705
1558146468,223163
1558146469,153700
1558146470,305893
1558146471,459641
1558146472,207493
1558146473,363041
1558146474,212325
1558146475,366635
1558146476,202467
1558146477,358280
1558146478,186961
1558146479,343909
1558146480,185666
1558146481,68018
1558146482,224716
1558146483,163292
1558146484,322817
1558146485,181126
1558146486,345879
1558146487,178418
1558146488,335261
1558146489,166274
1558146490,325191
1558146491,142746
1558146492,299707
1558146493,455550
1558146494,223091
1558146495,377499
1558146496,193531
1558146497,347391
1558146498,167604
1558146499,333411
1558146500,186568
1558146501,341186
1558146502,181036
1558146503,333541
1558146504,162092
1558146505,326117
1558146506,68994
1558146507,222471
1558146508,161560
1558146509,316589
1558146510,162151
1558146511,317571
1558146512,473899
1558146513,216304
1558146514,372695
1558146515,207109
1558146516,364778
1558146517,203769
1558146518,362087
1558146519,194816
1558146520,352563
1558146521,187842
1558146522,349406
1558146523,178440
1558146524,336390
1558146525,163448
1558146526,320159
1558146527,133342
1558146528,292669
1558146529,67929
1558146530,227287
1558146531,158339
1558146532,317861
1558146533,471743
1558146534,219415
1558146535,373959
1558146536,233185
1558146537,165588
1558146538,324907
1558146539,482020
1558146540,219682
1558146541,174948
1558146542,332935
1558146543,164259
1558146544,321135
1558146545,477319
1558146546,213715
1558146547,379727
1558146548,222610
1558146549,378632
1558146550,222705
1558146551,376179
1558146552,214881
1558146553,368506
1558146554,202342
1558146555,354935
1558146556,173232
1558146557,332997
1558146558,170137
1558146559,334242
1558146560,163415
1558146561,325499
1558146562,161247
1558146563,313562
1558146564,472982
1558146565,214125
1558146566,372095
1558146567,198722
1558146568,357233
1558146569,207558
1558146570,369679
1558146571,209166
1558146572,374182
1558146573,220438
1558146574,382205
1558146575,217707
1558146576,376653
1558146577,220012
1558146578,375510
1558146579,196336
1558146580,355944
1558146581,195322
1558146582,353774
1558146583,178736
1558146584,338886
1558146585,161518
1558146586,324018
1558146587,132592
1558146588,290656
1558146589,449616
1558146590,215047
1558146591,369827
1558146592,208154
1558146593,362625
1558146594,184926
1558146595,342881
1558146596,171263
1558146597,328479
1558146598,159639
1558146599,313146
1558146600,473700
1558146601,239557
1558146602,178668
1558146603,333455
1558146604,161150
1558146605,326395
1558146606,162809
1558146607,323414
1558146608,480781
1558146609,216850
1558146610,380380
1558146611,213034
1558146612,374657
1558146613,216293
1558146614,373726
1558146615,211852
1558146616,371428
1558146617,184206
1558146618,343387
1558146619,162713
1558146620,323960
1558146621,161911
1558146622,320152
1558146623,473145
1558146624,218624
1558146625,372016
1558146626,199274
1558146627,355190
1558146628,185912
1558146629,339281
1558146630,169769
1558146631,322654
1558146632,177579
1558146633,334205
1558146634,162772
1558146635,316966
1558146636,474492
1558146637,216938
1558146638,65998
1558146639,219202
1558146640,166091
1558146641,326372
1558146642,482253
1558146643,218776
1558146644,378528
1558146645,203718
1558146646,359536
1558146647,187099
1558146648,347144
1558146649,167336
1558146650,326985
1558146651,152983
1558146652,310484
1558146653,464908
1558146654,222814
1558146655,376220
1558146656,225107
1558146657,377685
1558146658,221302
1558146659,374845
1558146660,214796
1558146661,181842
1558146662,340891
1558146663,154381
1558146664,310764
1558146665,472638
1558146666,228641
1558146667,383655
1558146668,206633
1558146669,361254
1558146670,202319
1558146671,355035
1558146672,185868
1558146673,337866
1558146674,164492
1558146675,319790
1558146676,480447
1558146677,220266
1558146678,354583
1558146679,228118
1558146680,236177
1558146681,327512
1558146682,159930
1558146683,323096
1558146684,479014
1558146685,213310
1558146686,371309
1558146687,188624
1558146688,352274
1558146689,179000
1558146690,341087
1558146691,161300
1558146692,328586
1558146693,159303
1558146694,315386
1558146695,63156
1558146696,222458
1558146697,135929
1558146698,299162
1558146699,453518
1558146700,217517
1558146701,370465
1558146702,216478
1558146703,369695
1558146704,215515
1558146705,369435
1558146706,212181
1558146707,365065
1558146708,221464
1558146709,375327
1558146710,221046
1558146711,375056
1558146712,208385
1558146713,363494
1558146714,201787
1558146715,359508
1558146716,204859
1558146717,358406
1558146718,179778
1558146719,335456
1558146720,167024
1558146721,352794
1558146722,208618
1558146723,362461
1558146724,208976
1558146725,361651
1558146726,194507
1558146727,356121
1558146728,184336
1558146729,351611
1558146730,184196
1558146731,340916
1558146732,163829
1558146733,316471
1558146734,476645
1558146735,217673
1558146736,377294
1558146737,197829
1558146738,359532
1558146739,187322
1558146740,352146
1558146741,186766
1558146742,342750
1558146743,173456
1558146744,329483
1558146745,162802
1558146746,326667
1558146747,479089
1558146748,224871
1558146749,66293
1558146750,228578
1558146751,166294
1558146752,323791
1558146753,158302
1558146754,318388
1558146755,473377
1558146756,221514
1558146757,376802
1558146758,195331
1558146759,350627
1558146760,188933
1558146761,346894
1558146762,176830
1558146763,330986
1558146764,140512
1558146765,300567
1558146766,135707
1558146767,289656
1558146768,448288
1558146769,207802
1558146770,364948
1558146771,200109
1558146772,365083
1558146773,200559
1558146774,358567
1558146775,176145
1558146776,333437
1558146777,166536
1558146778,326865
1558146779,68731
1558146780,224223
1558146781,195116
1558146782,354190
1558146783,212547
1558146784,373257
1558146785,238890
1558146786,199168
1558146787,357708
1558146788,175067
1558146789,333298
1558146790,162874
1558146791,318883
1558146792,67848
1558146793,222928
1558146794,380298
1558146795,218222
1558146796,376243
1558146797,203931
1558146798,361710
1558146799,189162
1558146800,360658
1558146801,198100
1558146802,354953
1558146803,170002
1558146804,328896
1558146805,70038
1558146806,229257
1558146807,382517
1558146808,231511
1558146809,154695
1558146810,310728
1558146811,74647
1558146812,227582
1558146813,163389
1558146814,320467
1558146815,476041
1558146816,213654
1558146817,370406
1558146818,180484
1558146819,341126
1558146820,166861
1558146821,324213
1558146822,63951
1558146823,219226
1558146824,160340
1558146825,319689
1558146826,477295
1558146827,216270
1558146828,373339
1558146829,195396
1558146830,355602
1558146831,186554
1558146832,344238
1558146833,171205
1558146834,330544
1558146835,487968
1558146836,224131
1558146837,378942
1558146838,213317
1558146839,369427
1558146840,214045
1558146841,182218
1558146842,339814
1558146843,174024
1558146844,332133
1558146845,141799
1558146846,299865
1558146847,456106
1558146848,209509
1558146849,369412
1558146850,203102
1558146851,367831
1558146852,218611
1558146853,370772
1558146854,211775
1558146855,364727
1558146856,206778
1558146857,364706
1558146858,206100
1558146859,375528
1558146860,221304
1558146861,378270
1558146862,228055
1558146863,162558
1558146864,318912
1558146865,473858
1558146866,208741
1558146867,366455
1558146868,213302
1558146869,366680
1558146870,217986
1558146871,374011
1558146872,203392
1558146873,359057
1558146874,190804
1558146875,345821
1558146876,166210
1558146877,322793
1558146878,154327
1558146879,312527
1558146880,66569
1558146881,233680
1558146882,170079
1558146883,322767
1558146884,163835
1558146885,316894
1558146886,484312
1558146887,220857
1558146888,66911
1558146889,226046
1558146890,147377
1558146891,309072
1558146892,133620
1558146893,286905
1558146894,444030
1558146895,204587
1558146896,362767
1558146897,202807
1558146898,363911
1558146899,199584
1558146900,372287
1558146901,245518
1558146902,183614
1558146903,337712
1558146904,165557
1558146905,319555
1558146906,478218
1558146907,227130
1558146908,390045
1558146909,220254
1558146910,68634
1558146911,233755
1558146912,178886
1558146913,333284
1558146914,163736
1558146915,317694
1558146916,476099
1558146917,213614
1558146918,372731
1558146919,215819
1558146920,374572
1558146921,201343
1558146922,367748
1558146923,215889
1558146924,376950
1558146925,197759
1558146926,356475
1558146927,180330
1558146928,344506
1558146929,181762
1558146930,341030
1558146931,165450
1558146932,325046
1558146933,484644
1558146934,224168
1558146935,68167
1558146936,226507
1558146937,136471
1558146938,307244
1558146939,139101
1558146940,308277
1558146941,458165
1558146942,228408
1558146943,381243
1558146944,217836
1558146945,370536
1558146946,183109
1558146947,338885
1558146948,164739
1558146949,334788
1558146950,166969
1558146951,326764
1558146952,132008
1558146953,285629
1558146954,445492
1558146955,206633
1558146956,365555
1558146957,207276
1558146958,364538
1558146959,200293
1558146960,64193
1558146961,247784
1558146962,215204
1558146963,369571
1558146964,207356
1558146965,358192
1558146966,189230
1558146967,351686
1558146968,186003
1558146969,338912
1558146970,163474
1558146971,324245
1558146972,153945
1558146973,308645
1558146974,466649
1558146975,206100
1558146976,367007
1558146977,176743
1558146978,337149
1558146979,161241
1558146980,320810
1558146981,160213
1558146982,324442
1558146983,65957
1558146984,223221
1558146985,64969
1558146986,225433
1558146987,162649
1558146988,327161
1558146989,138073
1558146990,295251
1558146991,454894
1558146992,223504
1558146993,381576
1558146994,220381
1558146995,371800
1558146996,197508
1558146997,350607
1558146998,177317
1558146999,335861
1558147000,164504
1558147001,322278
1558147002,66974
1558147003,226240
1558147004,169441
1558147005,328395
1558147006,162166
1558147007,316709
1558147008,472804
1558147009,208842
1558147010,367620
1558147011,207851
1558147012,368389
1558147013,200784
1558147014,359492
1558147015,205999
1558147016,363949
1558147017,200361
1558147018,358707
1558147019,213891
1558147020,372842
1558147021,242761
1558147022,176512
1558147023,331905
1558147024,160036
1558147025,315224
1558147026,66080
1558147027,222490
1558147028,354843
1558147029,219623
1558147030,141704
1558147031,299439
1558147032,458965
1558147033,219303
1558147034,377169
1558147035,216528
1558147036,375042
1558147037,215907
1558147038,375245
1558147039,210845
1558147040,367741
1558147041,208713
1558147042,377966
1558147043,207470
1558147044,368338
1558147045,183430
1558147046,343772
1558147047,162958
1558147048,323390
1558147049,475468
1558147050,218806
1558147051,374748
1558147052,213686
1558147053,373153
1558147054,202941
1558147055,359593
1558147056,219871
1558147057,374084
1558147058,211177
1558147059,365539
1558147060,181832
1558147061,341677
1558147062,170547
1558147063,326973
1558147064,151218
1558147065,305473
1558147066,464140
1558147067,222056
1558147068,165175
1558147069,319492
1558147070,477442
1558147071,213519
1558147072,373352
1558147073,201926
1558147074,358667
1558147075,176112
1558147076,334002
1558147077,154273
1558147078,313392
1558147079,468420
1558147080,226641
1558147081,157802
1558147082,319358
1558147083,168019
1558147084,326311
1558147085,167208
1558147086,329602
1558147087,205843
1558147088,365991
1558147089,211030
1558147090,368195
1558147091,203631
1558147092,365181
1558147093,198389
1558147094,361689
1558147095,166010
1558147096,324193
1558147097,479765
1558147098,220277
1558147099,380783
1558147100,215848
1558147101,372901
1558147102,199620
1558147103,357901
1558147104,217128
1558147105,375436
1558147106,215371
1558147107,368565
1558147108,188095
1558147109,340267
1558147110,172900
1558147111,328279
1558147112,163478
1558147113,322275
1558147114,479364
1558147115,216845
1558147116,374959
1558147117,196568
1558147118,354337
1558147119,181661
1558147120,340854
1558147121,162173
1558147122,326100
1558147123,68175
1558147124,225408
1558147125,68196
1558147126,245878
1558147127,188023
1558147128,347344
1558147129,169164
1558147130,325537
1558147131,67133
1558147132,232404
1558147133,160074
1558147134,318135
1558147135,470874
1558147136,217869
1558147137,371231
1558147138,217470
1558147139,374533
1558147140,211902
1558147141,75516
1558147142,236594
1558147143,70700
1558147144,229086
1558147145,67520
1558147146,227970
1558147147,67069
1558147148,243060
1558147149,187760
1558147150,345159
1558147151,165018
1558147152,324849
1558147153,67870
1558147154,226071
1558147155,68428
1558147156,226445
1558147157,378308
1558147158,223131
1558147159,151416
1558147160,307592
1558147161,465239
1558147162,212002
1558147163,371443
1558147164,230402
1558147165,379727
1558147166,224976
1558147167,379105
1558147168,225271
1558147169,143535
1558147170,304317
1558147171,459031
1558147172,221565
1558147173,376885
1558147174,219036
1558147175,163687
1558147176,323104
1558147177,475154
1558147178,218796
1558147179,374138
1558147180,227712
1558147181,379471
1558147182,225810
1558147183,378802
1558147184,210087
1558147185,365858
1558147186,201265
1558147187,355572
1558147188,174090
1558147189,328372
1558147190,163415
1558147191,334434
1558147192,164774
1558147193,321588
1558147194,481242
1558147195,218708
1558147196,377449
1558147197,187562
1558147198,347471
1558147199,173285
1558147200,332342
1558147201,201138
1558147202,135062
1558147203,292177
1558147204,452723
1558147205,215708
1558147206,371104
1558147207,213355
1558147208,375342
1558147209,214882
1558147210,373814
1558147211,202487
1558147212,365568
1558147213,219222
1558147214,369486
1558147215,218647
1558147216,375154
1558147217,215576
1558147218,379849
1558147219,209054
1558147220,369513
1558147221,211897
1558147222,370258
1558147223,193225
1558147224,380536
1558147225,210765
1558147226,369033
1558147227,199165
1558147228,358295
1558147229,200697
1558147230,359367
1558147231,187647
1558147232,345208
1558147233,176642
1558147234,354076
1558147235,188087
1558147236,345466
1558147237,166881
1558147238,326201
1558147239,157588
1558147240,319981
1558147241,476065
1558147242,223112
1558147243,379226
1558147244,211041
1558147245,371692
1558147246,212004
1558147247,364913
1558147248,200928
1558147249,355214
1558147250,188407
1558147251,346558
1558147252,180952
1558147253,337203
1558147254,165424
1558147255,321203
1558147256,467712
1558147257,221258
1558147258,66357
1558147259,219799
1558147260,67456
1558147261,263820
1558147262,222574
1558147263,382311
1558147264,193520
1558147265,347223
1558147266,197913
1558147267,372952
1558147268,215638
1558147269,368465
1558147270,195651
1558147271,349972
1558147272,176854
1558147273,330951
1558147274,166661
1558147275,320738
1558147276,477419
1558147277,219357
1558147278,375836
1558147279,197065
1558147280,353085
1558147281,178636
1558147282,338525
1558147283,171127
1558147284,336576
1558147285,164412
1558147286,321040
1558147287,475178
1558147288,212006
1558147289,368493
1558147290,201142
1558147291,357500
1558147292,181651
1558147293,335072
1558147294,210903
1558147295,367209
1558147296,200754
1558147297,355170
1558147298,173718
1558147299,326376
1558147300,165430
1558147301,318660
1558147302,477844
1558147303,213051
1558147304,375088
1558147305,233729
1558147306,164707
1558147307,317115
1558147308,477344
1558147309,202114
1558147310,363701
1558147311,205036
1558147312,362984
1558147313,189854
1558147314,352176
1558147315,171327
1558147316,335404
1558147317,463806
1558147318,226375
1558147319,379174
1558147320,223791
1558147321,212527
1558147322,369054
1558147323,193115
1558147324,357943
1558147325,194072
1558147326,351160
1558147327,184436
1558147328,344571
1558147329,164399
1558147330,320895
1558147331,475403
1558147332,235176
1558147333,143090
1558147334,307029
1558147335,460094
1558147336,217569
1558147337,373981
1558147338,215646
1558147339,371517
1558147340,199610
1558147341,353629
1558147342,175065
1558147343,332305
1558147344,147777
1558147345,299590
1558147346,456814
1558147347,197259
1558147348,160696
1558147349,315839
1558147350,474017
1558147351,219851
1558147352,373276
1558147353,217624
1558147354,166599
1558147355,320615
1558147356,478369
1558147357,209172
1558147358,351108
1558147359,220512
1558147360,385238
1558147361,216751
1558147362,375262
1558147363,210675
1558147364,162985
1558147365,317716
1558147366,475133
1558147367,218417
1558147368,373665
1558147369,218067
1558147370,376839
1558147371,209869
1558147372,368606
1558147373,205798
1558147374,361259
1558147375,209213
1558147376,366963
1558147377,199539
1558147378,354621
1558147379,176462
1558147380,339801
1558147381,193481
1558147382,352792
1558147383,187864
1558147384,345179
1558147385,202040
1558147386,176558
1558147387,332274
1558147388,137927
1558147389,292922
1558147390,452835
1558147391,217453
1558147392,376375
1558147393,187513
1558147394,346518
1558147395,186072
1558147396,364926
1558147397,203552
1558147398,361167
1558147399,195340
1558147400,353049
1558147401,206859
1558147402,366404
1558147403,194798
1558147404,352588
1558147405,182356
1558147406,342561
1558147407,174556
1558147408,331508
1558147409,131792
1558147410,288785
1558147411,442838
1558147412,233204
1558147413,163013
1558147414,321264
1558147415,480071
1558147416,217339
1558147417,357602
1558147418,290871
1558147419,443139
1558147420,197641
1558147421,347796
1558147422,178538
1558147423,337301
1558147424,166985
1558147425,325390
1558147426,482595
1558147427,210330
1558147428,167344
1558147429,322837
1558147430,480599
1558147431,217248
1558147432,375335
1558147433,196036
1558147434,356997
1558147435,197951
1558147436,356171
1558147437,179351
1558147438,337820
1558147439,166371
1558147440,325736
1558147441,179931
1558147442,335241
1558147443,133033
1558147444,290481
1558147445,454080
1558147446,219618
1558147447,372681
1558147448,204605
1558147449,357611
1558147450,202123
1558147451,354801
1558147452,180295
1558147453,334005
1558147454,148909
1558147455,326775
1558147456,172336
1558147457,326269
1558147458,68921
1558147459,223500
1558147460,69218
1558147461,228985
1558147462,140994
1558147463,295129
1558147464,452972
1558147465,216473
1558147466,376778
1558147467,217837
1558147468,374719
1558147469,200285
1558147470,356913
1558147471,179371
1558147472,349990
1558147473,175502
1558147474,338034
1558147475,161443
1558147476,323334
1558147477,478316
1558147478,219902
1558147479,371908
1558147480,192967
1558147481,351042
1558147482,192280
1558147483,356804
1558147484,190851
1558147485,349268
1558147486,193587
1558147487,355872
1558147488,185054
1558147489,339717
1558147490,164007
1558147491,318451
1558147492,160965
1558147493,312784
1558147494,472628
1558147495,210911
1558147496,372319
1558147497,198532
1558147498,358794
1558147499,215244
1558147500,370952
1558147501,238629
1558147502,182531
1558147503,351943
1558147504,214858
1558147505,371255
1558147506,203089
1558147507,355431
1558147508,193116
1558147509,348750
1558147510,177130
1558147511,332391
1558147512,141683
1558147513,315451
1558147514,162159
1558147515,325980
1558147516,158789
1558147517,311491
1558147518,471501
1558147519,204544
1558147520,368224
1558147521,211866
1558147522,368804
1558147523,202720
1558147524,357998
1558147525,213760
1558147526,378420
1558147527,218373
1558147528,376224
1558147529,196234
1558147530,359208
1558147531,200920
1558147532,358634
1558147533,178961
1558147534,337164
1558147535,155169
1558147536,324236
1558147537,162878
1558147538,321188
1558147539,474054
1558147540,209509
1558147541,354491
1558147542,223775
1558147543,357113
1558147544,286954
1558147545,441594
1558147546,188592
1558147547,344792
1558147548,187043
1558147549,339972
1558147550,162490
1558147551,320476
1558147552,477039
1558147553,227343
1558147554,131354
1558147555,285516
1558147556,67087
1558147557,222818
1558147558,167519
1558147559,322302
1558147560,150793
1558147561,335544
1558147562,194292
1558147563,346580
1558147564,182083
1558147565,336310
1558147566,165161
1558147567,326917
1558147568,146753
1558147569,308634
1558147570,66436
1558147571,221046
1558147572,376830
1558147573,216271
1558147574,382432
1558147575,206963
1558147576,371476
1558147577,202512
1558147578,361989
1558147579,208328
1558147580,367455
1558147581,198364
1558147582,352982
1558147583,182874
1558147584,340057
1558147585,164574
1558147586,325280
1558147587,455937
1558147588,225755
1558147589,164240
1558147590,323321
1558147591,478192
1558147592,219554
1558147593,372348
1558147594,219041
1558147595,68198
1558147596,227288
1558147597,69387
1558147598,226166
1558147599,382140
1558147600,221179
1558147601,376338
1558147602,198377
1558147603,351073
1558147604,166229
1558147605,328974
1558147606,163780
1558147607,318634
1558147608,477723
1558147609,201664
1558147610,358429
1558147611,220750
1558147612,376970
1558147613,211282
1558147614,367371
1558147615,182505
1558147616,354492
1558147617,195265
1558147618,350941
1558147619,173387
1558147620,331127
1558147621,189192
1558147622,352163
1558147623,188699
1558147624,345892
1558147625,167932
1558147626,329961
1558147627,185612
1558147628,347308
1558147629,169212
1558147630,328874
1558147631,162030
1558147632,327990
1558147633,137903
1558147634,295000
1558147635,448586
1558147636,204325
1558147637,360000
1558147638,193004
1558147639,349741
1558147640,175109
1558147641,330495
1558147642,160697
1558147643,327115
1558147644,156510
1558147645,311956
1558147646,472665
1558147647,213129
1558147648,374709
1558147649,211519
1558147650,371450
1558147651,212979
1558147652,368808
1558147653,215179
1558147654,369993
1558147655,209764
1558147656,366754
1558147657,181870
1558147658,345067
1558147659,169048
1558147660,339747
1558147661,172462
1558147662,329278
1558147663,136068
1558147664,296897
1558147665,451674
1558147666,222455
1558147667,378158
1558147668,204182
1558147669,361268
1558147670,214434
1558147671,371399
1558147672,210248
1558147673,364057
1558147674,204706
1558147675,360035
1558147676,171582
1558147677,327688
1558147678,148084
1558147679,307693
1558147680,464701
1558147681,241415
1558147682,186047
1558147683,340409
1558147684,168079
1558147685,320455
1558147686,161227
1558147687,320450
1558147688,188183
1558147689,340832
1558147690,166749
1558147691,329124
1558147692,168842
1558147693,324544
1558147694,67576
1558147695,222367
1558147696,168986
1558147697,325741
1558147698,460034
1558147699,220970
1558147700,68169
1558147701,219791
1558147702,175245
1558147703,329716
1558147704,149290
1558147705,308573
1558147706,465530
1558147707,215216
1558147708,163021
1558147709,316981
1558147710,474609
1558147711,204222
1558147712,364891
1558147713,194973
1558147714,354414
1558147715,181809
1558147716,339040
1558147717,166539
1558147718,326997
1558147719,479974
1558147720,224491
1558147721,377409
1558147722,223407
1558147723,378374
1558147724,213386
1558147725,368103
1558147726,216540
1558147727,372562
1558147728,215331
1558147729,367196
1558147730,215825
1558147731,369290
1558147732,183679
1558147733,337243
1558147734,167600
1558147735,333354
1558147736,166054
1558147737,324751
1558147738,482559
1558147739,209986
1558147740,368684
1558147741,238649
1558147742,193600
1558147743,345739
1558147744,164384
1558147745,317226
1558147746,172424
1558147747,327341
1558147748,164377
1558147749,320362
1558147750,479172
1558147751,216274
1558147752,376450
1558147753,206943
1558147754,365480
1558147755,201107
1558147756,356286
1558147757,214001
1558147758,375722
1558147759,209311
1558147760,368796
1558147761,209928
1558147762,148165
1558147763,303430
1558147764,478420
1558147765,207496
1558147766,367844
1558147767,187602
1558147768,346788
1558147769,175627
1558147770,332573
1558147771,161343
1558147772,321367
1558147773,65135
1558147774,227395
1558147775,160917
1558147776,319719
1558147777,474684
1558147778,230657
1558147779,163625
1558147780,323650
1558147781,476780
1558147782,215280
1558147783,368054
1558147784,220330
1558147785,375534
1558147786,190479
1558147787,346975
1558147788,165413
1558147789,335500
1558147790,183599
1558147791,337397
1558147792,166633
1558147793,320045
1558147794,477809
1558147795,216853
1558147796,375717
1558147797,205156
1558147798,362791
1558147799,198683
1558147800,360733
1558147801,224170
1558147802,163392
1558147803,318701
1558147804,477380
1558147805,229298
1558147806,160361
1558147807,315968
1558147808,476429
1558147809,221107
1558147810,378768
1558147811,211903
1558147812,369961
1558147813,207495
1558147814,366355
1558147815,194848
1558147816,355215
1558147817,215187
1558147818,371799
1558147819,218758
1558147820,366211
1558147821,217144
1558147822,373300
1558147823,202095
1558147824,361261
1558147825,191014
1558147826,360112
1558147827,200951
1558147828,362175
1558147829,201917
1558147830,359791
1558147831,198494
1558147832,358316
1558147833,203831
1558147834,361141
1558147835,192345
1558147836,351684
1558147837,206819
1558147838,368637
1558147839,210279
1558147840,368687
1558147841,198801
1558147842,357734
1558147843,192376
1558147844,353522
1558147845,179990
1558147846,337000
1558147847,135094
1558147848,302398
1558147849,146472
1558147850,305245
1558147851,460091
1558147852,219216
1558147853,371030
1558147854,216625
1558147855,369390
1558147856,208529
1558147857,362323
1558147858,198816
1558147859,364412
1558147860,195536
1558147861,133277
1558147862,289956
1558147863,445267
1558147864,205068
1558147865,363389
1558147866,199011
1558147867,352023
1558147868,183626
1558147869,344647
1558147870,211971
1558147871,364821
1558147872,191123
1558147873,345136
1558147874,171307
1558147875,343006
1558147876,176279
1558147877,331048
1558147878,166396
1558147879,322944
1558147880,456543
1558147881,220609
1558147882,64771
1558147883,218721
1558147884,146677
1558147885,303382
1558147886,161075
1558147887,315594
1558147888,475644
1558147889,219524
1558147890,381937
1558147891,229439
1558147892,199281
1558147893,284350
1558147894,443729
1558147895,200264
1558147896,355009
1558147897,189648
1558147898,350796
1558147899,173999
1558147900,336793
1558147901,163302
1558147902,325932
1558147903,155834
1558147904,315927
1558147905,468111
1558147906,213909
1558147907,160758
1558147908,323008
1558147909,476619
1558147910,223845
1558147911,379933
1558147912,216282
1558147913,371000
1558147914,217513
1558147915,371680
1558147916,193936
1558147917,346570
1558147918,182172
1558147919,342156
1558147920,169365
1558147921,354787
1558147922,207957
1558147923,136992
1558147924,293679
1558147925,451062
1558147926,202339
1558147927,358962
1558147928,213241
1558147929,369246
1558147930,209199
1558147931,362440
1558147932,180994
1558147933,336849
1558147934,168144
1558147935,322252
1558147936,479757
1558147937,217766
1558147938,378390
1558147939,224808
1558147940,136777
1558147941,290353
1558147942,448490
1558147943,204163
1558147944,363613
1558147945,194760
1558147946,358255
1558147947,198466
1558147948,357887
1558147949,186371
1558147950,360883
1558147951,209846
1558147952,366577
1558147953,196753
1558147954,354279
1558147955,175783
1558147956,335108
1558147957,162418
1558147958,321789
1558147959,476337
1558147960,218360
1558147961,374659
1558147962,226479
1558147963,378791
1558147964,213858
1558147965,365981
1558147966,198961
1558147967,354106
1558147968,185326
1558147969,341606
1558147970,169186
1558147971,328362
1558147972,165973
1558147973,322150
1558147974,479577
1558147975,218937
1558147976,149542
1558147977,304643
1558147978,443088
1558147979,220760
1558147980,352826
1558147981,254006
1558147982,212621
1558147983,368701
1558147984,191417
1558147985,345948
1558147986,197947
1558147987,172611
1558147988,331560
1558147989,163239
1558147990,322004
1558147991,478063
1558147992,217873
1558147993,375373
1558147994,221651
1558147995,375797
1558147996,214350
1558147997,371061
1558147998,227176
1558147999,380481
1558148000,217344
1558148001,376130
1558148002,204034
1558148003,367715
1558148004,211744
1558148005,366085
1558148006,167964
1558148007,328429
1558148008,115692
1558148009,338523
1558148010,182926
1558148011,338764
1558148012,174744
1558148013,326485
1558148014,164234
1558148015,323174
1558148016,478355
1558148017,216668
1558148018,372498
1558148019,219397
1558148020,64723
1558148021,223540
1558148022,158138
1558148023,311381
1558148024,468486
1558148025,206874
1558148026,362843
1558148027,191667
1558148028,349174
1558148029,167847
1558148030,336859
1558148031,165107
1558148032,323412
1558148033,479516
1558148034,220891
1558148035,380468
1558148036,210157
1558148037,365276
1558148038,213967
1558148039,371211
1558148040,212728
1558148041,156308
1558148042,307779
1558148043,463463
1558148044,201559
1558148045,354306
1558148046,183710
1558148047,337598
1558148048,170801
1558148049,330396
1558148050,164202
1558148051,325250
1558148052,482445
1558148053,222715
1558148054,384274
1558148055,217847
1558148056,376715
1558148057,199851
1558148058,368420
1558148059,215395
1558148060,374045
1558148061,210597
1558148062,371368
1558148063,217301
1558148064,154637
1558148065,221278
1558148066,374871
1558148067,216026
1558148068,375450
1558148069,201237
1558148070,365067
1558148071,194708
1558148072,352088
1558148073,176730
1558148074,331162
1558148075,164425
1558148076,321581
1558148077,475472
1558148078,217644
1558148079,375662
1558148080,227813
1558148081,387281
1558148082,225150
1558148083,379141
1558148084,222372
1558148085,376120
1558148086,200472
1558148087,356175
1558148088,182923
1558148089,340749
1558148090,167593
1558148091,323427
1558148092,482202
1558148093,217672
1558148094,380579
1558148095,210683
1558148096,161614
1558148097,316434
1558148098,474005
1558148099,208710
1558148100,366400
1558148101,223295
1558148102,168534
1558148103,322305
1558148104,481735
1558148105,219083
1558148106,375707
1558148107,219623
1558148108,149816
1558148109,225849
1558148110,164043
1558148111,318668
1558148112,479315
1558148113,213706
1558148114,372290
1558148115,215185
1558148116,372100
1558148117,202535
1558148118,361898
1558148119,200094
1558148120,357941
1558148121,184714
1558148122,345985
1558148123,167822
1558148124,327056
1558148125,161279
1558148126,319030
1558148127,484816
1558148128,215768
1558148129,376000
1558148130,187918
1558148131,345289
1558148132,177139
1558148133,329631
1558148134,147523
1558148135,303736
1558148136,461680
1558148137,210274
1558148138,369382
1558148139,209544
1558148140,374552
1558148141,209801
1558148142,65881
1558148143,216867
1558148144,65526
1558148145,236490
1558148146,180857
1558148147,338609
1558148148,169294
1558148149,323272
1558148150,176869
1558148151,330637
1558148152,165449
1558148153,320359
1558148154,480099
1558148155,209194
1558148156,377099
1558148157,212022
1558148158,368959
1558148159,196024
1558148160,358007
1558148161,229487
1558148162,175190
1558148163,332195
1558148164,163207
1558148165,317061
1558148166,479702
1558148167,221036
1558148168,378728
1558148169,198795
1558148170,360765
1558148171,193155
1558148172,366167
1558148173,183136
1558148174,342613
1558148175,165167
1558148176,323951
1558148177,477434
1558148178,217204
1558148179,361249
1558148180,224892
1558148181,378725
1558148182,229531
1558148183,384559
1558148184,212211
1558148185,366303
1558148186,201006
1558148187,355202
1558148188,210971
1558148189,366342
1558148190,210803
1558148191,364647
1558148192,212626
1558148193,366217
1558148194,202864
1558148195,358865
1558148196,180272
1558148197,335741
1558148198,169570
1558148199,325774
1558148200,167910
1558148201,321845
1558148202,145633
1558148203,308712
1558148204,157469
1558148205,314192
1558148206,471805
1558148207,211911
1558148208,368311
1558148209,214070
1558148210,376612
1558148211,196747
1558148212,354822
1558148213,188699
1558148214,347083
1558148215,168337
1558148216,329287
1558148217,485279
1558148218,221679
1558148219,374913
1558148220,219073
1558148221,172003
1558148222,328138
1558148223,486410
1558148224,215100
1558148225,142925
1558148226,302298
1558148227,459377
1558148228,223846
1558148229,379104
1558148230,196722
1558148231,349717
1558148232,184764
1558148233,341949
1558148234,165869
1558148235,320294
1558148236,481577
1558148237,221078
1558148238,354064
1558148239,222376
1558148240,71299
1558148241,236607
1558148242,170834
1558148243,329977
1558148244,166848
1558148245,320426
1558148246,477155
1558148247,224028
1558148248,386372
1558148249,215829
1558148250,376975
1558148251,197941
1558148252,369500
1558148253,213640
1558148254,372170
1558148255,206157
1558148256,363553
1558148257,205104
1558148258,366914
1558148259,207994
1558148260,370463
1558148261,196125
1558148262,352241
1558148263,200450
1558148264,363585
1558148265,204890
1558148266,362391
1558148267,194011
1558148268,363440
1558148269,205611
1558148270,366599
1558148271,194181
1558148272,352514
1558148273,185289
1558148274,350204
1558148275,184180
1558148276,343527
1558148277,168435
1558148278,326192
1558148279,160084
1558148280,322879
1558148281,191665
1558148282,349860
1558148283,169249
1558148284,332698
1558148285,162583
1558148286,320875
1558148287,196862
1558148288,352805
1558148289,217103
1558148290,375372
1558148291,216495
1558148292,381128
1558148293,216238
1558148294,373615
1558148295,192707
1558148296,356489
1558148297,175116
1558148298,334838
1558148299,167319
1558148300,214440
1558148301,66129
1558148302,228158
1558148303,67773
1558148304,224537
1558148305,381610
1558148306,223585
1558148307,65530
1558148308,221214
1558148309,65384
1558148315,190746
1558148316,345486
1558148317,186361
1558148318,346508
1558148319,176280
1558148320,336214
1558148321,163700
1558148322,322993
1558148323,167039
1558148324,326840
1558148325,480207
1558148326,215915
1558148327,375853
1558148328,231128
1558148329,385957
1558148330,214744
1558148331,371428
1558148332,222857
1558148333,375675
1558148334,223346
1558148335,379659
1558148336,206708
1558148337,360584
1558148338,194107
1558148339,365722
1558148340,208893
1558148341,166310
1558148342,323812
1558148343,477687
1558148344,221637
1558148345,379163
1558148346,210863
1558148347,363670
1558148348,214048
1558148349,371929
1558148350,226599
1558148351,366577
1558148352,223141
1558148353,66587
1558148354,225968
1558148355,164174
1558148356,323271
1558148357,477912
1558148358,214891
1558148359,368265
1558148360,207025
1558148361,376789
1558148362,223649
1558148363,378583
1558148364,211438
1558148365,368511
1558148366,175072
1558148367,330848
1558148368,149400
1558148369,303819
1558148370,462908
1558148371,221034
1558148372,139678
1558148373,296066
1558148374,452290
1558148375,204680
1558148376,364065
1558148377,190058
1558148378,350474
1558148379,170977
1558148380,333454
1558148381,489063
1558148382,223606
1558148383,177573
1558148384,333977
1558148385,165914
1558148386,321737
1558148387,475469
1558148388,209485
1558148389,366685
1558148390,201092
1558148391,356922
1558148392,202698
1558148393,355032
1558148394,211286
1558148395,369066
1558148396,194268
1558148397,347961
1558148398,173073
1558148399,327436
1558148400,154642
1558148401,344901
1558148402,190069
1558148403,341508
1558148404,180924
1558148405,354066
1558148406,192393
1558148407,347106
1558148408,169460
1558148409,324655
1558148410,162295
1558148411,323260
1558148412,481295
1558148413,215922
1558148414,382840
1558148415,211030
1558148416,160708
1558148417,315512
1558148418,471675
1558148419,206090
1558148420,366000
1558148421,208152
1558148422,367733
1558148423,203821
1558148424,361915
1558148425,195567
1558148426,356701
1558148427,189740
1558148428,346956
1558148429,170039
1558148430,327677
1558148431,143797
1558148432,309290
1558148433,152945
1558148434,308983
1558148435,461567
1558148436,220608
1558148437,394183
1558148438,222394
1558148439,376719
1558148440,208467
1558148441,372502
1558148442,207858
1558148443,365641
1558148444,206972
1558148445,370070
1558148446,202005
1558148447,355807
1558148448,202018
1558148449,354913
1558148450,180135
1558148451,337605
1558148452,165603
1558148453,333790
1558148454,167611
1558148455,322120
1558148456,481397
1558148457,212507
1558148458,374188
1558148459,193671
1558148460,349880
1558148461,204403
1558148462,136787
1558148463,291444
1558148464,452549
1558148465,212090
1558148466,372876
1558148467,220816
1558148468,342590
1558148469,287043
1558148470,445615
1558148471,198241
1558148472,352954
1558148473,184579
1558148474,347029
1558148475,189526
1558148476,347142
1558148477,172673
1558148478,337441
1558148479,135670
1558148480,300847
1558148481,449037
1558148482,223568
1558148483,130281
1558148484,288349
1558148485,450951
1558148486,226032
1558148487,377189
1558148488,204323
1558148489,362708
1558148490,196740
1558148491,359644
1558148492,196309
1558148493,358082
1558148494,193385
1558148495,347952
1558148496,184283
1558148497,340140
1558148498,164599
1558148499,317725
1558148500,476837
1558148501,220779
1558148502,382177
1558148503,206243
1558148504,369800
1558148505,209465
1558148506,372950
1558148507,193969
1558148508,352702
1558148509,183592
1558148510,343792
1558148511,168608
1558148512,331371
1558148513,163196
1558148514,322347
1558148515,477337
1558148516,214892
1558148517,374194
1558148518,218311
1558148519,371442
1558148520,205761
1558148521,389379
1558148522,229615
1558148523,64379
1558148524,222973
1558148525,161588
1558148526,320202
1558148527,451007
1558148528,222152
1558148529,64281
1558148530,226984
1558148531,152106
1558148532,314052
1558148533,470009
1558148534,220629
1558148535,377023
1558148536,211098
1558148537,365708
1558148538,204481
1558148539,359634
1558148540,174473
1558148541,332178
1558148542,162387
1558148543,317172
1558148544,149137
1558148545,305886
1558148546,461747
1558148547,211631
1558148548,369146
1558148549,198158
1558148550,362174
1558148551,193287
1558148552,357313
1558148553,190112
1558148554,356242
1558148555,187787
1558148556,354039
1558148557,177482
1558148558,335968
1558148559,161684
1558148560,320511
1558148561,475431
1558148562,224549
1558148563,377850
1558148564,201973
1558148565,358333
1558148566,198573
1558148567,352362
1558148568,181727
1558148569,336005
1558148570,162855
1558148571,320215
1558148572,478398
1558148573,221696
1558148574,380236
1558148575,214980
1558148576,372839
1558148577,179342
1558148578,354499
1558148579,178908
1558148580,345351
1558148581,213271
1558148582,380634
1558148583,219470
1558148584,67279
1558148585,222991
1558148586,163109
1558148587,361530
1558148588,227850
1558148589,387580
1558148590,224368
1558148591,149572
1558148592,310850
1558148593,147411
1558148594,304424
1558148595,460724
1558148596,215959
1558148597,368412
1558148598,207245
1558148599,361994
1558148600,203847
1558148601,358248
1558148602,195914
1558148603,348163
1558148604,174040
1558148605,332301
1558148606,152123
1558148607,317605
1558148608,476921
1558148609,223394
1558148610,379635
1558148611,218192
1558148612,385127
1558148613,217087
1558148614,373969
1558148615,209611
1558148616,368334
1558148617,203698
1558148618,364128
1558148619,202521
1558148620,358438
1558148621,188750
1558148622,349437
1558148623,181554
1558148624,339654
1558148625,164247
1558148626,322397
1558148627,476443
1558148628,219625
1558148629,373037
1558148630,211019
1558148631,373762
1558148632,219363
1558148633,375789
1558148634,223052
1558148635,376826
1558148636,196697
1558148637,351760
1558148638,178386
1558148639,344470
1558148640,167448
1558148641,351583
1558148642,212858
1558148643,365335
1558148644,193222
1558148645,350020
1558148646,184640
1558148647,338188
1558148648,166389
1558148649,323148
1558148650,485827
1558148651,223263
1558148652,71753
1558148653,225414
1558148654,153899
1558148655,323342
1558148656,147214
1558148657,299791
1558148658,150434
1558148659,303869
1558148660,465867
1558148661,209123
1558148662,372485
1558148663,214507
1558148664,372919
1558148665,183294
1558148666,351154
1558148667,179979
1558148668,339534
1558148669,164049
1558148670,321783
1558148671,160315
1558148672,320003
1558148673,476081
1558148674,224299
1558148675,378875
1558148676,215969
1558148677,372493
1558148678,217584
1558148679,372362
1558148680,219382
1558148681,372077
1558148682,220875
1558148683,375967
1558148684,205244
1558148685,360568
1558148686,196931
1558148687,352991
1558148688,194945
1558148689,348822
1558148690,175537
1558148691,332071
1558148692,161773
1558148693,324596
1558148694,130112
1558148695,283332
1558148696,453827
1558148697,217914
1558148698,162308
1558148699,317273
1558148700,474241
1558148701,241059
1558148702,190710
1558148703,349413
1558148704,170310
1558148705,328172
1558148706,462420
1558148707,219314
1558148708,378384
1558148709,222629
1558148710,382453
1558148711,203223
1558148712,360136
1558148713,198754
1558148714,369760
1558148715,217250
1558148716,375877
1558148717,193026
1558148718,360892
1558148719,191229
1558148720,352016
1558148721,172327
1558148722,329915
1558148723,164998
1558148724,320653
1558148725,152298
1558148726,310472
1558148727,468958
1558148728,221965
1558148729,379287
1558148730,216260
1558148731,373621
1558148732,218377
1558148733,376406
1558148734,220180
1558148735,374845
1558148736,210818
1558148737,363846
1558148738,192243
1558148739,350760
1558148740,168093
1558148741,325058
1558148742,481239
1558148743,219967
1558148744,381534
1558148745,212908
1558148746,369204
1558148747,205684
1558148748,364186
1558148749,196724
1558148750,365477
1558148751,196490
1558148752,352923
1558148753,183285
1558148754,339846
1558148755,166681
1558148756,324495
1558148757,479722
1558148758,228408
1558148759,384378
1558148760,220977
1558148761,157313
1558148762,316591
1558148763,67257
1558148764,223412
1558148765,164787
1558148766,324132
1558148767,479458
1558148768,222747
1558148769,382827
1558148770,216440
1558148771,369902
1558148772,186091
1558148773,347540
1558148774,195627
1558148775,352159
1558148776,179475
1558148777,332160
1558148778,166399
1558148779,323905
1558148780,483897
1558148781,213054
1558148782,371446
1558148783,209939
1558148784,368561
1558148785,195786
1558148786,354893
1558148787,208818
1558148788,364217
1558148789,209539
1558148790,376226
1558148791,215347
1558148792,374538
1558148793,205564
1558148794,363018
1558148795,197896
1558148796,354234
1558148797,189780
1558148798,348064
1558148799,183947
1558148800,340670
1558148801,186615
1558148802,344097
1558148803,187366
1558148804,347591
1558148805,189672
1558148806,346326
1558148807,169381
1558148808,328225
1558148809,148518
1558148810,309112
1558148811,462540
1558148812,214001
1558148813,375643
1558148814,209952
1558148815,366093
1558148816,183762
1558148817,350601
1558148818,184017
1558148819,346866
1558148820,189919
1558148821,133018
1558148822,299732
1558148823,454674
1558148824,225792
1558148825,379092
1558148826,200869
1558148827,354892
1558148828,195045
1558148829,351240
1558148830,194942
1558148831,352083
1558148832,180348
1558148833,344544
1558148834,186252
1558148835,355762
1558148836,194452
1558148837,349382
1558148838,188940
1558148839,342270
1558148840,183950
1558148841,335715
1558148842,163635
1558148843,315982
1558148844,143266
1558148845,296486
1558148846,455501
1558148847,213908
1558148848,373141
1558148849,215059
1558148850,375050
1558148851,217228
1558148852,375965
1558148853,201329
1558148854,362669
1558148855,206481
1558148856,374282
1558148857,210174
1558148858,369703
1558148859,200332
1558148860,366874
1558148861,215424
1558148862,372876
1558148863,214361
1558148864,379578
1558148865,218619
1558148866,375420
1558148867,210772
1558148868,369251
1558148869,186012
1558148870,351659
1558148871,180385
1558148872,338314
1558148873,163327
1558148874,325191
1558148875,479611
1558148876,227428
1558148877,382126
1558148878,208130
1558148879,363585
1558148880,194794
1558148881,135036
1558148882,293974
1558148883,454050
1558148884,224828
1558148885,378086
1558148886,214600
1558148887,85665
1558148888,242124
1558148889,182387
1558148890,343555
1558148891,182931
1558148892,341476
1558148893,166091
1558148894,335809
1558148895,164736
1558148896,323515
1558148897,478006
1558148898,220653
1558148899,379407
1558148900,207326
1558148901,360497
1558148902,190611
1558148903,343847
1558148904,176934
1558148905,331927
1558148906,164140
1558148907,324748
1558148908,481433
1558148909,226992
1558148910,384401
1558148911,215126
1558148912,373378
1558148913,206352
1558148914,367100
1558148915,193342
1558148916,350753
1558148917,191894
1558148918,353700
1558148919,191901
1558148920,347834
1558148921,193068
1558148922,351120
1558148923,181699
1558148924,341961
1558148925,166759
1558148926,325424
1558148927,137643
1558148928,297224
1558148929,453100
1558148930,215516
1558148931,370300
1558148932,218462
1558148933,371395
1558148934,222858
1558148935,380895
1558148936,220437
1558148937,373517
1558148938,205240
1558148939,370032
1558148940,218290
1558148941,147214
1558148942,304257
1558148943,464939
1558148944,228492
1558148945,162767
1558148946,321380
1558148947,475562
1558148948,212173
1558148949,368159
1558148950,220180
1558148951,378339
1558148952,193606
1558148953,347867
1558148954,188788
1558148955,351483
1558148956,178311
1558148957,331632
1558148958,135860
1558148959,296912
1558148960,455655
1558148961,219676
1558148962,376974
1558148963,208553
1558148964,367921
1558148965,179161
1558148966,353068
1558148967,193557
1558148968,353015
1558148969,180411
1558148970,339642
1558148971,169336
1558148972,330065
1558148973,156992
1558148974,315915
1558148975,471167
1558148976,212543
1558148977,366888
1558148978,207458
1558148979,360676
1558148980,214091
1558148981,367621
1558148982,226767
1558148983,65796
1558148984,226606
1558148985,153317
1558148986,314100
1558148987,467120
1558148988,221466
1558148989,373716
1558148990,196085
1558148991,351323
1558148992,183340
1558148993,343439
1558148994,170996
1558148995,326162
1558148996,166426
1558148997,321000
1558148998,66641
1558148999,221082
1558149000,70367
1558149001,66336
1558149002,229623
1558149003,162763
1558149004,323314
1558149005,479383
1558149006,214877
1558149007,370261
1558149008,206401
1558149009,363706
1558149010,190126
1558149011,347648
1558149012,171458
1558149013,325996
1558149014,176840
1558149015,336778
1558149016,163464
1558149017,317555
1558149018,476742
1558149019,213216
1558149020,378802
1558149021,212440
1558149022,372530
1558149023,214328
1558149024,372559
1558149025,206333
1558149026,364609
1558149027,191812
1558149028,352463
1558149029,184079
1558149030,355518
1558149031,195060
1558149032,356064
1558149033,180376
1558149034,338440
1558149035,168887
1558149036,326070
1558149037,479106
1558149038,218118
1558149039,376253
1558149040,195750
1558149041,351137
1558149042,167304
1558149043,320625
1558149044,477026
1558149045,217280
1558149046,382707
1558149047,214235
1558149048,374249
1558149049,204886
1558149050,367017
1558149051,201394
1558149052,136319
1558149053,292321
1558149054,449437
1558149055,212171
1558149056,370187
1558149057,209862
1558149058,369287
1558149059,204298
1558149060,362039
1558149061,227552
1558149062,172872
1558149063,330013
1558149064,161166
1558149065,317538
1558149066,64926
1558149067,229843
1558149068,159973
1558149069,315815
1558149070,473847
1558149071,216321
1558149072,372793
1558149073,194916
1558149074,354883
1558149075,183399
1558149076,342822
1558149077,162728
1558149078,321608
1558149079,476726
1558149080,215130
1558149081,369308
1558149082,207016
1558149083,369517
1558149084,214077
1558149085,371296
1558149086,206998
1558149087,360683
1558149088,215594
1558149089,368702
1558149090,199718
1558149091,354560
1558149092,176429
1558149093,340169
1558149094,168129
1558149095,329588
1558149096,487195
1558149097,216938
1558149098,382171
1558149099,210278
1558149100,371818
1558149101,212368
1558149102,371934
1558149103,211060
1558149104,369081
1558149105,214899
1558149106,376202
1558149107,199768
1558149108,354538
1558149109,185884
1558149110,353933
1558149111,196334
1558149112,353952
1558149113,189823
1558149114,348833
1558149115,198948
1558149116,370639
1558149117,204966
1558149118,362697
1558149119,191639
1558149120,352580
1558149121,222521
1558149122,167871
1558149123,326569
1558149124,161240
1558149125,322082
1558149126,162939
1558149127,316514
1558149128,473655
1558149129,213182
1558149130,371897
1558149131,206254
1558149132,367411
1558149133,212195
1558149134,371004
1558149135,211447
1558149136,369902
1558149137,218878
1558149138,380689
1558149139,193848
1558149140,352882
1558149141,186598
1558149142,348108
1558149143,178499
1558149144,335890
1558149145,166894
1558149146,322893
1558149147,394234
1558149148,226545
1558149149,378007
1558149150,218794
1558149151,371327
1558149152,219438
1558149153,375491
1558149154,206041
1558149155,362608
1558149156,196502
1558149157,355171
1558149158,204389
1558149159,360602
1558149160,196991
1558149161,350337
1558149162,171412
1558149163,328749
1558149164,173101
1558149165,329421
1558149166,169154
1558149167,322485
1558149168,481232
1558149169,219542
1558149170,374716
1558149171,188184
1558149172,348465
1558149173,168551
1558149174,328262
1558149175,483542
1558149176,227817
1558149177,385038
1558149178,211219
1558149179,363956
1558149180,226064
1558149181,181470
1558149182,337671
1558149183,160581
1558149184,322871
1558149185,476431
1558149186,223098
1558149187,379797
1558149188,253327
1558149189,185074
1558149190,343729
1558149191,175881
1558149192,337015
1558149193,159754
1558149194,318973
1558149195,474146
1558149196,227193
1558149197,143536
1558149198,306664
1558149199,460069
1558149200,214757
1558149201,158163
1558149202,317200
1558149203,471815
1558149204,211800
1558149205,366596
1558149206,194523
1558149207,133453
1558149208,291359
1558149209,448288
1558149210,217024
1558149211,370159
1558149212,222671
1558149213,374853
1558149214,198927
1558149215,354155
1558149216,172495
1558149217,346017
1558149218,182978
1558149219,334425
1558149220,162628
1558149221,316754
1558149222,474107
1558149223,218525
1558149224,379130
1558149225,198346
1558149226,364588
1558149227,200609
1558149228,359692
1558149229,190709
1558149230,348083
1558149231,166425
1558149232,325335
1558149233,478504
1558149234,222766
1558149235,65565
1558149236,226391
1558149237,163582
1558149238,320459
1558149239,476332
1558149240,214367
1558149241,164906
1558149242,327350
1558149244,284233
1558149245,466690
1558149246,217286
1558149247,65667
1558149248,222640
1558149249,67408
1558149250,240919
1558149251,176134
1558149252,337470
1558149253,162388
1558149254,320625
1558149255,161176
1558149256,323859
1558149257,475959
1558149258,220563
1558149259,374810
1558149260,218812
1558149261,378300
1558149262,192646
1558149263,349429
1558149264,177675
1558149265,341075
1558149266,181389
1558149267,336788
1558149268,164110
1558149269,317501
1558149270,475603
1558149271,211539
1558149272,370752
1558149273,201963
1558149274,358197
1558149275,194759
1558149276,356022
1558149277,208562
1558149278,366193
1558149279,199380
1558149280,354976
1558149281,185053
1558149282,347107
1558149283,177203
1558149284,336658
1558149285,166376
1558149286,335917
1558149287,163715
1558149288,326613
1558149289,478956
1558149290,216806
1558149291,370603
1558149292,211010
1558149293,376797
1558149294,222706
1558149295,380773
1558149296,206373
1558149297,365319
1558149298,202544
1558149299,357591
1558149300,193458
1558149301,368164
1558149302,232060
1558149303,385659
1558149304,227816
1558149305,383733
1558149306,217233
1558149307,371576
1558149308,199433
1558149309,363882
1558149310,204078
1558149311,358016
1558149312,185206
1558149313,342728
1558149314,165217
1558149315,323694
1558149316,152527
1558149317,305691
1558149318,138433
1558149319,291262
1558149320,451727
1558149321,204920
1558149322,362168
1558149323,185481
1558149324,345906
1558149325,194826
1558149326,357960
1558149327,193743
1558149328,350374
1558149329,203950
1558149330,364598
1558149331,210602
1558149332,367106
1558149333,201886
1558149334,358172
1558149335,190955
1558149336,355406
1558149337,191636
1558149338,349342
1558149339,178382
1558149340,337484
1558149341,164139
1558149342,322231
1558149343,475795
1558149344,214635
1558149345,132462
1558149346,304214
1558149347,66577
1558149348,223732
1558149349,377879
1558149350,232767
1558149351,66597
1558149352,228906
1558149353,67822
1558149354,222512
1558149355,67367
1558149356,229503
1558149357,181681
1558149358,340819
1558149359,163552
1558149360,321364
1558149361,176538
1558149362,332520
1558149363,152589
1558149364,308771
1558149365,463478
1558149366,206883
1558149367,364617
1558149368,211372
1558149369,365687
1558149370,193206
1558149371,348419
1558149372,187063
1558149373,341668
1558149374,165972
1558149375,320268
1558149376,479436
1558149377,227635
1558149378,67530
1558149379,224269
1558149380,66673
1558149381,219542
1558149382,153874
1558149383,307550
1558149384,469171
1558149385,214751
1558149386,376276
1558149387,202142
1558149388,371552
1558149389,229590
1558149390,385648
1558149391,220336
1558149392,378664
1558149393,220824
1558149394,377609
1558149395,182435
1558149396,343474
1558149397,166326
1558149398,323860
1558149399,479046
1558149400,222496
1558149401,376701
1558149402,205022
1558149403,359116
1558149404,211610
1558149405,373684
1558149406,206776
1558149407,365607
1558149408,200414
1558149409,356329
1558149410,188289
1558149411,344284
1558149412,163722
1558149413,317745
1558149414,476561
1558149415,217007
1558149416,374897
1558149417,197890
1558149418,355820
1558149419,181267
1558149420,339262
1558149421,200057
1558149422,363924
1558149423,215786
1558149424,372638
1558149425,184954
1558149426,358028
1558149427,204198
1558149428,362545
1558149429,187757
1558149430,349981
1558149431,183507
1558149432,343895
1558149433,169258
1558149434,327090
1558149435,481324
1558149436,213794
1558149437,374200
1558149438,215360
1558149439,370364
1558149440,208584
1558149441,361316
1558149442,193206
1558149443,354819
1558149444,201176
1558149445,353136
1558149446,187800
1558149447,345679
1558149448,176343
1558149449,331054
1558149450,161948
1558149451,315680
1558149452,472648
1558149453,228393
1558149454,385169
1558149455,211186
1558149456,369965
1558149457,209926
1558149458,374303
1558149459,284040
1558149460,440798
1558149461,189406
1558149462,347699
1558149463,177090
1558149464,335701
1558149465,163348
1558149466,320373
1558149467,144630
1558149468,303964
1558149469,166969
1558149470,327006
1558149471,480157
1558149472,213027
1558149473,366371
1558149474,211798
1558149475,372008
1558149476,205794
1558149477,365497
1558149478,209968
1558149479,363549
1558149480,209306
1558149481,161157
1558149482,320359
1558149483,473624
1558149484,216800
1558149485,366142
1558149486,208954
1558149487,363779
1558149488,243479
1558149489,179930
1558149490,340479
1558149491,214785
1558149492,373943
1558149493,193213
1558149494,352697
1558149495,175430
1558149496,333340
1558149497,165504
1558149498,325037
1558149499,479578
1558149500,213979
1558149501,369216
1558149502,223543
1558149503,378658
1558149504,213389
1558149505,367345
1558149506,181706
1558149507,354575
1558149508,204379
1558149509,357014
1558149510,189769
1558149511,343523
1558149512,187312
1558149513,349432
1558149514,180463
1558149515,335390
1558149516,161682
1558149517,319705
1558149518,160180
1558149519,314368
1558149520,470772
1558149521,205347
1558149522,362889
1558149523,225713
1558149524,365152
1558149525,219196
1558149526,358188
1558149527,219642
1558149528,166638
1558149529,324826
1558149530,485227
1558149531,219826
1558149532,67136
1558149533,220196
1558149534,164323
1558149535,317855
1558149536,474998
1558149537,209691
1558149538,372577
1558149539,213713
1558149540,375975
1558149541,213355
1558149542,370135
1558149543,220546
1558149544,381070
1558149545,215604
1558149546,374268
1558149547,206575
1558149548,370134
1558149549,199519
1558149550,365900
1558149551,189847
1558149552,347047
1558149553,172057
1558149554,329050
1558149555,134904
1558149556,292238
1558149557,446259
1558149558,212449
1558149559,365878
1558149560,226149
1558149561,381735
1558149562,215494
1558149563,368496
1558149564,198378
1558149565,355199
1558149566,204108
1558149567,360047
1558149568,196136
1558149569,348166
1558149570,168581
1558149571,324564
1558149572,163826
1558149573,313847
1558149574,470403
1558149575,199602
1558149576,150923
1558149577,305517
1558149578,450547
1558149579,218234
1558149580,376577
1558149581,211006
1558149582,374222
1558149583,207232
1558149584,366328
1558149585,195221
1558149586,353764
1558149587,202614
1558149588,365272
1558149589,179646
1558149590,337520
1558149591,161427
1558149592,319888
1558149593,477412
1558149594,218312
1558149595,373195
1558149596,184625
1558149597,337032
1558149598,209948
1558149599,365107
1558149600,196705
1558149601,67033
1558149602,226370
1558149603,160637
1558149604,321982
1558149605,475132
1558149606,212681
1558149607,366555
1558149608,195618
1558149609,354971
1558149610,198120
1558149611,353657
1558149612,181260
1558149613,335613
1558149614,162650
1558149615,320420
1558149616,67364
1558149617,219186
1558149618,69306
1558149619,228805
1558149620,184557
1558149621,340168
1558149622,163308
1558149623,317100
1558149624,476000
1558149625,210355
1558149626,372690
1558149627,208120
1558149628,367786
1558149629,205546
1558149630,361239
1558149631,198683
1558149632,358231
1558149633,188517
1558149634,345103
1558149635,165487
1558149636,321419
1558149637,479248
1558149638,223464
1558149639,379594
1558149640,217285
1558149641,374120
1558149642,197693
1558149643,350984
1558149644,175843
1558149645,329866
1558149646,166040
1558149647,322668
1558149648,69536
1558149649,222736
1558149650,156970
1558149651,311838
1558149652,468390
1558149653,215126
1558149654,372995
1558149655,181905
1558149656,340197
1558149657,153990
1558149658,336475
1558149659,173777
1558149660,330310
1558149661,182357
1558149662,341182
1558149663,161878
1558149664,326417
1558149665,479655
1558149666,223609
1558149667,379344
1558149668,210401
1558149669,369037
1558149670,209990
1558149671,362325
1558149672,188393
1558149673,341657
1558149674,163522
1558149675,339426
1558149676,173718
1558149677,327929
1558149678,67559
1558149679,226314
1558149680,163181
1558149681,319877
1558149682,477916
1558149683,216121
1558149684,375974
1558149685,204704
1558149686,68280
1558149687,223196
1558149688,380785
1558149689,225121
1558149690,381956
1558149691,218846
1558149692,381206
1558149693,217655
1558149694,372266
1558149695,212675
1558149696,372106
1558149697,178797
1558149698,339676
1558149699,163980
1558149700,320166
1558149701,478564
1558149702,232350
1558149703,159117
1558149704,317236
1558149705,471456
1558149706,209344
1558149707,367496
1558149708,199507
1558149709,356812
1558149710,188335
1558149711,345361
1558149712,175703
1558149713,334158
1558149714,161412
1558149715,352755
1558149716,474766
1558149717,213603
1558149718,165424
1558149719,320922
1558149720,162040
1558149721,348537
1558149722,188217
1558149723,349275
1558149724,197969
1558149725,351705
1558149726,179046
1558149727,335783
1558149728,178996
1558149729,336409
1558149730,177390
1558149731,359816
1558149732,162263
1558149733,314047
1558149734,472991
1558149735,217733
1558149736,374803
1558149737,184424
1558149738,344930
1558149739,176088
1558149740,336434
1558149741,161563
1558149742,320968
1558149743,476933
1558149744,221912
1558149745,374633
1558149746,214276
1558149747,370809
1558149748,209660
1558149749,366628
1558149750,204014
1558149751,370553
1558149752,205324
1558149753,359708
1558149754,192499
1558149755,345492
1558149756,188686
1558149757,345678
1558149758,174820
1558149759,330824
1558149760,164287
1558149761,317699
1558149762,478210
1558149763,217996
1558149764,375452
1558149765,209165
1558149766,370965
1558149767,216954
1558149768,373977
1558149769,183039
1558149770,345736
1558149771,185668
1558149772,353895
1558149773,186757
1558149774,345657
1558149775,163159
1558149776,326082
1558149777,482850
1558149778,222341
1558149779,378565
1558149780,211190
1558149781,186143
1558149782,341542
1558149783,162701
1558149784,319130
1558149785,472157
1558149786,219300
1558149787,371684
1558149788,257258
1558149789,213742
1558149790,372279
1558149791,214862
1558149792,377611
1558149793,222624
1558149794,380456
1558149795,212268
1558149796,371972
1558149797,206289
1558149798,364690
1558149799,194646
1558149800,353491
1558149801,175351
1558149802,332912
1558149803,133182
1558149804,305488
1558149805,71421
1558149806,226745
1558149807,69200
1558149808,226917
1558149809,177668
1558149810,334511
1558149811,136226
1558149812,295737
1558149813,456910
1558149814,228906
1558149815,359088
1558149816,225255
1558149817,374387
1558149818,224562
1558149819,147750
1558149820,315373
1558149821,137887
1558149822,296232
1558149823,449493
1558149824,210895
1558149825,367071
1558149826,204080
1558149827,357085
1558149828,181889
1558149829,338726
1558149830,171483
1558149831,339869
1558149832,171442
1558149833,325660
1558149834,160839
1558149835,315638
1558149836,474271
1558149837,215676
1558149838,372070
1558149839,198129
1558149840,359227
1558149841,238499
1558149842,204583
1558149843,359383
1558149844,194107
1558149845,347849
1558149846,176183
1558149847,339069
1558149848,169312
1558149849,323696
1558149850,163927
1558149851,319983
1558149852,162846
1558149853,317028
1558149854,475621
1558149855,219743
1558149856,380070
1558149857,215797
1558149858,66276
1558149859,220905
1558149860,355922
1558149861,216705
1558149862,141454
1558149863,304418
1558149864,131686
1558149865,284118
1558149866,442174
1558149867,207553
1558149868,374763
1558149869,216483
1558149870,377074
1558149871,204819
1558149872,366627
1558149873,199934
1558149874,366321
1558149875,200304
1558149876,360120
1558149877,192373
1558149878,351372
1558149879,202277
1558149880,361037
1558149881,194845
1558149882,355592
1558149883,187523
1558149884,360919
1558149885,194644
1558149886,353036
1558149887,179046
1558149888,337137
1558149889,161833
1558149890,324162
1558149891,478507
1558149892,227743
1558149893,381405
1558149894,215172
1558149895,134740
1558149896,291157
1558149897,445927
1558149898,204223
1558149899,361890
1558149900,192888
1558149901,67537
1558149902,230527
1558149903,139350
1558149904,298621
1558149905,450936
1558149906,218211
1558149907,372340
1558149908,193349
1558149909,347056
1558149910,171616
1558149911,348483
1558149912,200362
1558149913,355985
1558149914,186080
1558149915,339937
1558149916,184652
1558149917,338514
1558149918,162238
1558149919,314686
1558149920,477622
1558149921,214264
1558149922,377838
1558149923,218685
1558149924,378761
1558149925,209290
1558149926,369610
1558149927,223824
1558149928,66282
1558149929,222904
1558149930,160167
1558149931,312852
1558149932,472988
1558149933,222292
1558149934,380825
1558149935,204814
1558149936,363281
1558149937,200537
1558149938,359422
1558149939,198774
1558149940,337296
1558149941,183254
1558149942,341020
1558149943,198631
1558149944,356061
1558149945,185479
1558149946,345448
1558149947,164627
1558149948,336421
1558149949,163712
1558149950,325889
1558149951,479943
1558149952,218708
1558149953,374560
1558149954,223026
1558149955,378010
1558149956,218788
1558149957,374854
1558149958,210683
1558149959,364924
1558149960,191947
1558149961,64945
1558149962,225110
1558149963,163619
1558149964,333597
1558149965,150232
1558149966,308353
1558149967,464263
1558149968,215321
1558149969,376080
1558149970,209553
1558149971,364636
1558149972,214948
1558149973,65278
1558149974,220152
1558149975,159868
1558149976,318876
1558149977,472649
1558149978,212466
1558149979,366211
1558149980,215187
1558149981,369387
1558149982,206713
1558149983,363497
1558149984,196750
1558149985,353338
1558149986,179571
1558149987,332165
1558149988,168979
1558149989,323099
1558149990,165661
1558149991,329958
1558149992,166911
1558149993,316517
1558149994,481884
1558149995,217885
1558149996,376277
1558149997,209962
1558149998,365467
1558149999,187228
1558150000,350261
1558150001,182654
1558150002,341909
1558150003,165475
1558150004,328323
1558150005,481258
1558150006,231668
1558150007,162060
1558150008,320224
1558150009,473357
1558150010,217171
1558150011,372724
1558150012,200182
1558150013,368279
1558150014,208510
1558150015,365821
1558150016,204169
1558150017,368059
1558150018,216509
1558150019,370996
1558150020,213334
1558150021,170168
1558150022,336017
1558150023,157802
1558150024,320789
1558150025,474831
1558150026,222841
1558150027,377054
1558150028,201124
1558150029,365101
1558150030,197271
1558150031,361047
1558150032,203399
1558150033,358223
1558150034,205051
1558150035,358313
1558150036,178691
1558150037,334367
1558150038,165206
1558150039,323273
1558150040,162163
1558150041,320776
1558150042,69997
1558150043,225934
1558150044,160331
1558150045,315052
1558150046,470785
1558150047,203105
1558150048,361832
1558150049,180089
1558150050,339422
1558150051,165471
1558150052,323662
1558150053,477977
1558150054,219449
1558150055,382980
1558150056,208330
1558150057,363394
1558150058,215047
1558150059,367458
1558150060,193223
1558150061,353592
1558150062,183592
1558150063,342434
1558150064,175901
1558150065,328341
1558150066,68878
1558150067,224065
1558150068,165130
1558150069,319931
1558150070,477017
1558150071,210941
1558150072,355982
1558150073,224848
1558150074,67134
1558150075,220676
1558150076,67984
1558150077,221229
1558150078,174793
1558150079,331072
1558150080,166123
1558150081,352126
1558150082,197786
1558150083,366469
1558150084,215946
1558150085,369662
1558150086,188912
1558150087,344361
1558150088,169033
1558150089,358216
1558150090,223614
1558150091,381459
1558150092,203842
1558150093,357085
1558150094,226980
1558150095,65088
1558150096,223183
1558150097,138317
1558150098,294462
1558150099,451680
1558150100,217112
1558150101,375320
1558150102,200075
1558150103,353583
1558150104,187343
1558150105,339730
1558150106,169097
1558150107,323117
1558150108,143408
1558150109,297082
1558150110,458601
1558150111,224021
1558150112,64318
1558150113,220061
1558150114,145640
1558150115,302911
1558150116,146945
1558150117,301326
1558150118,459988
1558150119,208687
1558150120,366107
1558150121,213847
1558150122,377842
1558150123,203282
1558150124,363146
1558150125,145408
1558150126,337988
1558150127,177472
1558150128,336739
1558150129,162523
1558150130,319918
1558150131,476235
1558150132,236240
1558150133,163365
1558150134,318867
1558150135,474056
1558150136,213072
1558150137,368428
1558150138,213595
1558150139,367128
1558150140,200890
1558150141,147734
1558150142,301787
1558150143,84259
1558150144,222669
1558150145,143447
1558150146,298954
1558150147,452042
1558150148,225628
1558150149,67168
1558150150,223321
1558150151,381733
1558150152,222687
1558150153,375997
1558150154,215952
1558150155,371056
1558150156,210645
1558150157,365239
1558150158,202493
1558150159,358703
1558150160,187610
1558150161,345427
1558150162,165000
1558150163,319221
1558150164,141911
1558150165,300011
1558150166,455474
1558150167,203250
1558150168,362483
1558150169,221358
1558150170,354376
1558150171,219938
1558150172,133761
1558150173,288179
1558150174,450059
1558150175,221251
1558150176,378975
1558150177,201507
1558150178,360034
1558150179,183788
1558150180,361363
1558150181,207274
1558150182,366028
1558150183,203847
1558150184,362703
1558150185,217234
1558150186,375146
1558150187,179718
1558150188,336970
1558150189,69915
1558150190,226573
1558150191,103203
1558150192,226180
1558150193,68317
1558150194,227405
1558150195,71883
1558150196,252760
1558150197,194141
1558150198,355452
1558150199,174554
1558150200,331002
1558150201,192452
1558150202,354479
1558150203,172933
1558150204,332874
1558150205,166752
1558150206,325671
1558150207,143555
1558150208,296469
1558150209,449322
1558150210,202937
1558150211,361109
1558150212,188147
1558150213,342562
1558150214,176347
1558150215,333217
1558150216,142895
1558150217,295977
1558150218,457987
1558150219,210128
1558150220,365284
1558150221,199527
1558150222,360040
1558150223,201708
1558150224,358715
1558150225,184931
1558150226,342813
1558150227,163964
1558150228,327867
1558150229,478211
1558150230,221449
1558150231,374874
1558150232,207663
1558150233,364252
1558150234,197700
1558150235,350820
1558150236,177632
1558150237,329735
1558150238,160453
1558150239,339554
1558150240,171976
1558150241,325868
1558150242,153727
1558150243,308527
1558150244,470675
1558150245,239987
1558150246,157815
